# Generated on Fri Sep  3 13:47:25 2021 by yr2369.
# This file was created by PDFgui.
#S 1
#L r  Gtrunc  Gdiff  Gcalc
1.99 -0.268713 2.50872 -2.77744
2 -0.274256 2.63907 -2.91333
2.01 -0.279316 2.76347 -3.04279
2.02 -0.283849 2.88123 -3.16508
2.03 -0.287812 2.99167 -3.27949
2.04 -0.291165 3.09413 -3.3853
2.05 -0.293867 3.18798 -3.48184
2.06 -0.295872 3.2726 -3.56847
2.07 -0.297155 3.34741 -3.64457
2.08 -0.297685 3.41186 -3.70954
2.09 -0.297434 3.46543 -3.76286
2.1 -0.296375 3.50764 -3.80401
2.11 -0.294485 3.53805 -3.83254
2.12 -0.291746 3.55628 -3.84803
2.13 -0.28814 3.56197 -3.85011
2.14 -0.283657 3.55481 -3.83847
2.15 -0.278285 3.53456 -3.81284
2.16 -0.272021 3.501 -3.77302
2.17 -0.264862 3.454 -3.71886
2.18 -0.256812 3.39344 -3.65025
2.19 -0.247876 3.31929 -3.56716
2.2 -0.238055 3.23156 -3.46961
2.21 -0.227365 3.13031 -3.35767
2.22 -0.215832 3.01566 -3.23149
2.23 -0.203477 2.88778 -3.09126
2.24 -0.190325 2.74691 -2.93723
2.25 -0.176405 2.59332 -2.76972
2.26 -0.16175 2.42735 -2.5891
2.27 -0.146396 2.24938 -2.39578
2.28 -0.130382 2.05987 -2.19025
2.29 -0.113751 1.85928 -1.97303
2.3 -0.0965463 1.64817 -1.74472
2.31 -0.0788175 1.42711 -1.50593
2.32 -0.0606148 1.19672 -1.25733
2.33 -0.0419912 0.957663 -0.999654
2.34 -0.0230017 0.710645 -0.733647
2.35 -0.00369948 0.456404 -0.460103
2.36 0.0158513 0.195701 -0.17985
2.37 0.0355897 -0.0706673 0.106257
2.38 0.0554544 -0.34188 0.397335
2.39 0.0753832 -0.617094 0.692477
2.4 0.0953133 -0.895447 0.99076
2.41 0.115182 -1.17606 1.29124
2.42 0.134925 -1.45805 1.59297
2.43 0.15448 -1.74052 1.895
2.44 0.173785 -2.02256 2.19635
2.45 0.192777 -2.30329 2.49606
2.46 0.211397 -2.5818 2.79319
2.47 0.229584 -2.8572 3.08679
2.48 0.24728 -3.12863 3.37591
2.49 0.264428 -3.39521 3.65964
2.5 0.280966 -3.65612 3.93709
2.51 0.29685 -3.91052 4.20737
2.52 0.312032 -4.15762 4.46965
2.53 0.326464 -4.39665 4.72311
2.54 0.340104 -4.62687 4.96697
2.55 0.352911 -4.84758 5.20049
2.56 0.364848 -5.05812 5.42297
2.57 0.375882 -5.25785 5.63374
2.58 0.385982 -5.44621 5.83219
2.59 0.395123 -5.62264 6.01776
2.6 0.403282 -5.78666 6.18994
2.61 0.41044 -5.93782 6.34826
2.62 0.416583 -6.07573 6.49231
2.63 0.421699 -6.20005 6.62175
2.64 0.42577 -6.31049 6.73626
2.65 0.428799 -6.40681 6.83561
2.66 0.430793 -6.48882 6.91961
2.67 0.431758 -6.55639 6.98815
2.68 0.431703 -6.60944 7.04114
2.69 0.430642 -6.64795 7.07859
2.7 0.428592 -6.67194 7.10053
2.71 0.425572 -6.68149 7.10707
2.72 0.421607 -6.67675 7.09836
2.73 0.416725 -6.65789 7.07462
2.74 0.410957 -6.62515 7.03611
2.75 0.404335 -6.57881 6.98314
2.76 0.396897 -6.51918 6.91608
2.77 0.388682 -6.44666 6.83534
2.78 0.379732 -6.36164 6.74137
2.79 0.370079 -6.26459 6.63467
2.8 0.359782 -6.15599 6.51578
2.81 0.348891 -6.03637 6.38526
2.82 0.337455 -5.90626 6.24372
2.83 0.325524 -5.76627 6.0918
2.84 0.313151 -5.617 5.93015
2.85 0.300388 -5.45909 5.75948
2.86 0.287289 -5.29318 5.58047
2.87 0.273908 -5.11996 5.39387
2.88 0.260299 -4.9401 5.2004
2.89 0.246514 -4.7543 5.00081
2.9 0.232608 -4.56326 4.79587
2.91 0.218632 -4.36769 4.58632
2.92 0.204639 -4.1683 4.37294
2.93 0.190679 -3.96578 4.15646
2.94 0.176803 -3.76085 3.93765
2.95 0.163058 -3.55419 3.71725
2.96 0.14949 -3.34648 3.49597
2.97 0.136142 -3.1384 3.27454
2.98 0.123056 -2.93058 3.05364
2.99 0.110271 -2.72368 2.83395
3 0.0978237 -2.51829 2.61611
3.01 0.0857483 -2.315 2.40075
3.02 0.0740761 -2.11438 2.18846
3.03 0.0628357 -1.91697 1.9798
3.04 0.0520529 -1.72326 1.77531
3.05 0.0417504 -1.53373 1.57548
3.06 0.0319477 -1.34882 1.38076
3.07 0.0226615 -1.16894 1.1916
3.08 0.0139124 -0.994458 1.00837
3.09 0.00570667 -0.825717 0.831423
3.1 -0.00195127 -0.66302 0.661069
3.11 -0.00905741 -0.506633 0.497576
3.12 -0.0156107 -0.356787 0.341176
3.13 -0.0216131 -0.213672 0.192059
3.14 -0.0270694 -0.0774455 0.0503761
3.15 -0.0319873 0.0517738 -0.0837611
3.16 -0.036377 0.173902 -0.210279
3.17 -0.0402514 0.288891 -0.329143
3.18 -0.043626 0.396727 -0.440353
3.19 -0.0465183 0.497429 -0.543948
3.2 -0.0489483 0.591049 -0.639997
3.21 -0.0509377 0.677669 -0.728606
3.22 -0.0525097 0.757401 -0.809911
3.23 -0.0536842 0.830392 -0.884076
3.24 -0.0544951 0.8968 -0.951295
3.25 -0.0549707 0.956817 -1.01179
3.26 -0.0551403 1.01066 -1.0658
3.27 -0.055034 1.05855 -1.11359
3.28 -0.0546829 1.10076 -1.15544
3.29 -0.0541182 1.13754 -1.19166
3.3 -0.0533717 1.1692 -1.22257
3.31 -0.0524752 1.19601 -1.24849
3.32 -0.0514605 1.2183 -1.26976
3.33 -0.050359 1.23638 -1.28674
3.34 -0.0492018 1.25058 -1.29978
3.35 -0.0480193 1.26121 -1.30923
3.36 -0.0468409 1.26862 -1.31546
3.37 -0.0456959 1.27313 -1.31883
3.38 -0.0446124 1.27507 -1.31968
3.39 -0.0436162 1.27477 -1.31839
3.4 -0.042732 1.27255 -1.31528
3.41 -0.0419829 1.26871 -1.3107
3.42 -0.0413901 1.26358 -1.30497
3.43 -0.0409734 1.25743 -1.2984
3.44 -0.0407504 1.25056 -1.29131
3.45 -0.0407369 1.24323 -1.28397
3.46 -0.0409466 1.23571 -1.27665
3.47 -0.0413912 1.22822 -1.26961
3.48 -0.0420802 1.22101 -1.26309
3.49 -0.0430209 1.21427 -1.25729
3.5 -0.0442185 1.20819 -1.25241
3.51 -0.0456759 1.20296 -1.24863
3.52 -0.047398 1.19871 -1.24611
3.53 -0.0493803 1.19559 -1.24497
3.54 -0.0516183 1.19371 -1.24533
3.55 -0.0541065 1.19317 -1.24728
3.56 -0.0568373 1.19405 -1.25088
3.57 -0.0598012 1.1964 -1.2562
3.58 -0.0629868 1.20027 -1.26325
3.59 -0.0663812 1.20567 -1.27205
3.6 -0.0699695 1.21262 -1.28259
3.61 -0.0737356 1.22109 -1.29483
3.62 -0.0776617 1.23106 -1.30872
3.63 -0.081729 1.24249 -1.32421
3.64 -0.0859174 1.2553 -1.34122
3.65 -0.0902058 1.26944 -1.35965
3.66 -0.0945724 1.28481 -1.37938
3.67 -0.0989947 1.30131 -1.40031
3.68 -0.103448 1.31885 -1.4223
3.69 -0.107909 1.33729 -1.4452
3.7 -0.112354 1.35652 -1.46887
3.71 -0.116758 1.37639 -1.49315
3.72 -0.121097 1.39678 -1.51788
3.73 -0.125349 1.41754 -1.54289
3.74 -0.129489 1.43852 -1.56801
3.75 -0.133494 1.45956 -1.59306
3.76 -0.137342 1.48053 -1.61788
3.77 -0.141011 1.50127 -1.64228
3.78 -0.144482 1.52163 -1.66612
3.79 -0.147733 1.54147 -1.6892
3.8 -0.150747 1.56063 -1.71138
3.81 -0.153504 1.57899 -1.73249
3.82 -0.155987 1.5964 -1.75239
3.83 -0.158184 1.61275 -1.77093
3.84 -0.160082 1.6279 -1.78798
3.85 -0.16167 1.64174 -1.80341
3.86 -0.162937 1.65416 -1.8171
3.87 -0.163877 1.66507 -1.82895
3.88 -0.164481 1.67438 -1.83886
3.89 -0.164747 1.68201 -1.84675
3.9 -0.16467 1.68788 -1.85255
3.91 -0.164249 1.69193 -1.85618
3.92 -0.163485 1.69413 -1.85761
3.93 -0.162381 1.69441 -1.8568
3.94 -0.16094 1.69277 -1.85371
3.95 -0.159168 1.68916 -1.84833
3.96 -0.157067 1.6836 -1.84066
3.97 -0.15465 1.67606 -1.83071
3.98 -0.15193 1.66656 -1.81849
3.99 -0.148917 1.65512 -1.80403
4 -0.145626 1.64175 -1.78737
