# Generated on Fri Sep  3 13:51:09 2021 by yr2369.
# This file was created by PDFgui.
#S 1
#L r  Gtrunc  Gdiff  Gcalc
1.99 -0.268713 3.00804 -3.27676
2 -0.274256 3.19339 -3.46765
2.01 -0.279316 3.37344 -3.65275
2.02 -0.283849 3.54725 -3.8311
2.03 -0.287812 3.71391 -4.00172
2.04 -0.291165 3.87252 -4.16368
2.05 -0.293867 4.02218 -4.31604
2.06 -0.295872 4.16203 -4.4579
2.07 -0.297155 4.29121 -4.58837
2.08 -0.297685 4.40891 -4.7066
2.09 -0.297434 4.51434 -4.81178
2.1 -0.296375 4.60675 -4.90313
2.11 -0.294485 4.68544 -4.97992
2.12 -0.291746 4.74972 -5.04147
2.13 -0.28814 4.799 -5.08714
2.14 -0.283657 4.8327 -5.11635
2.15 -0.278285 4.8503 -5.12859
2.16 -0.272021 4.85136 -5.12338
2.17 -0.264862 4.83546 -5.10033
2.18 -0.256812 4.80229 -5.0591
2.19 -0.247876 4.75155 -4.99942
2.2 -0.238055 4.68306 -4.92111
2.21 -0.227365 4.59666 -4.82403
2.22 -0.215832 4.49229 -4.70812
2.23 -0.203477 4.36993 -4.5734
2.24 -0.190325 4.22965 -4.41997
2.25 -0.176405 4.07158 -4.24799
2.26 -0.16175 3.89594 -4.05769
2.27 -0.146396 3.703 -3.84939
2.28 -0.130382 3.49309 -3.62347
2.29 -0.113751 3.26664 -3.38039
2.3 -0.0965463 3.02412 -3.12067
2.31 -0.0788175 2.76608 -2.84489
2.32 -0.0606148 2.49312 -2.55374
2.33 -0.0419912 2.20592 -2.24791
2.34 -0.0230017 1.9052 -1.9282
2.35 -0.00369948 1.59175 -1.59545
2.36 0.0158513 1.26641 -1.25056
2.37 0.0355897 0.930069 -0.894479
2.38 0.0554544 0.583654 -0.5282
2.39 0.0753832 0.228149 -0.152766
2.4 0.0953133 -0.135426 0.230739
2.41 0.115182 -0.506017 0.621199
2.42 0.134925 -0.882537 1.01746
2.43 0.15448 -1.26387 1.41835
2.44 0.173785 -1.64889 1.82267
2.45 0.192777 -2.03643 2.2292
2.46 0.211397 -2.42532 2.63671
2.47 0.229584 -2.81439 3.04397
2.48 0.24728 -3.20245 3.44973
2.49 0.264428 -3.58832 3.85274
2.5 0.280966 -3.97083 4.25179
2.51 0.29685 -4.3488 4.64565
2.52 0.312032 -4.72108 5.03311
2.53 0.326464 -5.08653 5.41299
2.54 0.340104 -5.44403 5.78413
2.55 0.352911 -5.7925 6.14541
2.56 0.364848 -6.13088 6.49573
2.57 0.375882 -6.45815 6.83403
2.58 0.385982 -6.77332 7.1593
2.59 0.395123 -7.07546 7.47058
2.6 0.403282 -7.36368 7.76696
2.61 0.41044 -7.63712 8.04756
2.62 0.416583 -7.89501 8.31159
2.63 0.421699 -8.1366 8.5583
2.64 0.42577 -8.36123 8.787
2.65 0.428799 -8.56828 8.99708
2.66 0.430793 -8.75719 9.18798
2.67 0.431758 -8.92746 9.35921
2.68 0.431703 -9.07867 9.51037
2.69 0.430642 -9.21046 9.6411
2.7 0.428592 -9.32255 9.75114
2.71 0.425572 -9.41471 9.84028
2.72 0.421607 -9.48678 9.90839
2.73 0.416725 -9.53869 9.95541
2.74 0.410957 -9.57041 9.98136
2.75 0.404335 -9.582 9.98633
2.76 0.396897 -9.57357 9.97047
2.77 0.388682 -9.54532 9.934
2.78 0.379732 -9.49749 9.87722
2.79 0.370079 -9.43041 9.80048
2.8 0.359782 -9.34443 9.70421
2.81 0.348891 -9.23998 9.58887
2.82 0.337455 -9.11756 9.45502
2.83 0.325524 -8.97772 9.30324
2.84 0.313151 -8.82103 9.13418
2.85 0.300388 -8.64816 8.94854
2.86 0.287289 -8.45978 8.74707
2.87 0.273908 -8.25663 8.53053
2.88 0.260299 -8.03947 8.29977
2.89 0.246514 -7.80912 8.05563
2.9 0.232608 -7.5664 7.79901
2.91 0.218632 -7.31219 7.53082
2.92 0.204639 -7.04737 7.25201
2.93 0.190679 -6.77286 6.96354
2.94 0.176803 -6.48957 6.66637
2.95 0.163058 -6.19845 6.3615
2.96 0.14949 -5.90044 6.04993
2.97 0.136142 -5.5965 5.73265
2.98 0.123056 -5.28759 5.41065
2.99 0.110271 -4.97466 5.08493
3 0.0978237 -4.65866 4.75648
3.01 0.0857483 -4.34052 4.42626
3.02 0.0740761 -4.02117 4.09524
3.03 0.0628357 -3.70152 3.76436
3.04 0.0520529 -3.38247 3.43452
3.05 0.0417504 -3.06487 3.10662
3.06 0.0319477 -2.74958 2.78153
3.07 0.0226615 -2.43741 2.46007
3.08 0.0139124 -2.12914 2.14305
3.09 0.00570667 -1.82552 1.83123
3.1 -0.00195127 -1.52728 1.52533
3.11 -0.00905741 -1.23509 1.22604
3.12 -0.0156107 -0.949606 0.933996
3.13 -0.0216131 -0.671419 0.649806
3.14 -0.0270694 -0.401092 0.374023
3.15 -0.0319873 -0.139144 0.107157
3.16 -0.036377 0.113952 -0.150329
3.17 -0.0402514 0.357766 -0.398017
3.18 -0.043626 0.591913 -0.635539
3.19 -0.0465183 0.816055 -0.862574
3.2 -0.0489483 1.0299 -1.07885
3.21 -0.0509377 1.23319 -1.28413
3.22 -0.0525097 1.42574 -1.47825
3.23 -0.0536842 1.60738 -1.66106
3.24 -0.0544951 1.77799 -1.83248
3.25 -0.0549707 1.93751 -1.99248
3.26 -0.0551403 2.08589 -2.14103
3.27 -0.055034 2.22316 -2.2782
3.28 -0.0546829 2.34937 -2.40405
3.29 -0.0541182 2.4646 -2.51872
3.3 -0.0533717 2.56898 -2.62235
3.31 -0.0524752 2.66267 -2.71515
3.32 -0.0514605 2.74587 -2.79733
3.33 -0.050359 2.81879 -2.86915
3.34 -0.0492018 2.8817 -2.93091
3.35 -0.0480193 2.93488 -2.9829
3.36 -0.0468409 2.97864 -3.02548
3.37 -0.0456959 3.01331 -3.059
3.38 -0.0446124 3.03923 -3.08384
3.39 -0.0436162 3.05678 -3.1004
3.4 -0.042732 3.06635 -3.10909
3.41 -0.0419829 3.06835 -3.11033
3.42 -0.0413901 3.06317 -3.10456
3.43 -0.0409734 3.05126 -3.09223
3.44 -0.0407504 3.03303 -3.07379
3.45 -0.0407369 3.00894 -3.04968
3.46 -0.0409466 2.97943 -3.02037
3.47 -0.0413912 2.94493 -2.98632
3.48 -0.0420802 2.90589 -2.94797
3.49 -0.0430209 2.86276 -2.90578
3.5 -0.0442185 2.81597 -2.86019
3.51 -0.0456759 2.76595 -2.81163
3.52 -0.047398 2.71314 -2.76054
3.53 -0.0493803 2.65794 -2.70732
3.54 -0.0516183 2.60078 -2.6524
3.55 -0.0541065 2.54204 -2.59614
3.56 -0.0568373 2.4821 -2.53894
3.57 -0.0598012 2.42135 -2.48115
3.58 -0.0629868 2.36013 -2.42312
3.59 -0.0663812 2.29879 -2.36517
3.6 -0.0699695 2.23764 -2.30761
3.61 -0.0737356 2.17701 -2.25075
3.62 -0.0776617 2.11717 -2.19483
3.63 -0.081729 2.0584 -2.14013
3.64 -0.0859174 2.00096 -2.08687
3.65 -0.0902058 1.94507 -2.03527
3.66 -0.0945724 1.89095 -1.98553
3.67 -0.0989947 1.83881 -1.9378
3.68 -0.103448 1.78882 -1.89226
3.69 -0.107909 1.74113 -1.84904
3.7 -0.112354 1.6959 -1.80825
3.71 -0.116758 1.65324 -1.77
3.72 -0.121097 1.61326 -1.73435
3.73 -0.125349 1.57604 -1.70139
3.74 -0.129489 1.54165 -1.67114
3.75 -0.133494 1.51016 -1.64365
3.76 -0.137342 1.48158 -1.61892
3.77 -0.141011 1.45595 -1.59696
3.78 -0.144482 1.43327 -1.57775
3.79 -0.147733 1.41352 -1.56125
3.8 -0.150747 1.39669 -1.54744
3.81 -0.153504 1.38274 -1.53625
3.82 -0.155987 1.37163 -1.52761
3.83 -0.158184 1.36328 -1.52146
3.84 -0.160082 1.35763 -1.51771
3.85 -0.16167 1.35459 -1.51626
3.86 -0.162937 1.35407 -1.51701
3.87 -0.163877 1.35597 -1.51985
3.88 -0.164481 1.36018 -1.52466
3.89 -0.164747 1.36658 -1.53132
3.9 -0.16467 1.37504 -1.53971
3.91 -0.164249 1.38543 -1.54968
3.92 -0.163485 1.39761 -1.56109
3.93 -0.162381 1.41144 -1.57382
3.94 -0.16094 1.42677 -1.58771
3.95 -0.159168 1.44344 -1.60261
3.96 -0.157067 1.46131 -1.61838
3.97 -0.15465 1.48021 -1.63486
3.98 -0.15193 1.49998 -1.65191
3.99 -0.148917 1.52045 -1.66936
4 -0.145626 1.54144 -1.68707
