# Generated on Thu Sep  2 17:11:22 2021 by yr2369.
# This file was created by PDFgui.
#S 1
#L r  Gtrunc  Gdiff  Gcalc
1.99 -0.268713 2.0094 -2.27812
2 -0.274256 2.08475 -2.359
2.01 -0.279316 2.15351 -2.43282
2.02 -0.283849 2.21522 -2.49907
2.03 -0.287812 2.26944 -2.55725
2.04 -0.291165 2.31575 -2.60692
2.05 -0.293867 2.35378 -2.64765
2.06 -0.295872 2.38317 -2.67905
2.07 -0.297155 2.40361 -2.70077
2.08 -0.297685 2.41481 -2.71249
2.09 -0.297434 2.41651 -2.71395
2.1 -0.296375 2.40852 -2.7049
2.11 -0.294485 2.39067 -2.68516
2.12 -0.291746 2.36284 -2.65458
2.13 -0.28814 2.32493 -2.61307
2.14 -0.283657 2.27692 -2.56058
2.15 -0.278285 2.21881 -2.49709
2.16 -0.272021 2.15065 -2.42267
2.17 -0.264862 2.07253 -2.33739
2.18 -0.256812 1.98459 -2.2414
2.19 -0.247876 1.88702 -2.1349
2.2 -0.238055 1.78005 -2.01811
2.21 -0.227365 1.66396 -1.89132
2.22 -0.215832 1.53904 -1.75487
2.23 -0.203477 1.40564 -1.60912
2.24 -0.190325 1.26417 -1.4545
2.25 -0.176405 1.11505 -1.29146
2.26 -0.16175 0.95875 -1.1205
2.27 -0.146396 0.795768 -0.942164
2.28 -0.130382 0.626639 -0.757021
2.29 -0.113751 0.451926 -0.565677
2.3 -0.0965463 0.272221 -0.368767
2.31 -0.0788175 0.0881377 -0.166955
2.32 -0.0606148 -0.0996856 0.0390708
2.33 -0.0419912 -0.290592 0.248601
2.34 -0.0230017 -0.483909 0.460907
2.35 -0.00369948 -0.678945 0.675246
2.36 0.0158513 -0.875011 0.890862
2.37 0.0355897 -1.0714 1.10699
2.38 0.0554544 -1.26741 1.32287
2.39 0.0753832 -1.46234 1.53772
2.4 0.0953133 -1.65547 1.75078
2.41 0.115182 -1.84611 1.96129
2.42 0.134925 -2.03356 2.16849
2.43 0.15448 -2.21716 2.37164
2.44 0.173785 -2.39624 2.57002
2.45 0.192777 -2.57015 2.76293
2.46 0.211397 -2.73827 2.94967
2.47 0.229584 -2.90002 3.1296
2.48 0.24728 -3.05481 3.30209
2.49 0.264428 -3.20211 3.46653
2.5 0.280966 -3.34141 3.62238
2.51 0.29685 -3.47224 3.76909
2.52 0.312032 -3.59416 3.90619
2.53 0.326464 -3.70677 4.03323
2.54 0.340104 -3.80971 4.14981
2.55 0.352911 -3.90266 4.25557
2.56 0.364848 -3.98536 4.35021
2.57 0.375882 -4.05756 4.43345
2.58 0.385982 -4.1191 4.50508
2.59 0.395123 -4.16982 4.56494
2.6 0.403282 -4.20964 4.61293
2.61 0.41044 -4.23852 4.64896
2.62 0.416583 -4.25645 4.67304
2.63 0.421699 -4.26349 4.68519
2.64 0.42577 -4.25974 4.68551
2.65 0.428799 -4.24534 4.67413
2.66 0.430793 -4.22045 4.65125
2.67 0.431758 -4.18532 4.61708
2.68 0.431703 -4.14021 4.57191
2.69 0.430642 -4.08543 4.51607
2.7 0.428592 -4.02132 4.44992
2.71 0.425572 -3.94828 4.37385
2.72 0.421607 -3.86672 4.28833
2.73 0.416725 -3.7771 4.19382
2.74 0.410957 -3.67989 4.09085
2.75 0.404335 -3.57561 3.97995
2.76 0.396897 -3.46479 3.86169
2.77 0.388682 -3.348 3.73668
2.78 0.379732 -3.22579 3.60552
2.79 0.370079 -3.09878 3.46886
2.8 0.359782 -2.96756 3.32735
2.81 0.348891 -2.83275 3.18164
2.82 0.337455 -2.69496 3.03242
2.83 0.325524 -2.55483 2.88035
2.84 0.313151 -2.41297 2.72612
2.85 0.300388 -2.27002 2.57041
2.86 0.287289 -2.12659 2.41388
2.87 0.273908 -1.98329 2.2572
2.88 0.260299 -1.84073 2.10103
2.89 0.246514 -1.69948 1.946
2.9 0.232608 -1.56012 1.79273
2.91 0.218632 -1.42319 1.64182
2.92 0.204639 -1.28922 1.49386
2.93 0.190679 -1.15871 1.34939
2.94 0.176803 -1.03213 1.20893
2.95 0.163058 -0.90993 1.07299
2.96 0.14949 -0.792522 0.942012
2.97 0.136142 -0.680287 0.816429
2.98 0.123056 -0.573573 0.696629
2.99 0.110271 -0.472692 0.582963
3 0.0978237 -0.377917 0.475741
3.01 0.0857483 -0.289487 0.375235
3.02 0.0740761 -0.207599 0.281675
3.03 0.0628357 -0.132411 0.195247
3.04 0.0520529 -0.0640443 0.116097
3.05 0.0417504 -0.0025773 0.0443277
3.06 0.0319477 0.0519494 -0.0200017
3.07 0.0226615 0.0995349 -0.0768734
3.08 0.0139124 0.140224 -0.126312
3.09 0.00570667 0.17409 -0.168383
3.1 -0.00195127 0.201241 -0.203192
3.11 -0.00905741 0.221827 -0.230885
3.12 -0.0156107 0.236033 -0.251644
3.13 -0.0216131 0.244074 -0.265688
3.14 -0.0270694 0.246201 -0.27327
3.15 -0.0319873 0.242691 -0.274679
3.16 -0.036377 0.233852 -0.270229
3.17 -0.0402514 0.220017 -0.260268
3.18 -0.043626 0.201541 -0.245167
3.19 -0.0465183 0.178803 -0.225322
3.2 -0.0489483 0.1522 -0.201148
3.21 -0.0509377 0.122145 -0.173083
3.22 -0.0525097 0.0890662 -0.141576
3.23 -0.0536842 0.053408 -0.107092
3.24 -0.0544951 0.015611 -0.0701061
3.25 -0.0549707 -0.0238711 -0.0310996
3.26 -0.0551403 -0.0645811 0.00944078
3.27 -0.055034 -0.106061 0.051027
3.28 -0.0546829 -0.147855 0.0931719
3.29 -0.0541182 -0.189511 0.135393
3.3 -0.0533717 -0.230584 0.177213
3.31 -0.0524752 -0.270641 0.218165
3.32 -0.0514605 -0.309256 0.257796
3.33 -0.050359 -0.346023 0.295664
3.34 -0.0492018 -0.380548 0.331346
3.35 -0.0480193 -0.412458 0.364439
3.36 -0.0468409 -0.4414 0.39456
3.37 -0.0456959 -0.467045 0.421349
3.38 -0.0446124 -0.489086 0.444473
3.39 -0.0436162 -0.507243 0.463627
3.4 -0.042732 -0.521263 0.478531
3.41 -0.0419829 -0.53092 0.488937
3.42 -0.0413901 -0.53602 0.49463
3.43 -0.0409734 -0.536398 0.495424
3.44 -0.0407504 -0.531919 0.491169
3.45 -0.0407369 -0.522482 0.481745
3.46 -0.0409466 -0.508016 0.467069
3.47 -0.0413912 -0.488483 0.447092
3.48 -0.0420802 -0.463878 0.421798
3.49 -0.0430209 -0.434226 0.391205
3.5 -0.0442185 -0.399585 0.355366
3.51 -0.0456759 -0.360043 0.314367
3.52 -0.047398 -0.315723 0.268325
3.53 -0.0493803 -0.26677 0.21739
3.54 -0.0516183 -0.21336 0.161742
3.55 -0.0541065 -0.155697 0.10159
3.56 -0.0568373 -0.094008 0.0371707
3.57 -0.0598012 -0.0285484 -0.0312528
3.58 -0.0629868 0.040406 -0.103393
3.59 -0.0663812 0.112558 -0.178939
3.6 -0.0699695 0.187591 -0.257561
3.61 -0.0737356 0.265172 -0.338908
3.62 -0.0776617 0.344952 -0.422614
3.63 -0.081729 0.426568 -0.508297
3.64 -0.0859174 0.509649 -0.595566
3.65 -0.0902058 0.59381 -0.684016
3.66 -0.0945724 0.678665 -0.773238
3.67 -0.0989947 0.76382 -0.862815
3.68 -0.103448 0.84888 -0.952328
3.69 -0.107909 0.93345 -1.04136
3.7 -0.112354 1.01714 -1.12949
3.71 -0.116758 1.09955 -1.21631
3.72 -0.121097 1.18031 -1.30141
3.73 -0.125349 1.25904 -1.38439
3.74 -0.129489 1.33538 -1.46487
3.75 -0.133494 1.40897 -1.54247
3.76 -0.137342 1.47949 -1.61683
3.77 -0.141011 1.5466 -1.68761
3.78 -0.144482 1.61 -1.75448
3.79 -0.147733 1.66941 -1.81715
3.8 -0.150747 1.72457 -1.87532
3.81 -0.153504 1.77523 -1.92874
3.82 -0.155987 1.82118 -1.97717
3.83 -0.158184 1.86222 -2.0204
3.84 -0.160082 1.89817 -2.05825
3.85 -0.16167 1.92888 -2.09055
3.86 -0.162937 1.95425 -2.11719
3.87 -0.163877 1.97417 -2.13805
3.88 -0.164481 1.98858 -2.15306
3.89 -0.164747 1.99743 -2.16218
3.9 -0.16467 2.00072 -2.16539
3.91 -0.164249 1.99844 -2.16269
3.92 -0.163485 1.99065 -2.15413
3.93 -0.162381 1.97739 -2.13977
3.94 -0.16094 1.95877 -2.11971
3.95 -0.159168 1.93488 -2.09405
3.96 -0.157067 1.90588 -2.06295
3.97 -0.15465 1.87191 -2.02656
3.98 -0.15193 1.83314 -1.98507
3.99 -0.148917 1.78979 -1.9387
4 -0.145626 1.74205 -1.88768
