# Generated on Thu Sep  2 17:12:28 2021 by yr2369.
# This file was created by PDFgui.
#S 1
#L r  Gtrunc  Gdiff  Gcalc
1.99 -0.268713 2.51844 -2.78715
2 -0.274256 2.60482 -2.87907
2.01 -0.279316 2.68324 -2.96256
2.02 -0.283849 2.75324 -3.03709
2.03 -0.287812 2.81436 -3.10218
2.04 -0.291165 2.86622 -3.15738
2.05 -0.293867 2.90844 -3.2023
2.06 -0.295872 2.9407 -3.23657
2.07 -0.297155 2.96272 -3.25987
2.08 -0.297685 2.97425 -3.27194
2.09 -0.297434 2.97511 -3.27255
2.1 -0.296375 2.96515 -3.26153
2.11 -0.294485 2.94428 -3.23877
2.12 -0.291746 2.91245 -3.2042
2.13 -0.28814 2.86966 -3.1578
2.14 -0.283657 2.81597 -3.09963
2.15 -0.278285 2.75148 -3.02977
2.16 -0.272021 2.67635 -2.94837
2.17 -0.264862 2.59078 -2.85564
2.18 -0.256812 2.49502 -2.75183
2.19 -0.247876 2.38937 -2.63724
2.2 -0.238055 2.27419 -2.51224
2.21 -0.227365 2.14986 -2.37722
2.22 -0.215832 2.01682 -2.23265
2.23 -0.203477 1.87553 -2.07901
2.24 -0.190325 1.72651 -1.91684
2.25 -0.176405 1.57032 -1.74672
2.26 -0.16175 1.40753 -1.56928
2.27 -0.146396 1.23877 -1.38516
2.28 -0.130382 1.06467 -1.19505
2.29 -0.113751 0.885896 -0.999647
2.3 -0.0965463 0.703152 -0.799698
2.31 -0.0788175 0.517139 -0.595956
2.32 -0.0606148 0.328581 -0.389195
2.33 -0.0419912 0.138212 -0.180203
2.34 -0.0230017 -0.0532251 0.0302234
2.35 -0.00369948 -0.24498 0.241281
2.36 0.0158513 -0.436313 0.452165
2.37 0.0355897 -0.626482 0.662072
2.38 0.0554544 -0.814751 0.870206
2.39 0.0753832 -1.0004 1.07578
2.4 0.0953133 -1.18271 1.27802
2.41 0.115182 -1.36099 1.47617
2.42 0.134925 -1.53457 1.6695
2.43 0.15448 -1.70282 1.8573
2.44 0.173785 -1.8651 2.03888
2.45 0.192777 -2.02083 2.21361
2.46 0.211397 -2.16947 2.38086
2.47 0.229584 -2.31048 2.54007
2.48 0.24728 -2.44341 2.69069
2.49 0.264428 -2.56781 2.83224
2.5 0.280966 -2.6833 2.96426
2.51 0.29685 -2.78952 3.08637
2.52 0.312032 -2.88619 3.19822
2.53 0.326464 -2.97304 3.2995
2.54 0.340104 -3.04988 3.38999
2.55 0.352911 -3.11656 3.46947
2.56 0.364848 -3.17298 3.53783
2.57 0.375882 -3.21909 3.59497
2.58 0.385982 -3.2549 3.64088
2.59 0.395123 -3.28046 3.67558
2.6 0.403282 -3.29587 3.69916
2.61 0.41044 -3.30131 3.71175
2.62 0.416583 -3.29696 3.71354
2.63 0.421699 -3.28309 3.70479
2.64 0.42577 -3.26 3.68577
2.65 0.428799 -3.22803 3.65683
2.66 0.430793 -3.18757 3.61836
2.67 0.431758 -3.13903 3.57079
2.68 0.431703 -3.08289 3.51459
2.69 0.430642 -3.01963 3.45027
2.7 0.428592 -2.94979 3.37838
2.71 0.425572 -2.87392 3.29949
2.72 0.421607 -2.79262 3.21423
2.73 0.416725 -2.70649 3.12321
2.74 0.410957 -2.61615 3.02711
2.75 0.404335 -2.52225 2.92658
2.76 0.396897 -2.42544 2.82233
2.77 0.388682 -2.32638 2.71506
2.78 0.379732 -2.22574 2.60547
2.79 0.370079 -2.12421 2.49428
2.8 0.359782 -2.02242 2.3822
2.81 0.348891 -1.92105 2.26994
2.82 0.337455 -1.82073 2.15819
2.83 0.325524 -1.72211 2.04763
2.84 0.313151 -1.6258 1.93895
2.85 0.300388 -1.5324 1.83279
2.86 0.287289 -1.44249 1.72978
2.87 0.273908 -1.35661 1.63052
2.88 0.260299 -1.27528 1.53558
2.89 0.246514 -1.19898 1.44549
2.9 0.232608 -1.12816 1.36077
2.91 0.218632 -1.06324 1.28188
2.92 0.204639 -1.00459 1.20923
2.93 0.190679 -0.952541 1.14322
2.94 0.176803 -0.907373 1.08418
2.95 0.163058 -0.869332 1.03239
2.96 0.14949 -0.838614 0.988104
2.97 0.136142 -0.815369 0.951511
2.98 0.123056 -0.799697 0.922753
2.99 0.110271 -0.791652 0.901923
3 0.0978237 -0.791238 0.889061
3.01 0.0857483 -0.798412 0.88416
3.02 0.0740761 -0.813081 0.887157
3.03 0.0628357 -0.835108 0.897943
3.04 0.0520529 -0.864305 0.916358
3.05 0.0417504 -0.900443 0.942194
3.06 0.0319477 -0.943247 0.975195
3.07 0.0226615 -0.992399 1.01506
3.08 0.0139124 -1.04754 1.06145
3.09 0.00570667 -1.10826 1.11397
3.1 -0.00195127 -1.17416 1.1722
3.11 -0.00905741 -1.24475 1.23569
3.12 -0.0156107 -1.31954 1.30393
3.13 -0.0216131 -1.39801 1.3764
3.14 -0.0270694 -1.47961 1.45254
3.15 -0.0319873 -1.56377 1.53178
3.16 -0.036377 -1.6499 1.61352
3.17 -0.0402514 -1.73739 1.69714
3.18 -0.043626 -1.82563 1.782
3.19 -0.0465183 -1.91399 1.86747
3.2 -0.0489483 -2.00184 1.95289
3.21 -0.0509377 -2.08855 2.03761
3.22 -0.0525097 -2.17349 2.12098
3.23 -0.0536842 -2.25604 2.20235
3.24 -0.0544951 -2.33557 2.28108
3.25 -0.0549707 -2.4115 2.35653
3.26 -0.0551403 -2.48323 2.42809
3.27 -0.055034 -2.55019 2.49516
3.28 -0.0546829 -2.61185 2.55717
3.29 -0.0541182 -2.66768 2.61356
3.3 -0.0533717 -2.71719 2.66382
3.31 -0.0524752 -2.75992 2.70744
3.32 -0.0514605 -2.79543 2.74397
3.33 -0.050359 -2.82335 2.77299
3.34 -0.0492018 -2.84331 2.79411
3.35 -0.0480193 -2.855 2.80698
3.36 -0.0468409 -2.85815 2.81131
3.37 -0.0456959 -2.85252 2.80683
3.38 -0.0446124 -2.83794 2.79332
3.39 -0.0436162 -2.81425 2.77063
3.4 -0.042732 -2.78136 2.73863
3.41 -0.0419829 -2.73923 2.69725
3.42 -0.0413901 -2.68785 2.64646
3.43 -0.0409734 -2.62727 2.5863
3.44 -0.0407504 -2.55757 2.51682
3.45 -0.0407369 -2.47889 2.43815
3.46 -0.0409466 -2.39141 2.35047
3.47 -0.0413912 -2.29537 2.25397
3.48 -0.0420802 -2.19101 2.14893
3.49 -0.0430209 -2.07866 2.03564
3.5 -0.0442185 -1.95866 1.91444
3.51 -0.0456759 -1.83141 1.78573
3.52 -0.047398 -1.69731 1.64992
3.53 -0.0493803 -1.55684 1.50746
3.54 -0.0516183 -1.41048 1.35886
3.55 -0.0541065 -1.25874 1.20463
3.56 -0.0568373 -1.10216 1.04532
3.57 -0.0598012 -0.94131 0.881509
3.58 -0.0629868 -0.776775 0.713788
3.59 -0.0663812 -0.609155 0.542774
3.6 -0.0699695 -0.439068 0.369099
3.61 -0.0737356 -0.267141 0.193405
3.62 -0.0776617 -0.0940076 0.0163459
3.63 -0.081729 0.0796923 -0.161421
3.64 -0.0859174 0.253318 -0.339235
3.65 -0.0902058 0.426231 -0.516437
3.66 -0.0945724 0.597798 -0.69237
3.67 -0.0989947 0.767393 -0.866387
3.68 -0.103448 0.934403 -1.03785
3.69 -0.107909 1.09823 -1.20614
3.7 -0.112354 1.25828 -1.37064
3.71 -0.116758 1.41401 -1.53077
3.72 -0.121097 1.56487 -1.68596
3.73 -0.125349 1.71033 -1.83568
3.74 -0.129489 1.84993 -1.97942
3.75 -0.133494 1.98318 -2.11668
3.76 -0.137342 2.10968 -2.24702
3.77 -0.141011 2.22902 -2.37003
3.78 -0.144482 2.34084 -2.48532
3.79 -0.147733 2.44482 -2.59255
3.8 -0.150747 2.54067 -2.69142
3.81 -0.153504 2.62815 -2.78166
3.82 -0.155987 2.70705 -2.86304
3.83 -0.158184 2.7772 -2.93538
3.84 -0.160082 2.83847 -2.99855
3.85 -0.16167 2.89076 -3.05243
3.86 -0.162937 2.93404 -3.09698
3.87 -0.163877 2.96829 -3.13217
3.88 -0.164481 2.99355 -3.15803
3.89 -0.164747 3.00987 -3.17461
3.9 -0.16467 3.01737 -3.18204
3.91 -0.164249 3.01619 -3.18044
3.92 -0.163485 3.00651 -3.16999
3.93 -0.162381 2.98853 -3.15092
3.94 -0.16094 2.96252 -3.12346
3.95 -0.159168 2.92872 -3.08789
3.96 -0.157067 2.88747 -3.04454
3.97 -0.15465 2.83907 -2.99372
3.98 -0.15193 2.78389 -2.93582
3.99 -0.148917 2.72229 -2.87121
4 -0.145626 2.65468 -2.8003
