# Generated on Fri Sep  3 12:54:35 2021 by yr2369.
# This file was created by PDFgui.
#S 1
#L r  Gtrunc  Gdiff  Gcalc
1.99 -0.268713 3.53651 -3.80523
2 -0.274256 3.64495 -3.9192
2.01 -0.279316 3.7427 -4.02202
2.02 -0.283849 3.82927 -4.11312
2.03 -0.287812 3.90422 -4.19203
2.04 -0.291165 3.96716 -4.25832
2.05 -0.293867 4.01775 -4.31162
2.06 -0.295872 4.05575 -4.35162
2.07 -0.297155 4.08093 -4.37809
2.08 -0.297685 4.09315 -4.39083
2.09 -0.297434 4.09231 -4.38975
2.1 -0.296375 4.07842 -4.37479
2.11 -0.294485 4.0515 -4.34599
2.12 -0.291746 4.01168 -4.30342
2.13 -0.28814 3.95912 -4.24726
2.14 -0.283657 3.89407 -4.17773
2.15 -0.278285 3.81683 -4.09511
2.16 -0.272021 3.72776 -3.99978
2.17 -0.264862 3.62728 -3.89214
2.18 -0.256812 3.51587 -3.77268
2.19 -0.247876 3.39406 -3.64193
2.2 -0.238055 3.26245 -3.5005
2.21 -0.227365 3.12166 -3.34903
2.22 -0.215832 2.97237 -3.1882
2.23 -0.203477 2.8153 -3.01878
2.24 -0.190325 2.6512 -2.84152
2.25 -0.176405 2.48086 -2.65726
2.26 -0.16175 2.3051 -2.46685
2.27 -0.146396 2.12476 -2.27116
2.28 -0.130382 1.94072 -2.0711
2.29 -0.113751 1.75384 -1.86759
2.3 -0.0965463 1.56501 -1.66156
2.31 -0.0788175 1.37514 -1.45396
2.32 -0.0606148 1.18511 -1.24573
2.33 -0.0419912 0.99582 -1.03781
2.34 -0.0230017 0.808142 -0.831144
2.35 -0.00369948 0.62295 -0.626649
2.36 0.0158513 0.441082 -0.425231
2.37 0.0355897 0.26336 -0.22777
2.38 0.0554544 0.0905759 -0.0351215
2.39 0.0753832 -0.0765113 0.151895
2.4 0.0953133 -0.237181 0.332494
2.41 0.115182 -0.390754 0.505936
2.42 0.134925 -0.536599 0.671524
2.43 0.15448 -0.674133 0.828613
2.44 0.173785 -0.802824 0.976609
2.45 0.192777 -0.922202 1.11498
2.46 0.211397 -1.03185 1.24325
2.47 0.229584 -1.13141 1.361
2.48 0.24728 -1.22061 1.46789
2.49 0.264428 -1.29921 1.56364
2.5 0.280966 -1.36707 1.64803
2.51 0.29685 -1.42409 1.72094
2.52 0.312032 -1.47024 1.78227
2.53 0.326464 -1.50558 1.83205
2.54 0.340104 -1.53023 1.87033
2.55 0.352911 -1.54435 1.89727
2.56 0.364848 -1.54822 1.91307
2.57 0.375882 -1.54214 1.91802
2.58 0.385982 -1.52649 1.91248
2.59 0.395123 -1.50172 1.89685
2.6 0.403282 -1.46833 1.87161
2.61 0.41044 -1.42688 1.83732
2.62 0.416583 -1.37797 1.79455
2.63 0.421699 -1.32228 1.74397
2.64 0.42577 -1.26051 1.68628
2.65 0.428799 -1.19343 1.62222
2.66 0.430793 -1.1218 1.55259
2.67 0.431758 -1.04645 1.47821
2.68 0.431703 -0.968236 1.39994
2.69 0.430642 -0.888026 1.31867
2.7 0.428592 -0.806713 1.2353
2.71 0.425572 -0.725205 1.15078
2.72 0.421607 -0.644417 1.06602
2.73 0.416725 -0.565264 0.981989
2.74 0.410957 -0.488661 0.899618
2.75 0.404335 -0.415515 0.81985
2.76 0.396897 -0.346719 0.743616
2.77 0.388682 -0.283147 0.671829
2.78 0.379732 -0.225647 0.605379
2.79 0.370079 -0.175051 0.54513
2.8 0.359782 -0.132134 0.491916
2.81 0.348891 -0.0976379 0.446529
2.82 0.337455 -0.0722666 0.409722
2.83 0.325524 -0.0566745 0.382199
2.84 0.313151 -0.0514617 0.364613
2.85 0.300388 -0.0571733 0.357561
2.86 0.287289 -0.074293 0.361582
2.87 0.273908 -0.103241 0.377149
2.88 0.260299 -0.144371 0.40467
2.89 0.246514 -0.19797 0.444484
2.9 0.232608 -0.26425 0.496858
2.91 0.218632 -0.343352 0.561984
2.92 0.204639 -0.43534 0.639979
2.93 0.190679 -0.540205 0.730884
2.94 0.176803 -0.657858 0.834661
2.95 0.163058 -0.788136 0.951194
2.96 0.14949 -0.930799 1.08029
2.97 0.136142 -1.08553 1.22167
2.98 0.123056 -1.25194 1.375
2.99 0.110271 -1.42957 1.53984
3 0.0978237 -1.61788 1.7157
3.01 0.0857483 -1.81626 1.90201
3.02 0.0740761 -2.02405 2.09812
3.03 0.0628357 -2.2405 2.30334
3.04 0.0520529 -2.46483 2.51688
3.05 0.0417504 -2.69618 2.73793
3.06 0.0319477 -2.93364 2.96559
3.07 0.0226615 -3.17627 3.19893
3.08 0.0139124 -3.42306 3.43697
3.09 0.00570667 -3.67297 3.67868
3.1 -0.00195127 -3.92495 3.923
3.11 -0.00905741 -4.17789 4.16884
3.12 -0.0156107 -4.43068 4.41507
3.13 -0.0216131 -4.68218 4.66057
3.14 -0.0270694 -4.93123 4.90416
3.15 -0.0319873 -5.17669 5.1447
3.16 -0.036377 -5.4174 5.38102
3.17 -0.0402514 -5.6522 5.61195
3.18 -0.043626 -5.87996 5.83634
3.19 -0.0465183 -6.09957 6.05305
3.2 -0.0489483 -6.30992 6.26097
3.21 -0.0509377 -6.50995 6.45901
3.22 -0.0525097 -6.69861 6.6461
3.23 -0.0536842 -6.87492 6.82124
3.24 -0.0544951 -7.03793 6.98344
3.25 -0.0549707 -7.18675 7.13178
3.26 -0.0551403 -7.32051 7.26537
3.27 -0.055034 -7.43845 7.38342
3.28 -0.0546829 -7.53984 7.48515
3.29 -0.0541182 -7.62401 7.5699
3.3 -0.0533717 -7.69039 7.63702
3.31 -0.0524752 -7.73846 7.68599
3.32 -0.0514605 -7.76779 7.71633
3.33 -0.050359 -7.77801 7.72765
3.34 -0.0492018 -7.76884 7.71964
3.35 -0.0480193 -7.74009 7.69207
3.36 -0.0468409 -7.69165 7.64481
3.37 -0.0456959 -7.62348 7.57779
3.38 -0.0446124 -7.53564 7.49103
3.39 -0.0436162 -7.42826 7.38465
3.4 -0.042732 -7.30157 7.25884
3.41 -0.0419829 -7.15586 7.11388
3.42 -0.0413901 -6.99152 6.95013
3.43 -0.0409734 -6.80901 6.76804
3.44 -0.0407504 -6.60887 6.56812
3.45 -0.0407369 -6.39171 6.35097
3.46 -0.0409466 -6.15821 6.11727
3.47 -0.0413912 -5.90913 5.86774
3.48 -0.0420802 -5.64528 5.6032
3.49 -0.0430209 -5.36753 5.32451
3.5 -0.0442185 -5.07682 5.0326
3.51 -0.0456759 -4.77413 4.72845
3.52 -0.047398 -4.4605 4.4131
3.53 -0.0493803 -4.13699 4.08761
3.54 -0.0516183 -3.80472 3.7531
3.55 -0.0541065 -3.46482 3.41071
3.56 -0.0568373 -3.11846 3.06163
3.57 -0.0598012 -2.76683 2.70703
3.58 -0.0629868 -2.41114 2.34815
3.59 -0.0663812 -2.05258 1.9862
3.6 -0.0699695 -1.69239 1.62242
3.61 -0.0737356 -1.33177 1.25803
3.62 -0.0776617 -0.971926 0.894265
3.63 -0.081729 -0.61406 0.532331
3.64 -0.0859174 -0.259343 0.173425
3.65 -0.0902058 0.0910726 -0.181278
3.66 -0.0945724 0.436063 -0.530635
3.67 -0.0989947 0.774538 -0.873533
3.68 -0.103448 1.10545 -1.2089
3.69 -0.107909 1.42778 -1.53569
3.7 -0.112354 1.74058 -1.85293
3.71 -0.116758 2.04293 -2.15969
3.72 -0.121097 2.33398 -2.45508
3.73 -0.125349 2.61292 -2.73827
3.74 -0.129489 2.87902 -3.00851
3.75 -0.133494 3.13161 -3.2651
3.76 -0.137342 3.37006 -3.50741
3.77 -0.141011 3.59386 -3.73487
3.78 -0.144482 3.80251 -3.94699
3.79 -0.147733 3.99563 -4.14336
3.8 -0.150747 4.17287 -4.32362
3.81 -0.153504 4.33399 -4.48749
3.82 -0.155987 4.47879 -4.63478
3.83 -0.158184 4.60717 -4.76535
3.84 -0.160082 4.71907 -4.87915
3.85 -0.16167 4.81452 -4.97619
3.86 -0.162937 4.89362 -5.05656
3.87 -0.163877 4.95653 -5.12041
3.88 -0.164481 5.00347 -5.16795
3.89 -0.164747 5.03474 -5.19948
3.9 -0.16467 5.05067 -5.21534
3.91 -0.164249 5.05168 -5.21593
3.92 -0.163485 5.03823 -5.20171
3.93 -0.162381 5.01082 -5.1732
3.94 -0.16094 4.97001 -5.13095
3.95 -0.159168 4.91641 -5.07557
3.96 -0.157067 4.85065 -5.00771
3.97 -0.15465 4.7734 -4.92805
3.98 -0.15193 4.68538 -4.83731
3.99 -0.148917 4.5873 -4.73622
4 -0.145626 4.47993 -4.62555
