# Generated on Sun Sep  5 13:29:30 2021 by yr2369.
# This file was created by PDFgui.
#S 1
#L r  Gtrunc  Gdiff  Gcalc
1.79 -0.233378 -0.0589455 -0.174432
1.8 -0.242094 -0.0521777 -0.189916
1.81 -0.251448 -0.0457974 -0.205651
1.82 -0.2614 -0.0398201 -0.22158
1.83 -0.271901 -0.0342552 -0.237646
1.84 -0.282899 -0.0291115 -0.253787
1.85 -0.294336 -0.0243943 -0.269942
1.86 -0.30615 -0.0201068 -0.286043
1.87 -0.318275 -0.0162501 -0.302025
1.88 -0.330641 -0.0128231 -0.317818
1.89 -0.343173 -0.00982073 -0.333352
1.9 -0.355793 -0.00723619 -0.348557
1.91 -0.368421 -0.00506131 -0.36336
1.92 -0.380972 -0.00328342 -0.377689
1.93 -0.393359 -0.00188794 -0.391471
1.94 -0.405496 -0.000861135 -0.404635
1.95 -0.417295 -0.000186743 -0.417108
1.96 -0.428667 0.000153321 -0.42882
1.97 -0.439523 0.000178311 -0.439701
1.98 -0.449772 -8.90289e-05 -0.449683
1.99 -0.459327 -0.000628137 -0.458699
2 -0.468101 -0.00141631 -0.466685
2.01 -0.476006 -0.00242737 -0.473579
2.02 -0.482961 -0.00363937 -0.479322
2.03 -0.488882 -0.00502429 -0.483858
2.04 -0.493693 -0.0065587 -0.487134
2.05 -0.497314 -0.00821151 -0.489102
2.06 -0.499658 -0.00994069 -0.489717
2.07 -0.500676 -0.011738 -0.488938
2.08 -0.500307 -0.0135788 -0.486728
2.09 -0.498495 -0.0154386 -0.483056
2.1 -0.495189 -0.0172932 -0.477896
2.11 -0.490345 -0.0191203 -0.471225
2.12 -0.483922 -0.0208951 -0.463027
2.13 -0.475891 -0.0225997 -0.453291
2.14 -0.466223 -0.0242105 -0.442012
2.15 -0.454903 -0.0257123 -0.429191
2.16 -0.441917 -0.0270849 -0.414832
2.17 -0.427262 -0.0283137 -0.398948
2.18 -0.410941 -0.0293841 -0.381557
2.19 -0.392965 -0.0302835 -0.362681
2.2 -0.373338 -0.0309867 -0.342351
2.21 -0.352086 -0.0314846 -0.320601
2.22 -0.329259 -0.0317864 -0.297473
2.23 -0.304898 -0.0318866 -0.273011
2.24 -0.279052 -0.0317823 -0.24727
2.25 -0.251777 -0.0314721 -0.220305
2.26 -0.223136 -0.0309565 -0.192179
2.27 -0.193198 -0.030237 -0.162961
2.28 -0.162039 -0.0293173 -0.132722
2.29 -0.129744 -0.0282054 -0.101539
2.3 -0.0963997 -0.0269068 -0.0694929
2.31 -0.0621008 -0.0254311 -0.0366697
2.32 -0.0269468 -0.0237887 -0.00315811
2.33 0.00895818 -0.0219915 0.0309497
2.34 0.0455054 -0.0200528 0.0655582
2.35 0.0825888 -0.0179805 0.100569
2.36 0.120083 -0.0157996 0.135883
2.37 0.157866 -0.0135296 0.171396
2.38 0.195819 -0.0111853 0.207004
2.39 0.233816 -0.00878748 0.242603
2.4 0.271734 -0.00635315 0.278087
2.41 0.309446 -0.00390297 0.313349
2.42 0.346828 -0.00145461 0.348283
2.43 0.383753 0.000970748 0.382782
2.44 0.420098 0.00335508 0.416743
2.45 0.455739 0.00567804 0.450061
2.46 0.490556 0.0079216 0.482634
2.47 0.524429 0.0100656 0.514363
2.48 0.557243 0.0120923 0.545151
2.49 0.588881 0.0139793 0.574902
2.5 0.619221 0.0156955 0.603525
2.51 0.648176 0.0172416 0.630934
2.52 0.675647 0.018602 0.657045
2.53 0.701544 0.0197659 0.681778
2.54 0.725779 0.0207198 0.705059
2.55 0.748272 0.0214532 0.726819
2.56 0.768951 0.0219586 0.746992
2.57 0.787748 0.0222266 0.765521
2.58 0.804605 0.0222526 0.782352
2.59 0.81947 0.0220317 0.797438
2.6 0.832299 0.021561 0.810738
2.61 0.843056 0.0208393 0.822217
2.62 0.851713 0.0198672 0.831846
2.63 0.858251 0.0186475 0.839603
2.64 0.862634 0.0171597 0.845474
2.65 0.864868 0.0154184 0.84945
2.66 0.864974 0.0134468 0.851527
2.67 0.862966 0.0112545 0.851712
2.68 0.858865 0.00885119 0.850014
2.69 0.852701 0.00624935 0.846452
2.7 0.844512 0.0034629 0.841049
2.71 0.834343 0.000506452 0.833837
2.72 0.822248 -0.00260252 0.824851
2.73 0.808284 -0.00584954 0.814134
2.74 0.79252 -0.00921392 0.801734
2.75 0.775028 -0.0126775 0.787706
2.76 0.755888 -0.0162195 0.772108
2.77 0.735183 -0.0198212 0.755004
2.78 0.713004 -0.0234605 0.736464
2.79 0.689422 -0.0271398 0.716562
2.8 0.664565 -0.0308087 0.695374
2.81 0.638534 -0.0344475 0.672982
2.82 0.611437 -0.0380329 0.64947
2.83 0.583384 -0.0415427 0.624927
2.84 0.554486 -0.0449563 0.599442
2.85 0.524857 -0.0482523 0.573109
2.86 0.494611 -0.0514114 0.546022
2.87 0.463865 -0.0544124 0.518277
2.88 0.432733 -0.0572384 0.489971
2.89 0.401333 -0.0598691 0.461202
2.9 0.369777 -0.0622903 0.432067
2.91 0.338181 -0.0644838 0.402665
2.92 0.306654 -0.0664377 0.373092
2.93 0.275307 -0.068137 0.343444
2.94 0.244252 -0.0695644 0.313816
2.95 0.213589 -0.070713 0.284302
2.96 0.183417 -0.0715744 0.254991
2.97 0.153829 -0.0721441 0.225973
2.98 0.124918 -0.0724143 0.197332
2.99 0.0967669 -0.0723846 0.169151
3 0.069457 -0.0720522 0.141509
3.01 0.0430623 -0.0714184 0.114481
3.02 0.0176516 -0.0704851 0.0881367
3.03 -0.00671258 -0.0692566 0.062544
3.04 -0.0299739 -0.0677385 0.0377646
3.05 -0.0520825 -0.0659384 0.0138559
3.06 -0.0729951 -0.0638654 -0.00912968
3.07 -0.092675 -0.0615303 -0.0311447
3.08 -0.111075 -0.058928 -0.052147
3.09 -0.128183 -0.0560833 -0.0720997
3.1 -0.143988 -0.0530167 -0.0909713
3.11 -0.158482 -0.0497461 -0.108736
3.12 -0.171662 -0.0462893 -0.125373
3.13 -0.183531 -0.0426642 -0.140867
3.14 -0.194101 -0.0388926 -0.155208
3.15 -0.203388 -0.0349948 -0.168393
3.16 -0.211414 -0.0309918 -0.180422
3.17 -0.218208 -0.0269063 -0.191302
3.18 -0.223804 -0.0227611 -0.201043
3.19 -0.228241 -0.0185789 -0.209662
3.2 -0.231563 -0.0143827 -0.21718
3.21 -0.233819 -0.0101961 -0.223623
3.22 -0.23506 -0.00604017 -0.22902
3.23 -0.235331 -0.00192585 -0.233405
3.24 -0.234708 0.00210869 -0.236817
3.25 -0.233255 0.00604094 -0.239296
3.26 -0.231039 0.00984867 -0.240888
3.27 -0.228128 0.0135117 -0.24164
3.28 -0.224593 0.0170096 -0.241603
3.29 -0.220505 0.0203244 -0.240829
3.3 -0.215937 0.023438 -0.239375
3.31 -0.210963 0.0263333 -0.237296
3.32 -0.205656 0.0289954 -0.234651
3.33 -0.200088 0.0314119 -0.2315
3.34 -0.194333 0.0335686 -0.227902
3.35 -0.188461 0.035456 -0.223917
3.36 -0.182542 0.0370649 -0.219607
3.37 -0.176645 0.0383864 -0.215031
3.38 -0.170837 0.0394134 -0.21025
3.39 -0.16518 0.0401426 -0.205323
3.4 -0.159735 0.0405708 -0.200306
3.41 -0.154558 0.0406981 -0.195256
3.42 -0.149701 0.0405269 -0.190228
3.43 -0.145215 0.0400585 -0.185274
3.44 -0.141144 0.0392989 -0.180443
3.45 -0.137528 0.0382556 -0.175784
3.46 -0.134405 0.0369353 -0.17134
3.47 -0.131807 0.0353475 -0.167155
3.48 -0.12976 0.0335049 -0.163265
3.49 -0.128288 0.0314186 -0.159707
3.5 -0.127407 0.0291041 -0.156511
3.51 -0.127131 0.0265757 -0.153707
3.52 -0.127477 0.0238405 -0.151318
3.53 -0.128441 0.0209231 -0.149364
3.54 -0.130018 0.017845 -0.147863
3.55 -0.132202 0.014625 -0.146827
3.56 -0.134982 0.0112828 -0.146265
3.57 -0.138341 0.00784016 -0.146181
3.58 -0.142259 0.00431809 -0.146577
3.59 -0.146713 0.000736603 -0.14745
3.6 -0.151674 -0.00288204 -0.148792
3.61 -0.15711 -0.00651628 -0.150594
3.62 -0.162985 -0.0101442 -0.152841
3.63 -0.169261 -0.0137452 -0.155516
3.64 -0.175897 -0.0172992 -0.158598
3.65 -0.182847 -0.0207841 -0.162063
3.66 -0.190067 -0.024183 -0.165884
3.67 -0.197509 -0.0274776 -0.170031
3.68 -0.205119 -0.0306462 -0.174473
3.69 -0.212844 -0.0336704 -0.179174
3.7 -0.220633 -0.0365362 -0.184097
3.71 -0.228431 -0.0392272 -0.189204
3.72 -0.236185 -0.0417308 -0.194454
3.73 -0.243841 -0.0440347 -0.199806
3.74 -0.251345 -0.0461276 -0.205217
3.75 -0.258644 -0.0480003 -0.210644
3.76 -0.265688 -0.049647 -0.216041
3.77 -0.272424 -0.0510593 -0.221365
3.78 -0.278805 -0.0522348 -0.22657
3.79 -0.284782 -0.0531688 -0.231613
3.8 -0.29031 -0.0538602 -0.23645
3.81 -0.295343 -0.0543061 -0.241037
3.82 -0.299839 -0.0545067 -0.245332
3.83 -0.303765 -0.0544697 -0.249295
3.84 -0.307088 -0.0542014 -0.252887
3.85 -0.309777 -0.0537086 -0.256068
3.86 -0.311804 -0.0529989 -0.258805
3.87 -0.313147 -0.0520838 -0.261063
3.88 -0.313785 -0.0509735 -0.262812
3.89 -0.313702 -0.0496807 -0.264021
3.9 -0.312885 -0.0482184 -0.264667
3.91 -0.311326 -0.0466017 -0.264724
3.92 -0.309021 -0.044847 -0.264174
3.93 -0.305968 -0.0429693 -0.262999
3.94 -0.302172 -0.0409877 -0.261184
3.95 -0.29764 -0.03892 -0.25872
3.96 -0.292369 -0.0367705 -0.255598
3.97 -0.286388 -0.0345726 -0.251815
3.98 -0.279715 -0.0323449 -0.24737
3.99 -0.272372 -0.0301069 -0.242265
4 -0.264385 -0.0278787 -0.236506
4.01 -0.255782 -0.0256791 -0.230103
4.02 -0.246594 -0.0235266 -0.223067
4.03 -0.236855 -0.0214395 -0.215415
4.04 -0.226603 -0.0194372 -0.207166
4.05 -0.215877 -0.0175368 -0.19834
4.06 -0.204716 -0.0157527 -0.188963
4.07 -0.193165 -0.0141025 -0.179063
4.08 -0.181269 -0.0126013 -0.168668
4.09 -0.169072 -0.0112606 -0.157811
4.1 -0.156621 -0.0100927 -0.146528
4.11 -0.143963 -0.00910796 -0.134855
4.12 -0.131149 -0.00831859 -0.12283
4.13 -0.118229 -0.00773428 -0.110495
4.14 -0.105251 -0.00736121 -0.0978898
4.15 -0.0922626 -0.00720388 -0.0850587
4.16 -0.0793114 -0.00726576 -0.0720456
4.17 -0.0664443 -0.00754882 -0.0588955
4.18 -0.0537069 -0.00805311 -0.0456538
4.19 -0.0411435 -0.00877707 -0.0323664
4.2 -0.0287968 -0.00971738 -0.0190794
4.21 -0.0167078 -0.0108691 -0.00583865
4.22 -0.00491562 -0.0122259 0.00731029
4.23 0.00654304 -0.0137794 0.0203224
4.24 0.0176337 -0.0155198 0.0331535
4.25 0.028319 -0.0174412 0.0457602
4.26 0.0385715 -0.019529 0.0581005
4.27 0.0483672 -0.0217667 0.0701339
4.28 0.0576826 -0.0241385 0.0818211
4.29 0.0664972 -0.0266277 0.0931249
4.3 0.0747936 -0.0292162 0.10401
4.31 0.0825572 -0.0318855 0.114443
4.32 0.089777 -0.0346154 0.124392
4.33 0.0964447 -0.0373855 0.13383
4.34 0.102555 -0.040175 0.14273
4.35 0.108107 -0.0429611 0.151068
4.36 0.113102 -0.0457215 0.158824
4.37 0.117542 -0.0484361 0.165978
4.38 0.121437 -0.0510796 0.172517
4.39 0.124795 -0.0536312 0.178426
4.4 0.12762 -0.0560775 0.183698
4.41 0.129938 -0.0583857 0.188324
4.42 0.131766 -0.060535 0.192301
4.43 0.133124 -0.0625044 0.195628
4.44 0.134035 -0.0642727 0.198308
4.45 0.134523 -0.0658207 0.200344
4.46 0.134614 -0.0671299 0.201744
4.47 0.134335 -0.0681832 0.202518
4.48 0.133716 -0.0689634 0.202679
4.49 0.132786 -0.0694567 0.202243
4.5 0.131577 -0.0696486 0.201226
4.51 0.13012 -0.0695278 0.199648
4.52 0.128448 -0.0690833 0.197531
4.53 0.126593 -0.068307 0.1949
4.54 0.124587 -0.0671924 0.191779
4.55 0.122463 -0.065734 0.188197
4.56 0.120255 -0.0639266 0.184182
4.57 0.117994 -0.0617694 0.179763
4.58 0.115711 -0.0592626 0.174974
4.59 0.113436 -0.0564087 0.169845
4.6 0.111197 -0.0532127 0.16441
4.61 0.109023 -0.0496793 0.158702
4.62 0.106939 -0.0458176 0.152757
4.63 0.104969 -0.0416381 0.146607
4.64 0.103137 -0.0371511 0.140288
4.65 0.101461 -0.032373 0.133834
4.66 0.0999625 -0.0273162 0.127279
4.67 0.0986564 -0.0219996 0.120656
4.68 0.0975574 -0.0164412 0.113999
4.69 0.096681 -0.0106579 0.107339
4.7 0.0960351 -0.00467279 0.100708
4.71 0.0956259 0.00149006 0.0941358
4.72 0.0954586 0.00780697 0.0876516
4.73 0.0955356 0.0142528 0.0812828
4.74 0.0958574 0.0208019 0.0750555
4.75 0.0964217 0.0274274 0.0689943
4.76 0.0972244 0.0341024 0.063122
4.77 0.0982587 0.040799 0.0574597
4.78 0.0995159 0.0474892 0.0520267
4.79 0.100985 0.0541446 0.0468404
4.8 0.102654 0.0607376 0.0419164
4.81 0.104507 0.0672391 0.0372679
4.82 0.106528 0.0736214 0.0329066
4.83 0.1087 0.0798581 0.0288419
4.84 0.111004 0.0859228 0.0250812
4.85 0.113416 0.0917861 0.0216299
4.86 0.115915 0.0974235 0.0184915
4.87 0.118478 0.102811 0.0156673
4.88 0.12108 0.107923 0.0131571
4.89 0.123697 0.112739 0.0109583
4.9 0.126303 0.117236 0.00906688
4.91 0.128874 0.121397 0.00747697
4.92 0.131383 0.125202 0.00618103
4.93 0.133805 0.128635 0.00516998
4.94 0.136115 0.131682 0.00443324
4.95 0.138287 0.134328 0.00395889
4.96 0.140298 0.136564 0.00373375
4.97 0.142124 0.138381 0.00374349
4.98 0.14374 0.139767 0.00397277
4.99 0.145123 0.140718 0.00440532
5 0.146255 0.141231 0.00502415
5.01 0.147118 0.141306 0.00581156
5.02 0.147692 0.140943 0.00674939
5.03 0.147963 0.140144 0.00781905
5.04 0.147916 0.138914 0.00900173
5.05 0.147539 0.137261 0.0102785
5.06 0.14682 0.13519 0.0116303
5.07 0.145751 0.132713 0.0130384
5.08 0.144326 0.129842 0.0144842
5.09 0.142539 0.12659 0.0159495
5.1 0.140388 0.122972 0.0174165
5.11 0.137872 0.119004 0.018868
5.12 0.134993 0.114705 0.0202876
5.13 0.131749 0.110089 0.0216595
5.14 0.128151 0.105182 0.022969
5.15 0.124208 0.100006 0.0242021
5.16 0.119929 0.0945831 0.0253459
5.17 0.115326 0.0889373 0.0263887
5.18 0.110413 0.0830933 0.0273197
5.19 0.105205 0.0770753 0.0281297
5.2 0.099719 0.0709088 0.0288102
5.21 0.0939743 0.06462 0.0293543
5.22 0.0879907 0.0582343 0.0297564
5.23 0.0817897 0.0517777 0.030012
5.24 0.0753939 0.0452759 0.030118
5.25 0.0688271 0.0387545 0.0300726
5.26 0.0621139 0.0322388 0.0298751
5.27 0.0552794 0.025753 0.0295264
5.28 0.0483494 0.0193211 0.0290283
5.29 0.0413522 0.0129683 0.0283839
5.3 0.0343146 0.00671712 0.0275975
5.31 0.0272636 0.0005893 0.0266743
5.32 0.0202264 -0.00539431 0.0256207
5.33 0.0132297 -0.0112143 0.024444
5.34 0.00630014 -0.0168522 0.0231524
5.35 -0.00053627 -0.022291 0.0217548
5.36 -0.00725408 -0.027515 0.0202609
5.37 -0.0138286 -0.0325097 0.0186811
5.38 -0.0202361 -0.0372625 0.0170264
5.39 -0.0264538 -0.0417618 0.015308
5.4 -0.0324602 -0.0459979 0.0135377
5.41 -0.038235 -0.0499625 0.0117275
5.42 -0.0437562 -0.0536458 0.00988959
5.43 -0.0490071 -0.0570433 0.00803625
5.44 -0.0539737 -0.0601534 0.00617973
5.45 -0.0586419 -0.0629741 0.0043322
5.46 -0.0629993 -0.0655049 0.0025056
5.47 -0.0670355 -0.0677471 0.00071163
5.48 -0.0707417 -0.0697033 -0.00103842
5.49 -0.0741109 -0.0713772 -0.00273369
5.5 -0.0771383 -0.0727744 -0.00436386
5.51 -0.0798208 -0.0739016 -0.0059192
5.52 -0.0821572 -0.0747665 -0.00739069
5.53 -0.0841482 -0.0753782 -0.00877001
5.54 -0.0857963 -0.0757467 -0.0100496
5.55 -0.0871059 -0.075883 -0.0112229
5.56 -0.0880833 -0.0757992 -0.0122841
5.57 -0.0887307 -0.0755024 -0.0132283
5.58 -0.0890635 -0.0750118 -0.0140517
5.59 -0.089093 -0.0743417 -0.0147513
5.6 -0.0888321 -0.0735069 -0.0153252
5.61 -0.0882948 -0.0725222 -0.0157726
5.62 -0.0874964 -0.0714029 -0.0160935
5.63 -0.0864535 -0.0701643 -0.0162892
5.64 -0.0851837 -0.0688221 -0.0163616
5.65 -0.0837056 -0.0673916 -0.016314
5.66 -0.0820386 -0.0658883 -0.0161503
5.67 -0.0802027 -0.0643272 -0.0158755
5.68 -0.0782184 -0.0627229 -0.0154955
5.69 -0.0761069 -0.0610901 -0.0150168
5.7 -0.0738894 -0.0594424 -0.014447
5.71 -0.0715869 -0.0577927 -0.0137942
5.72 -0.0692211 -0.0561539 -0.0130672
5.73 -0.0668141 -0.0545386 -0.0122755
5.74 -0.0643871 -0.0529581 -0.011429
5.75 -0.0619607 -0.0514227 -0.010538
5.76 -0.0595547 -0.0499413 -0.00961338
5.77 -0.0571888 -0.0485227 -0.00866615
5.78 -0.0548813 -0.0471737 -0.00770757
5.79 -0.0526502 -0.0459012 -0.00674905
5.8 -0.0505119 -0.0447099 -0.00580201
5.81 -0.0484823 -0.0436044 -0.00487787
5.82 -0.0465758 -0.0425879 -0.00398788
5.83 -0.0448055 -0.0416624 -0.00314311
5.84 -0.0431832 -0.0408288 -0.00235435
5.85 -0.0417194 -0.0400874 -0.00163199
5.86 -0.0404254 -0.0394394 -0.000986
5.87 -0.0393076 -0.0388818 -0.00042581
5.88 -0.0383708 -0.0384105 3.9734e-05
5.89 -0.0376195 -0.0380219 0.000402446
5.9 -0.0370563 -0.0377112 0.000654862
5.91 -0.0366824 -0.0374727 0.000790302
5.92 -0.0364975 -0.0373004 0.000802916
5.93 -0.0364995 -0.0371872 0.000687735
5.94 -0.0366851 -0.0371258 0.000440715
5.95 -0.0370492 -0.037108 5.87663e-05
5.96 -0.0375856 -0.0371254 -0.000460213
5.97 -0.0382864 -0.0371691 -0.00111731
5.98 -0.0391426 -0.03723 -0.00191261
5.99 -0.0401439 -0.0372988 -0.00284512
6 -0.0412789 -0.037366 -0.00391286
6.01 -0.0425368 -0.037424 -0.00511277
6.02 -0.0439016 -0.0374608 -0.00644082
6.03 -0.0453589 -0.037467 -0.00789193
6.04 -0.0468935 -0.0374334 -0.00946007
6.05 -0.0484894 -0.0373511 -0.0111383
6.06 -0.0501303 -0.0372117 -0.0129186
6.07 -0.0517993 -0.037007 -0.0147923
6.08 -0.0534792 -0.0367293 -0.0167499
6.09 -0.0551525 -0.0363716 -0.0187809
6.1 -0.0568019 -0.0359275 -0.0208744
6.11 -0.05841 -0.0353913 -0.0230187
6.12 -0.0599594 -0.0347579 -0.0252015
6.13 -0.0614333 -0.0340232 -0.0274101
6.14 -0.062815 -0.0331836 -0.0296314
6.15 -0.0640876 -0.0322358 -0.0318518
6.16 -0.0652348 -0.0311772 -0.0340576
6.17 -0.0662432 -0.0300083 -0.0362349
6.18 -0.0670988 -0.0287291 -0.0383697
6.19 -0.0677888 -0.0273408 -0.040448
6.2 -0.0683011 -0.0258452 -0.0424559
6.21 -0.0686251 -0.0242455 -0.0443796
6.22 -0.0687508 -0.0225452 -0.0462056
6.23 -0.06867 -0.0207492 -0.0479208
6.24 -0.0683754 -0.0188628 -0.0495126
6.25 -0.067861 -0.0168924 -0.0509686
6.26 -0.0671224 -0.0148451 -0.0522773
6.27 -0.0661564 -0.0127287 -0.0534277
6.28 -0.0649612 -0.0105516 -0.0544096
6.29 -0.0635367 -0.00832317 -0.0552135
6.3 -0.0618805 -0.00604949 -0.055831
6.31 -0.0599979 -0.00374355 -0.0562544
6.32 -0.0578936 -0.0014167 -0.0564769
6.33 -0.0555731 0.0009199 -0.056493
6.34 -0.053043 0.00325506 -0.0562981
6.35 -0.0503115 0.00557709 -0.0558886
6.36 -0.0473877 0.00787451 -0.0552622
6.37 -0.0442822 0.0101355 -0.0544177
6.38 -0.0410066 0.0123484 -0.053355
6.39 -0.0375733 0.0145018 -0.0520751
6.4 -0.0339962 0.0165843 -0.0505805
6.41 -0.0302896 0.0185848 -0.0488744
6.42 -0.0264689 0.0204926 -0.0469615
6.43 -0.0225501 0.0222975 -0.0448476
6.44 -0.0185496 0.0239897 -0.0425393
6.45 -0.014484 0.0255607 -0.0400447
6.46 -0.0103723 0.0270003 -0.0373726
6.47 -0.00623212 0.0283009 -0.034533
6.48 -0.00208155 0.0294553 -0.0315368
6.49 0.00206137 0.0304571 -0.0283958
6.5 0.00617865 0.0313011 -0.0251224
6.51 0.0102524 0.0319826 -0.0217302
6.52 0.0142651 0.0324981 -0.018233
6.53 0.0181994 0.0328451 -0.0146457
6.54 0.0220386 0.0330219 -0.0109833
6.55 0.0257664 0.033028 -0.00726161
6.56 0.0293674 0.032864 -0.00349656
6.57 0.0328268 0.0325313 0.000295486
6.58 0.0361305 0.0320325 0.00409801
6.59 0.0392637 0.0313693 0.00789436
6.6 0.0422144 0.0305465 0.0116679
6.61 0.0449729 0.0295709 0.015402
6.62 0.0475296 0.0284494 0.0190802
6.63 0.0498758 0.0271895 0.0226863
6.64 0.052004 0.0257996 0.0262044
6.65 0.0539081 0.024289 0.0296191
6.66 0.0555832 0.0226678 0.0329154
6.67 0.0570258 0.0209469 0.0360789
6.68 0.0582335 0.0191376 0.0390959
6.69 0.0592056 0.0172524 0.0419532
6.7 0.0599424 0.0153037 0.0446387
6.71 0.0604456 0.0133046 0.047141
6.72 0.0607182 0.0112685 0.0494497
6.73 0.0607645 0.00920934 0.0515552
6.74 0.0605865 0.00713752 0.053449
6.75 0.0601942 0.0050705 0.0551237
6.76 0.059596 0.00302299 0.056573
6.77 0.0588007 0.001009 0.0577917
6.78 0.0578185 -0.000957191 0.0587757
6.79 0.0566601 -0.002862 0.0595221
6.8 0.0553374 -0.00469182 0.0600292
6.81 0.053863 -0.0064335 0.0602965
6.82 0.05225 -0.0080746 0.0603246
6.83 0.0505124 -0.00960293 0.0601153
6.84 0.0486647 -0.011007 0.0596717
6.85 0.0467216 -0.0122761 0.0589977
6.86 0.0446983 -0.0134004 0.0580987
6.87 0.0426103 -0.0143706 0.0569809
6.88 0.0404729 -0.0151788 0.0556517
6.89 0.0383018 -0.0158176 0.0541194
6.9 0.0361133 -0.0162799 0.0523932
6.91 0.0339227 -0.0165607 0.0504834
6.92 0.0317452 -0.0166556 0.0484008
6.93 0.0295954 -0.0165618 0.0461572
6.94 0.0274877 -0.0162774 0.0437651
6.95 0.025436 -0.0158015 0.0412375
6.96 0.0234534 -0.0151347 0.0385881
6.97 0.0215524 -0.0142785 0.0358309
6.98 0.0197449 -0.0132355 0.0329804
6.99 0.0180415 -0.01201 0.0300515
7 0.0164526 -0.0106066 0.0270592
7.01 0.014987 -0.00903164 0.0240186
7.02 0.0136528 -0.00729236 0.0209452
7.03 0.0124589 -0.00539511 0.017854
7.04 0.0114105 -0.00334986 0.0147604
7.05 0.0105115 -0.0011677 0.0116792
7.06 0.00976561 0.00114033 0.00862528
7.07 0.00917528 0.00356225 0.00561303
7.08 0.00874186 0.0060854 0.00265646
7.09 0.00846556 0.00869644 -0.000230875
7.1 0.00834541 0.0113814 -0.00303597
7.11 0.00837935 0.0141258 -0.00574642
7.12 0.00856418 0.0169147 -0.00835048
7.13 0.00889565 0.0197328 -0.0108371
7.14 0.00936844 0.0225646 -0.0131962
7.15 0.00997626 0.0253944 -0.0154181
7.16 0.0107119 0.0282063 -0.0174944
7.17 0.0115671 0.0309845 -0.0194174
7.18 0.0125347 0.0337151 -0.0211804
7.19 0.0136029 0.0363804 -0.0227775
7.2 0.014761 0.0389651 -0.0242041
7.21 0.0159979 0.041454 -0.0254561
7.22 0.017302 0.0438329 -0.0265309
7.23 0.0186611 0.0460878 -0.0274267
7.24 0.0200628 0.0482053 -0.0281425
7.25 0.0214941 0.0501726 -0.0286785
7.26 0.0229422 0.0519781 -0.0290359
7.27 0.0243937 0.0536105 -0.0292168
7.28 0.0258356 0.0550598 -0.0292242
7.29 0.0272548 0.0563168 -0.029062
7.3 0.0286382 0.0573732 -0.028735
7.31 0.029973 0.0582218 -0.0282488
7.32 0.0312464 0.0588562 -0.0276098
7.33 0.0324455 0.0592706 -0.0268251
7.34 0.0335596 0.0594622 -0.0259026
7.35 0.0345775 0.0594282 -0.0248507
7.36 0.035489 0.0591674 -0.0236784
7.37 0.0362843 0.0586796 -0.0223953
7.38 0.0369544 0.0579656 -0.0210112
7.39 0.0374911 0.0570278 -0.0195367
7.4 0.0378872 0.0558695 -0.0179823
7.41 0.0381362 0.0544953 -0.0163591
7.42 0.0382328 0.0529109 -0.0146781
7.43 0.0381723 0.0511228 -0.0129505
7.44 0.0379513 0.0491391 -0.0111878
7.45 0.0375673 0.0469684 -0.0094011
7.46 0.037019 0.0446207 -0.00760168
7.47 0.0363036 0.0421042 -0.0058006
7.48 0.0354235 0.0394322 -0.00400868
7.49 0.034381 0.0366175 -0.00223652
7.5 0.033179 0.0336734 -0.000494372
7.51 0.0318214 0.0306135 0.0012079
7.52 0.0303128 0.0274519 0.00286086
7.53 0.028659 0.0242034 0.00445556
7.54 0.0268667 0.0208831 0.00598356
7.55 0.0249432 0.0175062 0.00743703
7.56 0.0228971 0.0140884 0.00880872
7.57 0.0207372 0.0106452 0.010092
7.58 0.0184736 0.00719257 0.011281
7.59 0.0161165 0.00374599 0.0123705
7.6 0.013677 0.000321065 0.0133559
7.61 0.0111665 -0.00306704 0.0142335
7.62 0.00859637 -0.00640393 0.0150003
7.63 0.00598019 -0.00967372 0.0156539
7.64 0.00333053 -0.0128623 0.0161929
7.65 0.000660234 -0.0159561 0.0166163
7.66 -0.00201776 -0.0189421 0.0169243
7.67 -0.00469046 -0.021808 0.0171175
7.68 -0.00734492 -0.0245422 0.0171973
7.69 -0.00996831 -0.0271341 0.0171658
7.7 -0.012548 -0.0295737 0.0170257
7.71 -0.0150716 -0.031852 0.0167804
7.72 -0.0175271 -0.0339611 0.016434
7.73 -0.0199029 -0.0358939 0.015991
7.74 -0.0221879 -0.0376444 0.0154565
7.75 -0.0243715 -0.0392077 0.0148362
7.76 -0.0264427 -0.0405787 0.014136
7.77 -0.0283919 -0.0417544 0.0133625
7.78 -0.0302117 -0.0427341 0.0125224
7.79 -0.0318944 -0.0435173 0.0116229
7.8 -0.033433 -0.0441043 0.0106713
7.81 -0.0348215 -0.0444968 0.00967527
7.82 -0.0360548 -0.0446972 0.00864241
7.83 -0.0371285 -0.0447091 0.0075806
7.84 -0.0380395 -0.0445372 0.00649771
7.85 -0.0387853 -0.0441869 0.0054016
7.86 -0.0393646 -0.0436647 0.00430007
7.87 -0.039777 -0.0429778 0.00320083
7.88 -0.040023 -0.0421344 0.00211141
7.89 -0.040104 -0.0411432 0.00103918
7.9 -0.0400226 -0.0400138 -8.79099e-06
7.91 -0.0397796 -0.0387539 -0.00102568
7.92 -0.0393815 -0.0373765 -0.00200502
7.93 -0.0388338 -0.0358931 -0.00294071
7.94 -0.0381425 -0.0343155 -0.00382703
7.95 -0.0373143 -0.0326556 -0.00465873
7.96 -0.0363566 -0.0309256 -0.005431
7.97 -0.0352777 -0.0291382 -0.00613952
7.98 -0.0340862 -0.0273057 -0.00678049
7.99 -0.0327915 -0.0254409 -0.00735063
8 -0.0314035 -0.0235563 -0.00784721
