# Generated on Sun Sep  5 13:26:29 2021 by yr2369.
# This file was created by PDFgui.
#S 1
#L r  Gtrunc  Gdiff  Gcalc
1.79 -0.151299 -0.0397206 -0.111578
1.8 -0.159895 -0.0373874 -0.122508
1.81 -0.1689 -0.0352976 -0.133602
1.82 -0.178265 -0.033445 -0.14482
1.83 -0.187939 -0.0318237 -0.156115
1.84 -0.197866 -0.0304242 -0.167442
1.85 -0.20799 -0.0292391 -0.178751
1.86 -0.218252 -0.028259 -0.189993
1.87 -0.22859 -0.0274731 -0.201117
1.88 -0.238941 -0.0268704 -0.212071
1.89 -0.249238 -0.0264369 -0.222801
1.9 -0.259418 -0.026163 -0.233255
1.91 -0.269407 -0.0260286 -0.243378
1.92 -0.27914 -0.0260226 -0.253117
1.93 -0.288548 -0.0261299 -0.262418
1.94 -0.297565 -0.026338 -0.271227
1.95 -0.306121 -0.0266297 -0.279491
1.96 -0.314152 -0.0269928 -0.287159
1.97 -0.32159 -0.0274103 -0.29418
1.98 -0.328372 -0.0278686 -0.300503
1.99 -0.334436 -0.0283534 -0.306083
2 -0.339721 -0.0288496 -0.310871
2.01 -0.34417 -0.0293441 -0.314826
2.02 -0.347728 -0.0298231 -0.317905
2.03 -0.350343 -0.0302735 -0.320069
2.04 -0.351966 -0.0306824 -0.321284
2.05 -0.35255 -0.0310357 -0.321514
2.06 -0.352039 -0.0313071 -0.320732
2.07 -0.350414 -0.031504 -0.31891
2.08 -0.347641 -0.0316152 -0.316026
2.09 -0.343694 -0.0316336 -0.31206
2.1 -0.338549 -0.0315504 -0.306999
2.11 -0.332191 -0.0313616 -0.300829
2.12 -0.324606 -0.0310603 -0.293546
2.13 -0.315786 -0.0306411 -0.285145
2.14 -0.305732 -0.0301034 -0.275629
2.15 -0.294445 -0.0294423 -0.265003
2.16 -0.281936 -0.0286582 -0.253278
2.17 -0.268218 -0.0277495 -0.240468
2.18 -0.253313 -0.0267188 -0.226594
2.19 -0.237246 -0.0255674 -0.211679
2.2 -0.220037 -0.0242872 -0.19575
2.21 -0.201726 -0.0228858 -0.17884
2.22 -0.182363 -0.0213765 -0.160987
2.23 -0.161996 -0.0197664 -0.14223
2.24 -0.140677 -0.0180626 -0.122614
2.25 -0.118463 -0.0162735 -0.10219
2.26 -0.0954143 -0.0144066 -0.0810077
2.27 -0.0715969 -0.012472 -0.0591249
2.28 -0.0470801 -0.0104793 -0.0366008
2.29 -0.0219372 -0.00843932 -0.0134979
2.3 0.00375515 -0.00636295 0.0101181
2.31 0.0299171 -0.0042617 0.0341788
2.32 0.056466 -0.0021474 0.0586134
2.33 0.0833169 -3.19899e-05 0.0833489
2.34 0.110382 0.00207169 0.10831
2.35 0.137574 0.00415292 0.133421
2.36 0.164798 0.00619473 0.158603
2.37 0.191963 0.00818506 0.183778
2.38 0.218976 0.0101106 0.208865
2.39 0.245746 0.0119604 0.233786
2.4 0.272181 0.0137226 0.258458
2.41 0.298191 0.0153872 0.282804
2.42 0.323684 0.0169415 0.306742
2.43 0.348572 0.018376 0.330196
2.44 0.372768 0.0196808 0.353087
2.45 0.396189 0.0208488 0.37534
2.46 0.418752 0.0218707 0.396881
2.47 0.440377 0.0227383 0.417639
2.48 0.46099 0.0234468 0.437543
2.49 0.480513 0.0239847 0.456528
2.5 0.498865 0.0243346 0.47453
2.51 0.515998 0.0245085 0.491489
2.52 0.531853 0.0245042 0.507349
2.53 0.546376 0.0243205 0.522056
2.54 0.559518 0.0239572 0.535561
2.55 0.571234 0.0234139 0.54782
2.56 0.581486 0.0226929 0.558793
2.57 0.590242 0.0217977 0.568444
2.58 0.597474 0.0207314 0.576743
2.59 0.603162 0.0194998 0.583662
2.6 0.60729 0.0181081 0.589182
2.61 0.609848 0.0165623 0.593286
2.62 0.610834 0.0148711 0.595963
2.63 0.610251 0.0130434 0.597208
2.64 0.60809 0.0110706 0.597019
2.65 0.604373 0.00896991 0.595403
2.66 0.599133 0.00676451 0.592368
2.67 0.592396 0.00446538 0.587931
2.68 0.584195 0.00208541 0.58211
2.69 0.574568 -0.000362447 0.57493
2.7 0.563558 -0.00286512 0.566423
2.71 0.551214 -0.00540826 0.556622
2.72 0.537589 -0.0079781 0.545567
2.73 0.52274 -0.0105613 0.533301
2.74 0.506731 -0.0131416 0.519873
2.75 0.489626 -0.015707 0.505333
2.76 0.471497 -0.0182411 0.489738
2.77 0.452416 -0.0207309 0.473147
2.78 0.432459 -0.023163 0.455622
2.79 0.411694 -0.0255348 0.437229
2.8 0.390217 -0.0278183 0.418035
2.81 0.368111 -0.0300012 0.398112
2.82 0.345462 -0.0320702 0.377532
2.83 0.322355 -0.0340147 0.35637
2.84 0.298879 -0.0358217 0.334701
2.85 0.275119 -0.0374833 0.312602
2.86 0.251163 -0.0389894 0.290152
2.87 0.227099 -0.0403304 0.267429
2.88 0.203012 -0.0415 0.244512
2.89 0.178987 -0.0424916 0.221479
2.9 0.155107 -0.0433 0.198407
2.91 0.131455 -0.0439193 0.175374
2.92 0.10811 -0.0443465 0.152457
2.93 0.0851516 -0.0445764 0.129728
2.94 0.0626577 -0.0446039 0.107262
2.95 0.0406948 -0.0444331 0.0851279
2.96 0.0193299 -0.0440652 0.0633951
2.97 -0.00137346 -0.0435024 0.0421289
2.98 -0.0213559 -0.0427482 0.0213923
2.99 -0.0405621 -0.0418068 0.0012447
3 -0.0589412 -0.0406838 -0.0182574
3.01 -0.0764469 -0.0393857 -0.0370612
3.02 -0.0930377 -0.0379199 -0.0551178
3.03 -0.108677 -0.0362951 -0.0723819
3.04 -0.123332 -0.0345194 -0.0888126
3.05 -0.136977 -0.032604 -0.104373
3.06 -0.149591 -0.0305603 -0.119031
3.07 -0.161155 -0.0283975 -0.132757
3.08 -0.171646 -0.0261162 -0.14553
3.09 -0.181065 -0.0237365 -0.157329
3.1 -0.189416 -0.0212768 -0.168139
3.11 -0.196703 -0.018751 -0.177952
3.12 -0.202936 -0.0161746 -0.186761
3.13 -0.208128 -0.0135615 -0.194567
3.14 -0.212296 -0.0109249 -0.201371
3.15 -0.215464 -0.00828088 -0.207183
3.16 -0.217657 -0.00564222 -0.212015
3.17 -0.218908 -0.00302545 -0.215883
3.18 -0.219251 -0.000444092 -0.218807
3.19 -0.218723 0.00208921 -0.220812
3.2 -0.217367 0.0045595 -0.221927
3.21 -0.215228 0.00695336 -0.222181
3.22 -0.21235 0.00926167 -0.221612
3.23 -0.208776 0.0114794 -0.220255
3.24 -0.20457 0.0135834 -0.218153
3.25 -0.199786 0.0155632 -0.215349
3.26 -0.19448 0.0174085 -0.211889
3.27 -0.188709 0.0191104 -0.207819
3.28 -0.18253 0.0206616 -0.203192
3.29 -0.176002 0.0220545 -0.198056
3.3 -0.169184 0.0232827 -0.192467
3.31 -0.162134 0.0243419 -0.186476
3.32 -0.154912 0.0252265 -0.180138
3.33 -0.147574 0.0259352 -0.173509
3.34 -0.140179 0.026464 -0.166643
3.35 -0.13278 0.0268147 -0.159595
3.36 -0.125433 0.0269858 -0.152419
3.37 -0.118192 0.0269768 -0.145169
3.38 -0.111107 0.0267906 -0.137898
3.39 -0.104226 0.0264307 -0.130657
3.4 -0.0975945 0.0259016 -0.123496
3.41 -0.0912551 0.0252092 -0.116464
3.42 -0.0852475 0.0243602 -0.109608
3.43 -0.0796086 0.0233618 -0.10297
3.44 -0.0743718 0.0222227 -0.0965945
3.45 -0.0695674 0.0209519 -0.0905193
3.46 -0.065222 0.0195594 -0.0847814
3.47 -0.0613588 0.0180559 -0.0794147
3.48 -0.0579974 0.0164525 -0.0744499
3.49 -0.0551535 0.014761 -0.0699145
3.5 -0.0528393 0.0129936 -0.0658329
3.51 -0.0510632 0.011163 -0.0622262
3.52 -0.0498381 0.00927384 -0.0591119
3.53 -0.0491586 0.00734567 -0.0565043
3.54 -0.04902 0.00539386 -0.0544139
3.55 -0.0494159 0.00343193 -0.0528478
3.56 -0.0503366 0.00147322 -0.0518098
3.57 -0.0517689 -0.000468903 -0.0513
3.58 -0.0536964 -0.00238133 -0.0513151
3.59 -0.0560995 -0.00425112 -0.0518484
3.6 -0.0589559 -0.00606595 -0.05289
3.61 -0.0622403 -0.00781369 -0.0544266
3.62 -0.0659251 -0.00948304 -0.0564421
3.63 -0.06998 -0.011063 -0.058917
3.64 -0.0743728 -0.0125434 -0.0618294
3.65 -0.0790692 -0.0139147 -0.0651545
3.66 -0.084034 -0.0151692 -0.0688648
3.67 -0.0892315 -0.0163007 -0.0729308
3.68 -0.0946187 -0.017298 -0.0773207
3.69 -0.100156 -0.0181554 -0.0820006
3.7 -0.105803 -0.0188679 -0.0869351
3.71 -0.111518 -0.0194309 -0.0920871
3.72 -0.117259 -0.0198407 -0.0974183
3.73 -0.122987 -0.0200979 -0.102889
3.74 -0.128658 -0.0201987 -0.108459
3.75 -0.134233 -0.020145 -0.114088
3.76 -0.139672 -0.0199382 -0.119734
3.77 -0.144935 -0.0195798 -0.125355
3.78 -0.149984 -0.0190732 -0.130911
3.79 -0.154783 -0.0184234 -0.13636
3.8 -0.159296 -0.0176351 -0.141661
3.81 -0.163486 -0.0167111 -0.146775
3.82 -0.167322 -0.0156592 -0.151663
3.83 -0.170776 -0.0144891 -0.156287
3.84 -0.173822 -0.013211 -0.160611
3.85 -0.176434 -0.0118337 -0.1646
3.86 -0.178591 -0.0103691 -0.168222
3.87 -0.180272 -0.00882726 -0.171445
3.88 -0.18146 -0.00722005 -0.17424
3.89 -0.182141 -0.00556018 -0.176581
3.9 -0.182303 -0.00385995 -0.178443
3.91 -0.181937 -0.00213221 -0.179805
3.92 -0.181037 -0.000390149 -0.180647
3.93 -0.1796 0.00135269 -0.180953
3.94 -0.177626 0.00308257 -0.180709
3.95 -0.175117 0.00478655 -0.179904
3.96 -0.17207 0.00645961 -0.17853
3.97 -0.168501 0.0080806 -0.176582
3.98 -0.164422 0.00963534 -0.174057
3.99 -0.159846 0.0111115 -0.170958
4 -0.154789 0.0124968 -0.167286
4.01 -0.149269 0.0137797 -0.163049
4.02 -0.143306 0.0149496 -0.158256
4.03 -0.136924 0.0159945 -0.152918
4.04 -0.130147 0.0169053 -0.147052
4.05 -0.123 0.0176744 -0.140674
4.06 -0.115513 0.0182919 -0.133805
4.07 -0.107713 0.0187529 -0.126466
4.08 -0.0996335 0.0190487 -0.118682
4.09 -0.0913045 0.0191759 -0.11048
4.1 -0.0827583 0.0191311 -0.101889
4.11 -0.074028 0.0189116 -0.0929396
4.12 -0.0651505 0.0185129 -0.0836634
4.13 -0.0561603 0.0179343 -0.0740946
4.14 -0.0470921 0.017176 -0.0642681
4.15 -0.0379807 0.0162395 -0.0542202
4.16 -0.0288605 0.0151275 -0.043988
4.17 -0.0197657 0.013844 -0.0336097
4.18 -0.0107298 0.0123937 -0.0231235
4.19 -0.00178572 0.0107828 -0.0125685
4.2 0.00703453 0.00901833 -0.0019838
4.21 0.0157 0.00710836 0.00859164
4.22 0.024181 0.00506212 0.0191189
4.23 0.0324489 0.00288948 0.0295594
4.24 0.0404769 0.000601544 0.0398754
4.25 0.048236 -0.0017935 0.0500295
4.26 0.0557034 -0.0042822 0.0599856
4.27 0.0628589 -0.00684961 0.0697085
4.28 0.0696827 -0.00948163 0.0791643
4.29 0.0761567 -0.0121638 0.0883205
4.3 0.0822647 -0.0148815 0.0971462
4.31 0.087993 -0.0176191 0.105612
4.32 0.0933297 -0.0203611 0.113691
4.33 0.0982649 -0.0230917 0.121357
4.34 0.102791 -0.0257952 0.128586
4.35 0.106903 -0.0284551 0.135358
4.36 0.110597 -0.0310561 0.141653
4.37 0.113872 -0.0335823 0.147454
4.38 0.116728 -0.0360192 0.152747
4.39 0.119169 -0.0383503 0.157519
4.4 0.121193 -0.0405679 0.161761
4.41 0.122812 -0.0426526 0.165465
4.42 0.124037 -0.0445882 0.168625
4.43 0.124877 -0.0463631 0.17124
4.44 0.125344 -0.0479651 0.173309
4.45 0.125453 -0.0493813 0.174834
4.46 0.125216 -0.0506041 0.17582
4.47 0.124652 -0.051621 0.176273
4.48 0.123777 -0.0524251 0.176202
4.49 0.12261 -0.0530082 0.175618
4.5 0.12117 -0.0533643 0.174534
4.51 0.119477 -0.0534884 0.172965
4.52 0.117552 -0.0533761 0.170928
4.53 0.115416 -0.0530251 0.168441
4.54 0.11309 -0.0524342 0.165524
4.55 0.110596 -0.0516032 0.162199
4.56 0.107958 -0.0505309 0.158489
4.57 0.105198 -0.0492193 0.154417
4.58 0.102338 -0.0476718 0.15001
4.59 0.099399 -0.0458933 0.145292
4.6 0.0964028 -0.043889 0.140292
4.61 0.0933699 -0.0416659 0.135036
4.62 0.0903203 -0.039232 0.129552
4.63 0.0872733 -0.0365964 0.12387
4.64 0.0842473 -0.0337693 0.118017
4.65 0.08126 -0.0307615 0.112022
4.66 0.0783277 -0.0275854 0.105913
4.67 0.0754659 -0.0242535 0.0997194
4.68 0.0726888 -0.0207798 0.0934686
4.69 0.0700111 -0.0171769 0.087188
4.7 0.0674437 -0.0134606 0.0809043
4.71 0.0649966 -0.00964713 0.0746437
4.72 0.0626789 -0.00575248 0.0684314
4.73 0.0604982 -0.00179328 0.0622915
4.74 0.0584608 0.00221359 0.0562472
4.75 0.0565716 0.00625106 0.0503205
4.76 0.0548341 0.0103019 0.0445322
4.77 0.0532504 0.0143487 0.0389017
4.78 0.0518215 0.0183745 0.033447
4.79 0.0505468 0.0223621 0.0281847
4.8 0.0494245 0.0262945 0.02313
4.81 0.0484516 0.0301552 0.0182964
4.82 0.0476239 0.0339281 0.0136958
4.83 0.0469365 0.0375977 0.00933879
4.84 0.0463846 0.0411505 0.00523411
4.85 0.0459587 0.0445697 0.00138899
4.86 0.0456505 0.0478414 -0.00219094
4.87 0.0454507 0.0509523 -0.00550165
4.88 0.0453497 0.0538903 -0.00854063
4.89 0.0453369 0.0566438 -0.0113069
4.9 0.0454013 0.0592023 -0.013801
4.91 0.0455313 0.0615563 -0.016025
4.92 0.0457152 0.0636972 -0.017982
4.93 0.0459407 0.0656175 -0.0196768
4.94 0.0461956 0.0673109 -0.0211153
4.95 0.0464675 0.0687722 -0.0223047
4.96 0.0467439 0.0699969 -0.023253
4.97 0.0470125 0.070982 -0.0239695
4.98 0.0472611 0.0717256 -0.0244645
4.99 0.0474773 0.0722261 -0.0247488
5 0.04765 0.0724843 -0.0248343
5.01 0.0477681 0.0725014 -0.0247333
5.02 0.0478213 0.0722802 -0.0244589
5.03 0.0477995 0.0718239 -0.0240244
5.04 0.0476936 0.0711374 -0.0234438
5.05 0.047495 0.070226 -0.022731
5.06 0.0471959 0.0690963 -0.0219004
5.07 0.0467896 0.0677558 -0.0209662
5.08 0.0462697 0.0662125 -0.0199428
5.09 0.0456312 0.0644756 -0.0188444
5.1 0.0448697 0.0625547 -0.017685
5.11 0.043982 0.0604603 -0.0164783
5.12 0.0429655 0.0582033 -0.0152378
5.13 0.0418168 0.0557931 -0.0139763
5.14 0.0405371 0.0532435 -0.0127064
5.15 0.0391274 0.0505673 -0.0114399
5.16 0.037589 0.047777 -0.010188
5.17 0.0359243 0.0448857 -0.00896138
5.18 0.0341367 0.0419065 -0.0077698
5.19 0.0322302 0.0388525 -0.00662234
5.2 0.0302098 0.035737 -0.00552722
5.21 0.0280813 0.0325732 -0.00449187
5.22 0.0258511 0.0293739 -0.00352281
5.23 0.0235264 0.0261521 -0.00262569
5.24 0.021115 0.0229203 -0.00180529
5.25 0.0186253 0.0196908 -0.00106547
5.26 0.0160661 0.0164753 -0.000409191
5.27 0.0134466 0.0132852 0.000161449
5.28 0.0107762 0.010131 0.00064524
5.29 0.0080658 0.00702398 0.00104182
5.3 0.00532564 0.003974 0.00135164
5.31 0.00256614 0.000990177 0.00157596
5.32 -0.000202194 -0.001919 0.0017168
5.33 -0.00296883 -0.00474571 0.00177688
5.34 -0.00572328 -0.00748289 0.00175961
5.35 -0.0084552 -0.0101242 0.00166901
5.36 -0.0111544 -0.0126641 0.00150967
5.37 -0.013811 -0.0150977 0.00128671
5.38 -0.0164154 -0.0174211 0.00100569
5.39 -0.0189583 -0.0196309 0.000672582
5.4 -0.021431 -0.0217247 0.000293681
5.41 -0.0238252 -0.0237008 -0.000124439
5.42 -0.026132 -0.025557 -0.000575
5.43 -0.0283444 -0.0272933 -0.00105108
5.44 -0.0304565 -0.0289108 -0.00154568
5.45 -0.0324625 -0.0304107 -0.00205177
5.46 -0.034357 -0.0317946 -0.0025624
5.47 -0.0361358 -0.0330651 -0.0030707
5.48 -0.037795 -0.034225 -0.00356998
5.49 -0.0393316 -0.0352778 -0.00405377
5.5 -0.0407434 -0.0362275 -0.00451589
5.51 -0.042029 -0.0370785 -0.00495047
5.52 -0.0431875 -0.0378355 -0.00535205
5.53 -0.0442191 -0.0385035 -0.00571557
5.54 -0.0451244 -0.039088 -0.00603645
5.55 -0.0459051 -0.0395945 -0.00631059
5.56 -0.0465632 -0.0400287 -0.00653446
5.57 -0.0470997 -0.0403946 -0.00670506
5.58 -0.0475201 -0.0407001 -0.00681998
5.59 -0.0478288 -0.0409514 -0.00687743
5.6 -0.0480303 -0.0411541 -0.00687622
5.61 -0.04813 -0.0413142 -0.00681577
5.62 -0.0481336 -0.0414374 -0.00669617
5.63 -0.0480472 -0.0415291 -0.0065181
5.64 -0.0478775 -0.0415946 -0.00628287
5.65 -0.0476311 -0.0416387 -0.0059924
5.66 -0.0473153 -0.0416661 -0.0056492
5.67 -0.0469374 -0.0416811 -0.00525634
5.68 -0.0465048 -0.0416873 -0.00481747
5.69 -0.0460252 -0.0416885 -0.00433671
5.7 -0.0455062 -0.0416875 -0.0038187
5.71 -0.0449552 -0.0416867 -0.0032685
5.72 -0.0443799 -0.0416883 -0.00269161
5.73 -0.0437879 -0.041694 -0.00209386
5.74 -0.0431865 -0.0417051 -0.00148142
5.75 -0.0425826 -0.0417219 -0.000860701
5.76 -0.041983 -0.0417446 -0.000238366
5.77 -0.0413938 -0.0417726 0.00037878
5.78 -0.0408211 -0.0418049 0.000983814
5.79 -0.0402704 -0.0418402 0.00156976
5.8 -0.0397466 -0.0418762 0.00212963
5.81 -0.0392544 -0.0419109 0.0026565
5.82 -0.0387978 -0.0419414 0.00314355
5.83 -0.0383801 -0.0419642 0.00358414
5.84 -0.0380044 -0.0419762 0.00397182
5.85 -0.0376729 -0.0419733 0.00430042
5.86 -0.0373878 -0.0419519 0.00456411
5.87 -0.03715 -0.0419074 0.00475741
5.88 -0.0369595 -0.0418348 0.00487526
5.89 -0.0368163 -0.0417293 0.00491305
5.9 -0.0367193 -0.041586 0.00486668
5.91 -0.0366674 -0.0414 0.0047326
5.92 -0.0366583 -0.0411661 0.00450779
5.93 -0.0366896 -0.0408795 0.00418987
5.94 -0.0367581 -0.0405352 0.00377707
5.95 -0.0368603 -0.0401286 0.00326825
5.96 -0.0369919 -0.0396549 0.00266298
5.97 -0.0371484 -0.0391098 0.00196145
5.98 -0.0373249 -0.0384895 0.00116458
5.99 -0.0375158 -0.0377898 0.000273961
6 -0.0377157 -0.0370076 -0.000708124
6.01 -0.0379183 -0.0361396 -0.00177871
6.02 -0.0381173 -0.0351831 -0.00293416
6.03 -0.0383064 -0.0341362 -0.00417019
6.04 -0.0384789 -0.0329971 -0.00548184
6.05 -0.0386282 -0.0317646 -0.00686358
6.06 -0.0387477 -0.0304384 -0.00830927
6.07 -0.0388307 -0.0290185 -0.00981221
6.08 -0.0388707 -0.0275055 -0.0113652
6.09 -0.0388613 -0.0259008 -0.0129605
6.1 -0.0387962 -0.0242061 -0.0145901
6.11 -0.0386694 -0.022424 -0.0162454
6.12 -0.0384751 -0.0205576 -0.0179175
6.13 -0.038208 -0.0186108 -0.0195972
6.14 -0.0378631 -0.0165878 -0.0212753
6.15 -0.0374349 -0.0144929 -0.022942
6.16 -0.036919 -0.0123312 -0.0245878
6.17 -0.0363126 -0.0101099 -0.0262027
6.18 -0.0356126 -0.00783547 -0.0277771
6.19 -0.0348163 -0.00551508 -0.0293012
6.2 -0.0339218 -0.00315643 -0.0307654
6.21 -0.0329276 -0.000767483 -0.0321601
6.22 -0.031833 0.00164323 -0.0334762
6.23 -0.0306377 0.00406706 -0.0347048
6.24 -0.0293423 0.00649479 -0.0358371
6.25 -0.0279478 0.0089172 -0.036865
6.26 -0.0264559 0.0113248 -0.0377807
6.27 -0.0248691 0.0137078 -0.0385769
6.28 -0.0231904 0.0160565 -0.0392469
6.29 -0.0214233 0.0183612 -0.0397845
6.3 -0.019571 0.0206132 -0.0401842
6.31 -0.0176393 0.0228018 -0.0404411
6.32 -0.0156339 0.0249172 -0.0405511
6.33 -0.0135607 0.02695 -0.0405107
6.34 -0.0114261 0.0288911 -0.0403172
6.35 -0.00923697 0.0307317 -0.0399687
6.36 -0.00700054 0.0324635 -0.039464
6.37 -0.00472447 0.0340785 -0.0388029
6.38 -0.00241673 0.0355691 -0.0379859
6.39 -8.55707e-05 0.0369285 -0.0370141
6.4 0.00226051 0.0381503 -0.0358898
6.41 0.00461285 0.0392286 -0.0346157
6.42 0.00696263 0.0401584 -0.0331957
6.43 0.00930097 0.0409352 -0.0316342
6.44 0.0116188 0.0415552 -0.0299364
6.45 0.0139068 0.042015 -0.0281082
6.46 0.0161564 0.0423128 -0.0261564
6.47 0.0183588 0.042447 -0.0240882
6.48 0.0205057 0.0424174 -0.0219117
6.49 0.0225888 0.0422241 -0.0196353
6.5 0.0246 0.0418682 -0.0172682
6.51 0.0265317 0.0413517 -0.01482
6.52 0.0283768 0.0406774 -0.0123006
6.53 0.0301282 0.0398489 -0.0097207
6.54 0.0317797 0.0388706 -0.00709091
6.55 0.0333254 0.0377478 -0.00442236
6.56 0.0347599 0.0364863 -0.00172636
6.57 0.0360784 0.0350928 0.000985618
6.58 0.0372768 0.0335748 0.00370199
6.59 0.0383501 0.031939 0.00641112
6.6 0.0392956 0.0301942 0.0091014
6.61 0.040112 0.0283507 0.0117613
6.62 0.0407977 0.0264183 0.0143794
6.63 0.0413519 0.0244075 0.0169444
6.64 0.0417742 0.0223287 0.0194455
6.65 0.0420651 0.0201931 0.021872
6.66 0.0422257 0.018012 0.0242137
6.67 0.0422577 0.0157971 0.0264606
6.68 0.0421634 0.01356 0.0286034
6.69 0.041946 0.0113128 0.0306332
6.7 0.041609 0.00906725 0.0325417
6.71 0.0411567 0.00683535 0.0343214
6.72 0.0405938 0.00462884 0.035965
6.73 0.0399255 0.00245929 0.0374662
6.74 0.0391562 0.00033675 0.0388194
6.75 0.0382936 -0.00172616 0.0400198
6.76 0.0373446 -0.0037184 0.041063
6.77 0.0363162 -0.00562958 0.0419458
6.78 0.0352157 -0.00744982 0.0426655
6.79 0.0340507 -0.00916975 0.0432204
6.8 0.0328291 -0.0107805 0.0436096
6.81 0.0315589 -0.0122739 0.0438328
6.82 0.0302481 -0.0136425 0.0438906
6.83 0.0289051 -0.0148795 0.0437846
6.84 0.027538 -0.015979 0.043517
6.85 0.0261551 -0.0169356 0.0430907
6.86 0.0247644 -0.017745 0.0425094
6.87 0.023374 -0.0184037 0.0417777
6.88 0.0219918 -0.0189088 0.0409006
6.89 0.0206258 -0.0192583 0.0398841
6.9 0.0192831 -0.0194513 0.0387344
6.91 0.0179708 -0.019488 0.0374588
6.92 0.0166955 -0.0193691 0.0360646
6.93 0.0154636 -0.0190964 0.03456
6.94 0.0142809 -0.0186725 0.0329534
6.95 0.0131528 -0.0181012 0.031254
6.96 0.0120842 -0.0173866 0.0294708
6.97 0.0110795 -0.0165339 0.0276134
6.98 0.0101427 -0.0155491 0.0256918
6.99 0.00927696 -0.0144389 0.0237159
7 0.00848517 -0.0132106 0.0216958
7.01 0.00776947 -0.0118724 0.0196419
7.02 0.00713146 -0.0104328 0.0175643
7.03 0.00657309 -0.00890019 0.0154733
7.04 0.00609437 -0.00728466 0.013379
7.05 0.00569458 -0.00559695 0.0112915
7.06 0.00537297 -0.00384765 0.00922062
7.07 0.00512821 -0.00204767 0.00717588
7.08 0.00495843 -0.000208175 0.00516661
7.09 0.00486123 0.00165947 0.00320176
7.1 0.00483372 0.00354379 0.00128993
7.11 0.00487252 0.00543324 -0.000560719
7.12 0.00497381 0.00731629 -0.00234248
7.13 0.00513334 0.00918149 -0.00404815
7.14 0.00534649 0.0110175 -0.00567104
7.15 0.00560829 0.0128133 -0.00720501
7.16 0.00591346 0.014558 -0.00864454
7.17 0.00625646 0.0162411 -0.00998467
7.18 0.00663198 0.0178531 -0.0112211
7.19 0.00703337 0.0193835 -0.0123501
7.2 0.00745453 0.0208233 -0.0133687
7.21 0.00788927 0.0221638 -0.0142745
7.22 0.00833136 0.0233972 -0.0150658
7.23 0.00877458 0.0245162 -0.0157416
7.24 0.00921272 0.0255141 -0.0163013
7.25 0.0096397 0.0263851 -0.0167454
7.26 0.0100496 0.0271241 -0.0170745
7.27 0.0104365 0.0277268 -0.0172903
7.28 0.0107949 0.0281898 -0.0173949
7.29 0.0111195 0.0285103 -0.0173908
7.3 0.0114053 0.0286867 -0.0172814
7.31 0.0116475 0.0287179 -0.0170704
7.32 0.0118414 0.0286034 -0.016762
7.33 0.0119828 0.0283437 -0.0163609
7.34 0.0120686 0.027941 -0.0158724
7.35 0.0120958 0.0273976 -0.0153018
7.36 0.0120618 0.026717 -0.0146552
7.37 0.0119644 0.025903 -0.0139386
7.38 0.011802 0.0249606 -0.0131586
7.39 0.0115734 0.0238952 -0.0123218
7.4 0.011278 0.0227131 -0.0114351
7.41 0.0109156 0.021421 -0.0105054
7.42 0.0104867 0.0200267 -0.00954
7.43 0.00999201 0.0185379 -0.0085459
7.44 0.00943304 0.0169633 -0.00753028
7.45 0.00881162 0.0153119 -0.00650027
7.46 0.0081301 0.013593 -0.00546289
7.47 0.00739055 0.0118156 -0.00442508
7.48 0.0065968 0.00999038 -0.00339358
7.49 0.00575278 0.00812772 -0.00237494
7.5 0.00486257 0.00623807 -0.0013755
7.51 0.00393055 0.00433185 -0.000401302
7.52 0.00296145 0.00241955 0.000541903
7.53 0.00196029 0.000511592 0.0014487
7.54 0.000932332 -0.00138169 0.00231402
7.55 -0.000116942 -0.00325014 0.0031332
7.56 -0.00118188 -0.00508385 0.00390197
7.57 -0.00225669 -0.00687317 0.00461648
7.58 -0.00333549 -0.00860882 0.00527333
7.59 -0.00441235 -0.0102819 0.00586958
7.6 -0.00548132 -0.0118841 0.00640274
7.61 -0.00653644 -0.0134073 0.00687082
7.62 -0.00757147 -0.0148437 0.00727227
7.63 -0.00858092 -0.016187 0.00760605
7.64 -0.00955923 -0.0174308 0.00787157
7.65 -0.010501 -0.0185697 0.00806873
7.66 -0.0114012 -0.0195991 0.00819788
7.67 -0.0122549 -0.0205147 0.00825983
7.68 -0.0130575 -0.0213133 0.00825583
7.69 -0.0138049 -0.0219924 0.00818754
7.7 -0.0144932 -0.0225502 0.00805703
7.71 -0.0151189 -0.0229857 0.00786677
7.72 -0.015679 -0.0232986 0.00761956
7.73 -0.016171 -0.0234896 0.00731855
7.74 -0.0165926 -0.0235598 0.00696721
7.75 -0.0169421 -0.0235114 0.00656927
7.76 -0.0172179 -0.0233466 0.00612872
7.77 -0.0174191 -0.0230689 0.00564977
7.78 -0.0175462 -0.022683 0.00513681
7.79 -0.0175997 -0.0221941 0.00459439
7.8 -0.0175803 -0.0216075 0.00402718
7.81 -0.0174893 -0.0209292 0.00343994
7.82 -0.0173287 -0.0201662 0.00283749
7.83 -0.0171006 -0.0193252 0.00222465
7.84 -0.0168079 -0.0184141 0.00160624
7.85 -0.0164536 -0.0174407 0.000987051
7.86 -0.0160415 -0.0164133 0.000371764
7.87 -0.0155755 -0.0153405 -0.000235027
7.88 -0.0150599 -0.014231 -0.000828873
7.89 -0.0144995 -0.013094 -0.00140549
7.9 -0.0138992 -0.0119384 -0.00196078
7.91 -0.0132638 -0.0107729 -0.00249089
7.92 -0.0125993 -0.00960713 -0.00299217
7.93 -0.0119117 -0.00845042 -0.00346128
7.94 -0.0112066 -0.00731148 -0.00389512
7.95 -0.0104901 -0.00619918 -0.00429092
7.96 -0.00976811 -0.0051219 -0.00464621
7.97 -0.0090467 -0.00408783 -0.00495887
7.98 -0.00833187 -0.00310478 -0.00522709
7.99 -0.00762958 -0.00218014 -0.00544944
8 -0.00694569 -0.00132086 -0.00562483
