# Generated on Sun Sep  5 13:27:02 2021 by yr2369.
# This file was created by PDFgui.
#S 1
#L r  Gtrunc  Gdiff  Gcalc
1.79 -0.127738 -0.0134449 -0.114293
1.8 -0.13536 -0.0109115 -0.124448
1.81 -0.143446 -0.00868397 -0.134762
1.82 -0.151959 -0.00676206 -0.145197
1.83 -0.160857 -0.00514227 -0.155715
1.84 -0.170096 -0.0038207 -0.166275
1.85 -0.179629 -0.00279197 -0.176837
1.86 -0.189406 -0.00204901 -0.187357
1.87 -0.199375 -0.0015839 -0.197791
1.88 -0.209481 -0.00138675 -0.208094
1.89 -0.219668 -0.00144745 -0.218221
1.9 -0.229877 -0.00175353 -0.228123
1.91 -0.240045 -0.00228897 -0.237756
1.92 -0.250112 -0.00304095 -0.247071
1.93 -0.260014 -0.00399269 -0.256021
1.94 -0.269688 -0.00512824 -0.26456
1.95 -0.279072 -0.00643224 -0.27264
1.96 -0.288101 -0.00788573 -0.280215
1.97 -0.296714 -0.00947293 -0.287241
1.98 -0.304846 -0.011173 -0.293673
1.99 -0.312437 -0.012969 -0.299468
2 -0.319427 -0.0148422 -0.304585
2.01 -0.325757 -0.0167736 -0.308983
2.02 -0.331371 -0.0187451 -0.312626
2.03 -0.336213 -0.0207364 -0.315477
2.04 -0.340233 -0.0227314 -0.317502
2.05 -0.343377 -0.0247071 -0.31867
2.06 -0.345588 -0.0266351 -0.318953
2.07 -0.346837 -0.0285121 -0.318325
2.08 -0.347084 -0.0303209 -0.316763
2.09 -0.346294 -0.0320464 -0.314248
2.1 -0.344437 -0.0336749 -0.310762
2.11 -0.341485 -0.0351917 -0.306293
2.12 -0.337417 -0.0365854 -0.300832
2.13 -0.332215 -0.0378442 -0.294371
2.14 -0.325865 -0.0389566 -0.286908
2.15 -0.318359 -0.0399134 -0.278446
2.16 -0.309695 -0.0407077 -0.268987
2.17 -0.299874 -0.0413318 -0.258542
2.18 -0.288903 -0.0417801 -0.247123
2.19 -0.276795 -0.0420495 -0.234746
2.2 -0.263555 -0.0421247 -0.22143
2.21 -0.249208 -0.042007 -0.207201
2.22 -0.23379 -0.0417049 -0.192085
2.23 -0.217335 -0.0412212 -0.176114
2.24 -0.199879 -0.0405571 -0.159322
2.25 -0.181465 -0.0397175 -0.141747
2.26 -0.162138 -0.038706 -0.123432
2.27 -0.14195 -0.0375297 -0.10442
2.28 -0.120955 -0.0361949 -0.0847601
2.29 -0.0992133 -0.0347112 -0.0645021
2.3 -0.0767867 -0.0330871 -0.0436996
2.31 -0.0537417 -0.031333 -0.0224087
2.32 -0.0301475 -0.0294599 -0.000687635
2.33 -0.0060766 -0.0274798 0.0214032
2.34 0.0183961 -0.0254052 0.0438013
2.35 0.0431974 -0.0232455 0.0664429
2.36 0.0682416 -0.0210207 0.0892623
2.37 0.0934471 -0.0187459 0.112193
2.38 0.118732 -0.0164354 0.135167
2.39 0.144013 -0.0141042 0.158117
2.4 0.169206 -0.0117677 0.180974
2.41 0.194228 -0.00944019 0.203668
2.42 0.218995 -0.00713688 0.226132
2.43 0.243424 -0.00487251 0.248297
2.44 0.267433 -0.00266148 0.270094
2.45 0.290941 -0.000518094 0.291459
2.46 0.313868 0.00154311 0.312325
2.47 0.336138 0.00351016 0.332628
2.48 0.357676 0.00537032 0.352306
2.49 0.378405 0.00710692 0.371298
2.5 0.398246 0.00869906 0.389547
2.51 0.417144 0.0101474 0.406997
2.52 0.435038 0.0114439 0.423594
2.53 0.451869 0.0125796 0.439289
2.54 0.467582 0.0135466 0.454035
2.55 0.482127 0.0143387 0.467788
2.56 0.49546 0.014952 0.480508
2.57 0.507538 0.0153802 0.492158
2.58 0.518327 0.0156223 0.502705
2.59 0.527795 0.0156753 0.51212
2.6 0.535918 0.0155403 0.520378
2.61 0.542673 0.0152152 0.527458
2.62 0.548047 0.0147038 0.533343
2.63 0.55203 0.0140086 0.538021
2.64 0.554601 0.013117 0.541484
2.65 0.555768 0.0120409 0.543727
2.66 0.555547 0.010796 0.544751
2.67 0.553951 0.00939089 0.54456
2.68 0.550996 0.00783259 0.543163
2.69 0.546705 0.00613112 0.540574
2.7 0.541106 0.00429733 0.536809
2.71 0.534231 0.00234204 0.531889
2.72 0.526116 0.000276102 0.52584
2.73 0.516803 -0.00188743 0.51869
2.74 0.506338 -0.00413518 0.510473
2.75 0.49477 -0.00645432 0.501224
2.76 0.482153 -0.00883037 0.490983
2.77 0.468543 -0.01125 0.479793
2.78 0.454002 -0.013697 0.467699
2.79 0.438577 -0.0161727 0.45475
2.8 0.422351 -0.0186453 0.440996
2.81 0.405393 -0.0210991 0.426492
2.82 0.387772 -0.0235205 0.411292
2.83 0.369561 -0.0258939 0.395455
2.84 0.350833 -0.0282052 0.379038
2.85 0.331661 -0.0304416 0.362103
2.86 0.312121 -0.0325886 0.34471
2.87 0.292287 -0.0346343 0.326921
2.88 0.272235 -0.0365654 0.3088
2.89 0.252038 -0.038372 0.29041
2.9 0.231771 -0.040042 0.271813
2.91 0.211505 -0.0415672 0.253072
2.92 0.191313 -0.0429369 0.23425
2.93 0.171265 -0.0441426 0.215408
2.94 0.151433 -0.0451727 0.196606
2.95 0.131878 -0.0460256 0.177904
2.96 0.112664 -0.0466948 0.159359
2.97 0.0938514 -0.0471761 0.141027
2.98 0.075496 -0.0474675 0.122964
2.99 0.0576517 -0.0475672 0.105219
3 0.0403684 -0.0474747 0.0878431
3.01 0.0236927 -0.0471904 0.0708831
3.02 0.00766709 -0.0467161 0.0543831
3.03 -0.00766976 -0.0460545 0.0383848
3.04 -0.0222833 -0.0452096 0.0229263
3.05 -0.036143 -0.0441861 0.00804308
3.06 -0.0492227 -0.0429898 -0.00623287
3.07 -0.0615006 -0.0416278 -0.0198728
3.08 -0.072948 -0.0400966 -0.0328514
3.09 -0.083558 -0.0384111 -0.0451469
3.1 -0.0933263 -0.0365855 -0.0567408
3.11 -0.102248 -0.0346296 -0.0676184
3.12 -0.110324 -0.0325555 -0.0777685
3.13 -0.117557 -0.0303738 -0.0871832
3.14 -0.123956 -0.0280976 -0.0958584
3.15 -0.129532 -0.0257387 -0.103793
3.16 -0.134301 -0.0233104 -0.110991
3.17 -0.138282 -0.0208259 -0.117456
3.18 -0.141498 -0.0182987 -0.123199
3.19 -0.143976 -0.0157436 -0.128232
3.2 -0.145743 -0.0131723 -0.132571
3.21 -0.146832 -0.0105994 -0.136233
3.22 -0.147277 -0.00803789 -0.139239
3.23 -0.147106 -0.00549227 -0.141614
3.24 -0.146369 -0.00298651 -0.143382
3.25 -0.145108 -0.000534355 -0.144574
3.26 -0.143364 0.00185348 -0.145217
3.27 -0.141181 0.00416515 -0.145346
3.28 -0.138606 0.00638746 -0.144993
3.29 -0.135683 0.00851166 -0.144195
3.3 -0.132459 0.0105272 -0.142986
3.31 -0.128981 0.0124247 -0.141406
3.32 -0.125295 0.0141964 -0.139491
3.33 -0.121449 0.0158332 -0.137282
3.34 -0.117486 0.0173314 -0.134817
3.35 -0.113454 0.0186823 -0.132136
3.36 -0.109395 0.0198833 -0.129278
3.37 -0.105353 0.0209294 -0.126282
3.38 -0.101371 0.0218163 -0.123187
3.39 -0.0974879 0.0225427 -0.120031
3.4 -0.0937416 0.0231079 -0.116849
3.41 -0.0901675 0.0235122 -0.11368
3.42 -0.0867991 0.0237567 -0.110556
3.43 -0.0836672 0.0238439 -0.107511
3.44 -0.0808003 0.0237766 -0.104577
3.45 -0.0782241 0.0235591 -0.101783
3.46 -0.0759615 0.0231963 -0.0991578
3.47 -0.0740327 0.0226939 -0.0967266
3.48 -0.0724549 0.0220583 -0.0945132
3.49 -0.0712422 0.021297 -0.0925392
3.5 -0.0704058 0.0204178 -0.0908236
3.51 -0.0699539 0.0194292 -0.0893831
3.52 -0.0698976 0.0183345 -0.0882321
3.53 -0.0702343 0.0171477 -0.087382
3.54 -0.0709617 0.0158805 -0.0868422
3.55 -0.0720759 0.0145433 -0.0866192
3.56 -0.0735701 0.0131468 -0.0867169
3.57 -0.0754346 0.0117021 -0.0871367
3.58 -0.0776573 0.0102201 -0.0878774
3.59 -0.0802234 0.00871213 -0.0889355
3.6 -0.0831158 0.00718901 -0.0903048
3.61 -0.0863148 0.00566194 -0.0919767
3.62 -0.0897989 0.0041416 -0.0939405
3.63 -0.0935445 0.00263851 -0.096183
3.64 -0.0975262 0.00116288 -0.0986891
3.65 -0.101717 -0.000275512 -0.101441
3.66 -0.106089 -0.00166787 -0.104421
3.67 -0.110613 -0.00300586 -0.107607
3.68 -0.115257 -0.00427998 -0.110977
3.69 -0.119987 -0.00548019 -0.114507
3.7 -0.124773 -0.00660178 -0.118171
3.71 -0.129581 -0.00763718 -0.121944
3.72 -0.134379 -0.00858181 -0.125797
3.73 -0.139133 -0.00942994 -0.129703
3.74 -0.143811 -0.0101785 -0.133633
3.75 -0.14838 -0.0108237 -0.137556
3.76 -0.152809 -0.0113644 -0.141445
3.77 -0.157067 -0.0117992 -0.145268
3.78 -0.161123 -0.0121269 -0.148996
3.79 -0.164949 -0.0123489 -0.1526
3.8 -0.168517 -0.0124663 -0.156051
3.81 -0.171798 -0.0124786 -0.159319
3.82 -0.174766 -0.0123875 -0.162379
3.83 -0.177402 -0.0122007 -0.165201
3.84 -0.179684 -0.0119222 -0.167762
3.85 -0.181593 -0.0115573 -0.170036
3.86 -0.183113 -0.0111134 -0.172
3.87 -0.184229 -0.0105972 -0.173632
3.88 -0.184927 -0.0100147 -0.174912
3.89 -0.185197 -0.00937445 -0.175823
3.9 -0.185032 -0.00868602 -0.176346
3.91 -0.184425 -0.00795712 -0.176468
3.92 -0.183373 -0.00719746 -0.176176
3.93 -0.181875 -0.00641671 -0.175458
3.94 -0.179933 -0.00562543 -0.174308
3.95 -0.177549 -0.00483201 -0.172717
3.96 -0.174722 -0.00403966 -0.170682
3.97 -0.171468 -0.00326637 -0.168202
3.98 -0.167797 -0.00252191 -0.165275
3.99 -0.163721 -0.00181584 -0.161905
4 -0.159255 -0.0011585 -0.158096
4.01 -0.154416 -0.000560075 -0.153856
4.02 -0.14922 -2.759e-05 -0.149192
4.03 -0.143688 0.000429007 -0.144117
4.04 -0.13784 0.000802801 -0.138643
4.05 -0.1317 0.00108483 -0.132785
4.06 -0.125291 0.00126902 -0.12656
4.07 -0.118637 0.00135007 -0.119987
4.08 -0.111765 0.00132137 -0.113086
4.09 -0.104702 0.00117788 -0.10588
4.1 -0.097473 0.000918046 -0.098391
4.11 -0.0901065 0.000538123 -0.0906446
4.12 -0.0826325 3.40945e-05 -0.0826666
4.13 -0.0750791 -0.000595085 -0.074484
4.14 -0.0674748 -0.00134993 -0.0661249
4.15 -0.0598475 -0.00222955 -0.057618
4.16 -0.0522251 -0.00323242 -0.0489927
4.17 -0.0446348 -0.00435581 -0.040279
4.18 -0.0371035 -0.00559636 -0.0315071
4.19 -0.0296571 -0.00694949 -0.0227076
4.2 -0.0223207 -0.00840981 -0.0139109
4.21 -0.0151185 -0.0099711 -0.0051474
4.22 -0.00807338 -0.0116261 0.00355273
4.23 -0.00120726 -0.013367 0.0121597
4.24 0.00545946 -0.015185 0.0206444
4.25 0.0119049 -0.0170734 0.0289783
4.26 0.0181123 -0.0190213 0.0371336
4.27 0.0240672 -0.0210165 0.0450837
4.28 0.0297554 -0.0230473 0.0528027
4.29 0.0351643 -0.025102 0.0602663
4.3 0.040283 -0.0271683 0.0674513
4.31 0.0451026 -0.0292331 0.0743357
4.32 0.0496156 -0.0312837 0.0808993
4.33 0.0538166 -0.0333068 0.0871234
4.34 0.0577018 -0.035289 0.0929908
4.35 0.0612692 -0.037217 0.0984862
4.36 0.0645185 -0.0390774 0.103596
4.37 0.0674512 -0.0408569 0.108308
4.38 0.0700704 -0.0425425 0.112613
4.39 0.0723806 -0.0441216 0.116502
4.4 0.0743828 -0.045587 0.11997
4.41 0.0760906 -0.0469209 0.123011
4.42 0.0775128 -0.0481121 0.125625
4.43 0.0786602 -0.0491493 0.12781
4.44 0.0795442 -0.0500225 0.129567
4.45 0.0801776 -0.0507222 0.1309
4.46 0.0805742 -0.0512395 0.131814
4.47 0.0807487 -0.0515664 0.132315
4.48 0.0807164 -0.0516962 0.132413
4.49 0.0804935 -0.0516227 0.132116
4.5 0.0800965 -0.0513409 0.131437
4.51 0.0795425 -0.0508468 0.130389
4.52 0.0788488 -0.0501375 0.128986
4.53 0.078033 -0.0492113 0.127244
4.54 0.077112 -0.0480679 0.12518
4.55 0.0761036 -0.0467076 0.122811
4.56 0.0750263 -0.0451309 0.120157
4.57 0.0738971 -0.0433404 0.117238
4.58 0.0727327 -0.0413402 0.114073
4.59 0.0715494 -0.0391349 0.110684
4.6 0.0703626 -0.0367309 0.107093
4.61 0.0691874 -0.0341351 0.103323
4.62 0.0680379 -0.0313558 0.0993937
4.63 0.0669272 -0.0284024 0.0953296
4.64 0.0658678 -0.0252847 0.0911525
4.65 0.064871 -0.0220141 0.0868851
4.66 0.063947 -0.0186025 0.0825495
4.67 0.0631051 -0.0150625 0.0781676
4.68 0.0623533 -0.0114077 0.073761
4.69 0.0616999 -0.00765071 0.0693506
4.7 0.0611495 -0.00380742 0.0649569
4.71 0.0607062 0.000106628 0.0605996
4.72 0.0603731 0.00407564 0.0562975
4.73 0.060152 0.00808341 0.0520686
4.74 0.0600434 0.0121134 0.04793
4.75 0.0600469 0.0161491 0.0438978
4.76 0.0601607 0.0201737 0.039987
4.77 0.0603818 0.0241705 0.0362113
4.78 0.0607063 0.0281229 0.0325834
4.79 0.0611289 0.0320142 0.0291147
4.8 0.0616436 0.0358281 0.0258155
4.81 0.0622434 0.0395489 0.0226945
4.82 0.0629202 0.0431607 0.0197595
4.83 0.0636654 0.0466487 0.0170167
4.84 0.0644701 0.0499991 0.014471
4.85 0.0653231 0.0531968 0.0121263
4.86 0.0662135 0.0562286 0.00998486
4.87 0.06713 0.0590821 0.00804788
4.88 0.068061 0.0617457 0.00631527
4.89 0.0689947 0.064209 0.00478573
4.9 0.0699187 0.0664619 0.00345681
4.91 0.0708209 0.068496 0.00232495
4.92 0.071689 0.0703035 0.00138551
4.93 0.0725107 0.0718778 0.000632854
4.94 0.073274 0.0732136 6.04109e-05
4.95 0.0739671 0.0743064 -0.000339279
4.96 0.0745785 0.075153 -0.000574479
4.97 0.0750971 0.0757513 -0.000654185
4.98 0.0755115 0.0760996 -0.000588051
4.99 0.0758113 0.0761976 -0.000386308
5 0.0759882 0.0760479 -5.96836e-05
5.01 0.0760337 0.075653 0.000380676
5.02 0.0759401 0.0750168 0.000923295
5.03 0.0757003 0.0741439 0.00155644
5.04 0.0753084 0.0730402 0.00226823
5.05 0.0747593 0.0717126 0.00304667
5.06 0.0740488 0.070169 0.00387978
5.07 0.0731738 0.0684181 0.00475565
5.08 0.0721321 0.0664696 0.00566252
5.09 0.0709227 0.0643338 0.00658886
5.1 0.0695455 0.0620221 0.00752342
5.11 0.0680016 0.0595463 0.00845533
5.12 0.066293 0.0569189 0.00937415
5.13 0.0644203 0.0541504 0.0102699
5.14 0.0623897 0.0512565 0.0111332
5.15 0.060207 0.0482518 0.0119552
5.16 0.0578781 0.0451504 0.0127277
5.17 0.05541 0.0419668 0.0134432
5.18 0.0528106 0.0387156 0.014095
5.19 0.0500885 0.0354116 0.0146769
5.2 0.0472531 0.0320694 0.0151837
5.21 0.0443146 0.0287037 0.0156109
5.22 0.0412836 0.0253288 0.0159548
5.23 0.0381716 0.0219591 0.0162125
5.24 0.0349903 0.0186084 0.0163819
5.25 0.031752 0.0152903 0.0164617
5.26 0.0284691 0.0120176 0.0164515
5.27 0.0251546 0.0088031 0.0163515
5.28 0.0218214 0.00565863 0.0161628
5.29 0.0184831 0.00259603 0.0158871
5.3 0.0151529 -0.000373983 0.0155269
5.31 0.0118439 -0.00324145 0.0150853
5.32 0.00856881 -0.00599742 0.0145662
5.33 0.00534045 -0.00863345 0.0139739
5.34 0.00217113 -0.0111421 0.0133132
5.35 -0.000927162 -0.0135168 0.0125897
5.36 -0.00394291 -0.0157519 0.011809
5.37 -0.00686513 -0.0178426 0.0109774
5.38 -0.0096834 -0.019785 0.0101016
5.39 -0.012388 -0.0215762 0.00918822
5.4 -0.0149698 -0.0232142 0.00824442
5.41 -0.0174206 -0.024698 0.00727739
5.42 -0.0197313 -0.0260257 0.00629441
5.43 -0.0218957 -0.0271985 0.00530283
5.44 -0.023909 -0.028219 0.00430997
5.45 -0.0257666 -0.0290897 0.00332307
5.46 -0.0274645 -0.0298137 0.00234922
5.47 -0.029 -0.0303954 0.00139536
5.48 -0.0303712 -0.0308393 0.000468149
5.49 -0.0315771 -0.0311511 -0.000426036
5.5 -0.0326178 -0.0313366 -0.00128116
5.51 -0.0334943 -0.0314027 -0.00209156
5.52 -0.0342087 -0.0313567 -0.00285203
5.53 -0.0347639 -0.0312061 -0.00355781
5.54 -0.0351636 -0.030959 -0.00420464
5.55 -0.0354127 -0.0306239 -0.00478881
5.56 -0.0355167 -0.0302096 -0.00530714
5.57 -0.0354795 -0.0297225 -0.00575705
5.58 -0.0353109 -0.0291744 -0.00613655
5.59 -0.0350188 -0.0285745 -0.00644426
5.6 -0.0346118 -0.0279324 -0.00667942
5.61 -0.0340987 -0.0272568 -0.00684189
5.62 -0.0334894 -0.0265572 -0.00693215
5.63 -0.0327938 -0.0258425 -0.00695131
5.64 -0.0320224 -0.0251213 -0.00690106
5.65 -0.0311859 -0.0244022 -0.0067837
5.66 -0.0302953 -0.0236932 -0.0066021
5.67 -0.0293618 -0.0230021 -0.00635968
5.68 -0.0283966 -0.0223362 -0.00606038
5.69 -0.027411 -0.0217024 -0.00570865
5.7 -0.0264163 -0.0211069 -0.00530937
5.71 -0.0254235 -0.0205556 -0.00486787
5.72 -0.024444 -0.0200542 -0.00438985
5.73 -0.0234883 -0.019607 -0.00388134
5.74 -0.0225666 -0.0192179 -0.00334869
5.75 -0.0216889 -0.0188904 -0.00279848
5.76 -0.0208644 -0.0186269 -0.00223748
5.77 -0.020102 -0.0184294 -0.00167261
5.78 -0.0194099 -0.018299 -0.0011109
5.79 -0.0187957 -0.0182363 -0.0005594
5.8 -0.0182662 -0.018241 -2.51703e-05
5.81 -0.0178278 -0.0183126 0.000484807
5.82 -0.0174857 -0.0184494 0.000963663
5.83 -0.0172445 -0.0186492 0.00140469
5.84 -0.017108 -0.0189094 0.00180142
5.85 -0.0170791 -0.0192267 0.00214762
5.86 -0.0171613 -0.0195987 0.00243741
5.87 -0.0173548 -0.02002 0.00266523
5.88 -0.0176592 -0.0204852 0.00282597
5.89 -0.018074 -0.0209889 0.00291493
5.9 -0.0185974 -0.0215253 0.00292791
5.91 -0.0192272 -0.0220884 0.00286123
5.92 -0.0199599 -0.0226717 0.00271175
5.93 -0.0207915 -0.0232684 0.00247691
5.94 -0.021717 -0.0238718 0.00215475
5.95 -0.0227309 -0.0244748 0.00174393
5.96 -0.0238266 -0.0250704 0.00124375
5.97 -0.0249972 -0.0256514 0.000654154
5.98 -0.0262348 -0.0262105 -2.4265e-05
5.99 -0.0275312 -0.026741 -0.000790246
6 -0.0288776 -0.0272357 -0.00164188
6.01 -0.030265 -0.0276884 -0.0025766
6.02 -0.0316831 -0.0280919 -0.0035912
6.03 -0.0331215 -0.0284397 -0.00468185
6.04 -0.03457 -0.0287259 -0.00584412
6.05 -0.0360179 -0.0289449 -0.00707298
6.06 -0.0374546 -0.0290918 -0.00836284
6.07 -0.0388693 -0.0291617 -0.00970761
6.08 -0.0402511 -0.0291504 -0.0111007
6.09 -0.0415894 -0.0290544 -0.012535
6.1 -0.0428735 -0.0288705 -0.014003
6.11 -0.0440931 -0.0285962 -0.0154969
6.12 -0.045238 -0.0282294 -0.0170086
6.13 -0.0462985 -0.0277691 -0.0185294
6.14 -0.0472651 -0.0272142 -0.0200509
6.15 -0.048128 -0.026564 -0.021564
6.16 -0.0488783 -0.0258185 -0.0230598
6.17 -0.0495093 -0.0249801 -0.0245292
6.18 -0.0500138 -0.0240507 -0.0259631
6.19 -0.0503853 -0.0230327 -0.0273526
6.2 -0.0506179 -0.0219294 -0.0286885
6.21 -0.0507066 -0.0207444 -0.0299622
6.22 -0.0506472 -0.0194822 -0.031165
6.23 -0.050436 -0.0181473 -0.0322887
6.24 -0.0500706 -0.0167455 -0.0333251
6.25 -0.0495491 -0.0152825 -0.0342666
6.26 -0.0488705 -0.0137645 -0.035106
6.27 -0.0480349 -0.0121984 -0.0358365
6.28 -0.047043 -0.0105913 -0.0364517
6.29 -0.0458966 -0.00895058 -0.036946
6.3 -0.044596 -0.00728185 -0.0373142
6.31 -0.0431464 -0.00559481 -0.0375516
6.32 -0.0415526 -0.00389818 -0.0376544
6.33 -0.0398197 -0.0022003 -0.0376194
6.34 -0.0379537 -0.000509692 -0.037444
6.35 -0.035961 0.00116542 -0.0371264
6.36 -0.033849 0.00281655 -0.0366655
6.37 -0.0316258 0.00443525 -0.0360611
6.38 -0.0292998 0.00601355 -0.0353134
6.39 -0.0268802 0.00754341 -0.0344236
6.4 -0.0243768 0.00901695 -0.0333938
6.41 -0.0217996 0.0104268 -0.0322264
6.42 -0.0191593 0.0117658 -0.0309251
6.43 -0.0164668 0.013027 -0.0294938
6.44 -0.013733 0.0142045 -0.0279375
6.45 -0.0109694 0.0152921 -0.0262615
6.46 -0.00818812 0.0162841 -0.0244722
6.47 -0.00540081 0.0171754 -0.0225763
6.48 -0.00261915 0.0179619 -0.0205811
6.49 0.00014523 0.0186398 -0.0184946
6.5 0.0028808 0.019206 -0.0163252
6.51 0.00557622 0.0196582 -0.014082
6.52 0.00822038 0.0199944 -0.011774
6.53 0.0108025 0.0202137 -0.0094112
6.54 0.013312 0.0203155 -0.00700346
6.55 0.0157389 0.0203 -0.00456111
6.56 0.0180736 0.0201683 -0.00209466
6.57 0.0203071 0.0199219 0.00038524
6.58 0.0224309 0.0195631 0.00286783
6.59 0.0244357 0.0190934 0.00534229
6.6 0.0263143 0.0185165 0.00779785
6.61 0.0280613 0.0178375 0.0102238
6.62 0.0296708 0.0170613 0.0126095
6.63 0.0311377 0.0161932 0.0149445
6.64 0.0324578 0.015239 0.0172188
6.65 0.0336275 0.0142051 0.0194224
6.66 0.0346443 0.0130985 0.0215458
6.67 0.0355061 0.0119263 0.0235798
6.68 0.0362119 0.0106962 0.0255157
6.69 0.0367616 0.00941618 0.0273454
6.7 0.0371555 0.00809432 0.0290612
6.71 0.0373952 0.00673931 0.0306559
6.72 0.0374828 0.00535976 0.032123
6.73 0.0374212 0.00396443 0.0334568
6.74 0.0372117 0.00255983 0.0346519
6.75 0.036861 0.00115716 0.0357038
6.76 0.0363746 -0.000234293 0.0366089
6.77 0.0357581 -0.00160586 0.037364
6.78 0.0350179 -0.00294882 0.0379667
6.79 0.0341611 -0.00425452 0.0384156
6.8 0.0331951 -0.00551476 0.0387099
6.81 0.0321279 -0.00672149 0.0388494
6.82 0.0309679 -0.00786702 0.0388349
6.83 0.029724 -0.00894393 0.0386679
6.84 0.0284051 -0.00994552 0.0383506
6.85 0.0270207 -0.0108652 0.0378859
6.86 0.0255805 -0.0116969 0.0372774
6.87 0.0240941 -0.0124354 0.0365295
6.88 0.0225714 -0.0130757 0.0356471
6.89 0.0210222 -0.0136135 0.0346357
6.9 0.019457 -0.0140446 0.0335016
6.91 0.0178856 -0.014366 0.0322516
6.92 0.0163177 -0.014575 0.0308927
6.93 0.0147628 -0.01467 0.0294328
6.94 0.0132304 -0.0146496 0.02788
6.95 0.0117293 -0.0145136 0.0262429
6.96 0.0102683 -0.0142619 0.0245302
6.97 0.00885574 -0.0138954 0.0227511
6.98 0.00749949 -0.0134155 0.020915
6.99 0.00620701 -0.0128245 0.0190315
7 0.00498526 -0.0121249 0.0171102
7.01 0.00384065 -0.0113203 0.0151609
7.02 0.00277907 -0.0104143 0.0131934
7.03 0.00180688 -0.00941058 0.0112175
7.04 0.000928403 -0.00831432 0.00924272
7.05 0.000147062 -0.00713168 0.00727875
7.06 -0.000533783 -0.00586869 0.0053349
7.07 -0.00111143 -0.00453176 0.00342033
7.08 -0.00158383 -0.00312771 0.00154388
7.09 -0.00194963 -0.00166373 -0.000285904
7.1 -0.0022081 -0.000147255 -0.00206085
7.11 -0.00235922 0.00141395 -0.00377317
7.12 -0.00240359 0.00301196 -0.00541555
7.13 -0.00234246 0.00463866 -0.00698112
7.14 -0.00217771 0.00628582 -0.00846353
7.15 -0.00191184 0.00794512 -0.00985696
7.16 -0.00154793 0.00960823 -0.0111562
7.17 -0.00108959 0.0112669 -0.0123565
7.18 -0.000539464 0.0129143 -0.0134538
7.19 9.60285e-05 0.0145407 -0.0144446
7.2 0.00081172 0.016138 -0.0153262
7.21 0.00160201 0.0176984 -0.0160964
7.22 0.00246092 0.0192144 -0.0167535
7.23 0.00338209 0.0206787 -0.0172966
7.24 0.00435888 0.0220843 -0.0177254
7.25 0.00538436 0.0234247 -0.0180404
7.26 0.00645138 0.0246937 -0.0182423
7.27 0.00755262 0.0258855 -0.0183329
7.28 0.00868061 0.0269947 -0.0183141
7.29 0.00982779 0.0280166 -0.0181888
7.3 0.0109866 0.0289467 -0.0179601
7.31 0.0121493 0.0297812 -0.0176319
7.32 0.0133084 0.0305166 -0.0172082
7.33 0.0144561 0.0311501 -0.016694
7.34 0.0155851 0.0316793 -0.0160942
7.35 0.0166882 0.0321025 -0.0154143
7.36 0.0177584 0.0324187 -0.0146603
7.37 0.0187891 0.0326273 -0.0138382
7.38 0.0197738 0.0327284 -0.0129546
7.39 0.0207063 0.0327223 -0.012016
7.4 0.0215809 0.0326102 -0.0110293
7.41 0.0223921 0.0323936 -0.0100015
7.42 0.0231349 0.0320745 -0.0089396
7.43 0.0238048 0.0316556 -0.00785085
7.44 0.0243974 0.0311398 -0.00674235
7.45 0.0249093 0.0305305 -0.00562125
7.46 0.025337 0.0298316 -0.00449459
7.47 0.0256766 0.0290459 -0.00336932
7.48 0.0259266 0.0281788 -0.00225224
7.49 0.0260857 0.0272357 -0.00114997
7.5 0.0261527 0.0262216 -6.88853e-05
7.51 0.0261266 0.0251417 0.000984875
7.52 0.0260074 0.0240019 0.00200547
7.53 0.0257952 0.0228078 0.00298738
7.54 0.0254908 0.0215654 0.00392544
7.55 0.0250952 0.0202804 0.00481484
7.56 0.0246102 0.018959 0.00565118
7.57 0.0240378 0.0176073 0.00643047
7.58 0.0233805 0.0162313 0.00714916
7.59 0.022641 0.0148368 0.00780415
7.6 0.0218228 0.01343 0.00839279
7.61 0.0209291 0.0120162 0.00891289
7.62 0.019963 0.0106002 0.00936277
7.63 0.0189299 0.00918872 0.00974118
7.64 0.0178343 0.00778693 0.0100474
7.65 0.0166809 0.00639984 0.0102811
7.66 0.0154746 0.00503217 0.0104424
7.67 0.0142205 0.00368837 0.0105321
7.68 0.0129239 0.00237266 0.0105512
7.69 0.01159 0.00108872 0.0105013
7.7 0.0102244 -0.000159771 0.0103842
7.71 0.00883242 -0.00136982 0.0102022
7.72 0.00741963 -0.00253856 0.00995819
7.73 0.0059915 -0.00366356 0.00965506
7.74 0.00455346 -0.00474277 0.00929623
7.75 0.0031109 -0.00577447 0.00888537
7.76 0.00166914 -0.00675727 0.00842641
7.77 0.000233507 -0.00769003 0.00792354
7.78 -0.00119101 -0.00857215 0.00738114
7.79 -0.00259957 -0.00940334 0.00680377
7.8 -0.00398751 -0.0101837 0.00619615
7.81 -0.00535039 -0.0109135 0.0055631
7.82 -0.00668398 -0.0115935 0.00490952
7.83 -0.00798432 -0.0122247 0.00424034
7.84 -0.00924767 -0.0128082 0.00356053
7.85 -0.0104706 -0.0133456 0.00287503
7.86 -0.0116498 -0.0138385 0.00218872
7.87 -0.0127826 -0.014289 0.0015064
7.88 -0.0138662 -0.014699 0.000832757
7.89 -0.0148983 -0.0150706 0.000172339
7.9 -0.0158769 -0.0154064 -0.000470481
7.91 -0.0167994 -0.0157079 -0.00109153
7.92 -0.0176651 -0.0159783 -0.00168684
7.93 -0.0184729 -0.0162202 -0.00225272
7.94 -0.019222 -0.0164363 -0.00278572
7.95 -0.0199118 -0.0166291 -0.00328267
7.96 -0.0205421 -0.0168014 -0.00374073
7.97 -0.0211127 -0.0169554 -0.00415735
7.98 -0.0216239 -0.0170936 -0.00453032
7.99 -0.0220761 -0.0172183 -0.00485776
8 -0.0224699 -0.0173317 -0.00513817
