# Generated on Sun Sep  5 13:27:23 2021 by yr2369.
# This file was created by PDFgui.
#S 1
#L r  Gtrunc  Gdiff  Gcalc
1.79 -0.127289 -0.025223 -0.102066
1.8 -0.133047 -0.0226139 -0.110433
1.81 -0.139156 -0.0202352 -0.118921
1.82 -0.145588 -0.0180874 -0.127501
1.83 -0.152316 -0.0161732 -0.136143
1.84 -0.159308 -0.0144915 -0.144816
1.85 -0.166531 -0.0130414 -0.15349
1.86 -0.173948 -0.0118189 -0.162129
1.87 -0.181522 -0.010821 -0.170701
1.88 -0.189212 -0.0100411 -0.179171
1.89 -0.196977 -0.00947351 -0.187503
1.9 -0.204775 -0.00911193 -0.195663
1.91 -0.212559 -0.00894532 -0.203614
1.92 -0.220283 -0.00896382 -0.211319
1.93 -0.227901 -0.00915757 -0.218743
1.94 -0.235366 -0.0095156 -0.22585
1.95 -0.242629 -0.0100246 -0.232604
1.96 -0.249643 -0.0106728 -0.23897
1.97 -0.25636 -0.011447 -0.244913
1.98 -0.262732 -0.0123328 -0.250399
1.99 -0.268713 -0.0133173 -0.255396
2 -0.274256 -0.0143853 -0.259871
2.01 -0.279316 -0.0155225 -0.263794
2.02 -0.283849 -0.0167139 -0.267135
2.03 -0.287812 -0.0179444 -0.269868
2.04 -0.291165 -0.0191999 -0.271965
2.05 -0.293867 -0.0204636 -0.273403
2.06 -0.295872 -0.0217117 -0.27416
2.07 -0.297155 -0.0229394 -0.274216
2.08 -0.297685 -0.0241338 -0.273551
2.09 -0.297434 -0.0252826 -0.272151
2.1 -0.296375 -0.026372 -0.270003
2.11 -0.294485 -0.02739 -0.267095
2.12 -0.291746 -0.0283268 -0.263419
2.13 -0.28814 -0.0291702 -0.25897
2.14 -0.283657 -0.029913 -0.253744
2.15 -0.278285 -0.0305436 -0.247741
2.16 -0.272021 -0.0310565 -0.240964
2.17 -0.264862 -0.0314433 -0.233419
2.18 -0.256812 -0.0317 -0.225112
2.19 -0.247876 -0.0318205 -0.216055
2.2 -0.238055 -0.0317923 -0.206263
2.21 -0.227365 -0.0316147 -0.19575
2.22 -0.215832 -0.0312946 -0.184537
2.23 -0.203477 -0.030831 -0.172646
2.24 -0.190325 -0.0302243 -0.160101
2.25 -0.176405 -0.0294765 -0.146928
2.26 -0.16175 -0.0285909 -0.133159
2.27 -0.146396 -0.0275714 -0.118825
2.28 -0.130382 -0.0264228 -0.103959
2.29 -0.113751 -0.0251516 -0.0885994
2.3 -0.0965463 -0.0237625 -0.0727838
2.31 -0.0788175 -0.0222649 -0.0565526
2.32 -0.0606148 -0.0206665 -0.0399483
2.33 -0.0419912 -0.0189767 -0.0230145
2.34 -0.0230017 -0.0172051 -0.0057966
2.35 -0.00369948 -0.0153583 0.0116589
2.36 0.0158513 -0.0134528 0.0293041
2.37 0.0355897 -0.0115009 0.0470906
2.38 0.0554544 -0.00951448 0.0649689
2.39 0.0753832 -0.00750574 0.0828889
2.4 0.0953133 -0.00548711 0.1008
2.41 0.115182 -0.00347075 0.118653
2.42 0.134925 -0.00147038 0.136395
2.43 0.15448 0.000502069 0.153978
2.44 0.173785 0.00243457 0.17135
2.45 0.192777 0.00431352 0.188463
2.46 0.211397 0.00612854 0.205268
2.47 0.229584 0.00786631 0.221718
2.48 0.24728 0.00951533 0.237765
2.49 0.264428 0.0110638 0.253364
2.5 0.280966 0.0124934 0.268473
2.51 0.29685 0.0138022 0.283048
2.52 0.312032 0.0149824 0.29705
2.53 0.326464 0.0160241 0.31044
2.54 0.340104 0.0169216 0.323182
2.55 0.352911 0.0176675 0.335244
2.56 0.364848 0.0182564 0.346592
2.57 0.375882 0.0186842 0.357198
2.58 0.385982 0.0189461 0.367036
2.59 0.395123 0.0190409 0.376082
2.6 0.403282 0.0189664 0.384316
2.61 0.41044 0.0187215 0.391719
2.62 0.416583 0.0183073 0.398276
2.63 0.421699 0.0177239 0.403975
2.64 0.42577 0.0169624 0.408808
2.65 0.428799 0.0160319 0.412767
2.66 0.430793 0.0149424 0.415851
2.67 0.431758 0.0137002 0.418058
2.68 0.431703 0.0123111 0.419392
2.69 0.430642 0.0107833 0.419859
2.7 0.428592 0.00912507 0.419467
2.71 0.425572 0.00734364 0.418228
2.72 0.421607 0.00544958 0.416157
2.73 0.416725 0.00345371 0.413271
2.74 0.410957 0.00136723 0.40959
2.75 0.404335 -0.000800158 0.405135
2.76 0.396897 -0.00303518 0.399932
2.77 0.388682 -0.00532584 0.394008
2.78 0.379732 -0.00765926 0.387391
2.79 0.370079 -0.0100346 0.380114
2.8 0.359782 -0.0124259 0.372208
2.81 0.348891 -0.0148178 0.363709
2.82 0.337455 -0.0171977 0.354653
2.83 0.325524 -0.0195531 0.345077
2.84 0.313151 -0.0218699 0.335021
2.85 0.300388 -0.0241359 0.324524
2.86 0.287289 -0.0263379 0.313627
2.87 0.273908 -0.0284633 0.302371
2.88 0.260299 -0.0304999 0.290799
2.89 0.246514 -0.0324379 0.278952
2.9 0.232608 -0.0342646 0.266873
2.91 0.218632 -0.0359712 0.254603
2.92 0.204639 -0.0375468 0.242186
2.93 0.190679 -0.0389829 0.229662
2.94 0.176803 -0.0402694 0.217072
2.95 0.163058 -0.0413998 0.204458
2.96 0.14949 -0.0423672 0.191857
2.97 0.136142 -0.043167 0.179309
2.98 0.123056 -0.0437942 0.16685
2.99 0.110271 -0.0442454 0.154516
3 0.0978237 -0.0445182 0.142342
3.01 0.0857483 -0.0446109 0.130359
3.02 0.0740761 -0.044523 0.118599
3.03 0.0628357 -0.044255 0.107091
3.04 0.0520529 -0.043808 0.0958609
3.05 0.0417504 -0.0431844 0.0849348
3.06 0.0319477 -0.0423877 0.0743354
3.07 0.0226615 -0.0414219 0.0640834
3.08 0.0139124 -0.040285 0.0541974
3.09 0.00570667 -0.038987 0.0446937
3.1 -0.00195127 -0.0375375 0.0355863
3.11 -0.00905741 -0.0359443 0.0268869
3.12 -0.0156107 -0.0342158 0.0186051
3.13 -0.0216131 -0.032361 0.0107479
3.14 -0.0270694 -0.0303896 0.00332016
3.15 -0.0319873 -0.0283119 -0.00367545
3.16 -0.036377 -0.0261384 -0.0102386
3.17 -0.0402514 -0.0238805 -0.0163709
3.18 -0.043626 -0.0215495 -0.0220765
3.19 -0.0465183 -0.0191573 -0.027361
3.2 -0.0489483 -0.0167159 -0.0322324
3.21 -0.0509377 -0.0142372 -0.0367005
3.22 -0.0525097 -0.0117331 -0.0407766
3.23 -0.0536842 -0.00921032 -0.0444739
3.24 -0.0544951 -0.006688 -0.0478071
3.25 -0.0549707 -0.00417833 -0.0507924
3.26 -0.0551403 -0.0016932 -0.0534471
3.27 -0.055034 0.000755924 -0.0557899
3.28 -0.0546829 0.0031576 -0.0578405
3.29 -0.0541182 0.00550121 -0.0596194
3.3 -0.0533717 0.00777629 -0.061148
3.31 -0.0524752 0.00997303 -0.0624482
3.32 -0.0514605 0.0120821 -0.0635426
3.33 -0.050359 0.0140949 -0.0644539
3.34 -0.0492018 0.0160033 -0.0652051
3.35 -0.0480193 0.0178 -0.0658193
3.36 -0.0468409 0.0194786 -0.0663195
3.37 -0.0456959 0.0210325 -0.0667284
3.38 -0.0446124 0.0224561 -0.0670685
3.39 -0.0436162 0.0237454 -0.0673616
3.4 -0.042732 0.0248971 -0.0676291
3.41 -0.0419829 0.0259087 -0.0678916
3.42 -0.0413901 0.0267786 -0.0681687
3.43 -0.0409734 0.0275059 -0.0684793
3.44 -0.0407504 0.0280906 -0.068841
3.45 -0.0407369 0.0285334 -0.0692703
3.46 -0.0409466 0.0288361 -0.0697827
3.47 -0.0413912 0.0290008 -0.070392
3.48 -0.0420802 0.0290307 -0.0711109
3.49 -0.0430209 0.0289295 -0.0719504
3.5 -0.0442185 0.0287018 -0.0729203
3.51 -0.0456759 0.0283528 -0.0740287
3.52 -0.047398 0.0278839 -0.0752819
3.53 -0.0493803 0.0273047 -0.076685
3.54 -0.0516183 0.0266229 -0.0782412
3.55 -0.0541065 0.0258457 -0.0799522
3.56 -0.0568373 0.0249807 -0.081818
3.57 -0.0598012 0.0240359 -0.0838371
3.58 -0.0629868 0.0230194 -0.0860062
3.59 -0.0663812 0.0219396 -0.0883208
3.6 -0.0699695 0.0208052 -0.0907747
3.61 -0.0737356 0.0196245 -0.0933601
3.62 -0.0776617 0.0184064 -0.0960681
3.63 -0.081729 0.0171593 -0.0988883
3.64 -0.0859174 0.0158916 -0.101809
3.65 -0.0902058 0.0146116 -0.104817
3.66 -0.0945724 0.0133273 -0.1079
3.67 -0.0989947 0.0120463 -0.111041
3.68 -0.103448 0.0107775 -0.114225
3.69 -0.107909 0.00952748 -0.117436
3.7 -0.112354 0.00830281 -0.120657
3.71 -0.116758 0.00711058 -0.123869
3.72 -0.121097 0.00595647 -0.127053
3.73 -0.125349 0.00484379 -0.130193
3.74 -0.129489 0.00377863 -0.133268
3.75 -0.133494 0.00276495 -0.136259
3.76 -0.137342 0.00180571 -0.139148
3.77 -0.141011 0.000903984 -0.141915
3.78 -0.144482 6.0069e-05 -0.144542
3.79 -0.147733 -0.000722386 -0.147011
3.8 -0.150747 -0.00144428 -0.149303
3.81 -0.153504 -0.00210296 -0.151401
3.82 -0.155987 -0.00269808 -0.153289
3.83 -0.158184 -0.00323355 -0.15495
3.84 -0.160082 -0.00371142 -0.156371
3.85 -0.16167 -0.00413476 -0.157535
3.86 -0.162937 -0.00450562 -0.158431
3.87 -0.163877 -0.00482993 -0.159047
3.88 -0.164481 -0.00510943 -0.159372
3.89 -0.164747 -0.0053516 -0.159395
3.9 -0.16467 -0.00555961 -0.15911
3.91 -0.164249 -0.00573928 -0.15851
3.92 -0.163485 -0.00589699 -0.157588
3.93 -0.162381 -0.00603971 -0.156341
3.94 -0.16094 -0.00617293 -0.154767
3.95 -0.159168 -0.00630365 -0.152864
3.96 -0.157067 -0.00643338 -0.150634
3.97 -0.15465 -0.00657313 -0.148077
3.98 -0.15193 -0.00673241 -0.145198
3.99 -0.148917 -0.00691624 -0.142001
4 -0.145626 -0.00713321 -0.138493
4.01 -0.142069 -0.00738746 -0.134682
4.02 -0.138264 -0.00768776 -0.130576
4.03 -0.134227 -0.0080395 -0.126187
4.04 -0.129975 -0.00844782 -0.121527
4.05 -0.125526 -0.00891758 -0.116608
4.06 -0.120901 -0.00945551 -0.111445
4.07 -0.116119 -0.0100652 -0.106054
4.08 -0.111199 -0.0107493 -0.10045
4.09 -0.106163 -0.0115124 -0.0946506
4.1 -0.101031 -0.0123563 -0.0886747
4.11 -0.0958248 -0.0132838 -0.082541
4.12 -0.0905654 -0.0142963 -0.0762691
4.13 -0.0852741 -0.0153949 -0.0698792
4.14 -0.0799714 -0.0165794 -0.063392
4.15 -0.0746774 -0.0178488 -0.0568286
4.16 -0.069412 -0.0192017 -0.0502103
4.17 -0.0641941 -0.0206355 -0.0435586
4.18 -0.0590422 -0.0221471 -0.0368951
4.19 -0.0539738 -0.0237326 -0.0302412
4.2 -0.0490056 -0.0253871 -0.0236185
4.21 -0.0441534 -0.0271054 -0.017048
4.22 -0.0394317 -0.0288812 -0.0105505
4.23 -0.0348542 -0.0307078 -0.00414636
4.24 -0.030433 -0.0325776 0.0021446
4.25 -0.0261816 -0.0344848 0.00830319
4.26 -0.0221088 -0.0364197 0.0143109
4.27 -0.0182221 -0.0383722 0.0201501
4.28 -0.0145284 -0.0403323 0.0258039
4.29 -0.0110333 -0.0422898 0.0312565
4.3 -0.00774123 -0.0442342 0.036493
4.31 -0.00465488 -0.0461545 0.0414996
4.32 -0.00177574 -0.0480394 0.0462636
4.33 0.000896085 -0.0498775 0.0507736
4.34 0.00336187 -0.0516574 0.0550193
4.35 0.00562419 -0.0533674 0.0589916
4.36 0.00768691 -0.0549958 0.0626827
4.37 0.00955509 -0.0565313 0.0660864
4.38 0.011235 -0.0579623 0.0691973
4.39 0.0127339 -0.0592778 0.0720117
4.4 0.0140574 -0.0604698 0.0745272
4.41 0.0152182 -0.0615244 0.0767426
4.42 0.0162265 -0.0624314 0.0786579
4.43 0.0170934 -0.0631813 0.0802747
4.44 0.0178308 -0.0637649 0.0815957
4.45 0.018451 -0.0641737 0.0826247
4.46 0.0189669 -0.0643999 0.0833668
4.47 0.019392 -0.0644363 0.0838283
4.48 0.0197397 -0.064277 0.0840167
4.49 0.0200241 -0.0639161 0.0839402
4.5 0.020259 -0.0633492 0.0836082
4.51 0.0204584 -0.0625726 0.083031
4.52 0.0206362 -0.0615837 0.0822199
4.53 0.0208061 -0.0603806 0.0811867
4.54 0.0209816 -0.0589625 0.0799441
4.55 0.0211762 -0.0573291 0.0785053
4.56 0.0214022 -0.055482 0.0768842
4.57 0.0216716 -0.0534235 0.0750951
4.58 0.0219958 -0.0511568 0.0731526
4.59 0.0223851 -0.0486867 0.0710718
4.6 0.0228494 -0.0460185 0.0688679
4.61 0.0233977 -0.0431586 0.0665563
4.62 0.0240377 -0.0401147 0.0641524
4.63 0.0247765 -0.0368951 0.0616716
4.64 0.02562 -0.0335092 0.0591292
4.65 0.0265732 -0.0299672 0.0565404
4.66 0.0276397 -0.0262802 0.0539199
4.67 0.0288223 -0.0224602 0.0512825
4.68 0.0301225 -0.0185197 0.0486422
4.69 0.0315422 -0.0144705 0.0460127
4.7 0.0330795 -0.0103277 0.0434072
4.71 0.0347319 -0.00610634 0.0408382
4.72 0.0364963 -0.00182155 0.0383179
4.73 0.0383684 0.00251114 0.0358573
4.74 0.040343 0.006876 0.033467
4.75 0.0424136 0.0112568 0.0311568
4.76 0.0445731 0.0156374 0.0289357
4.77 0.046813 0.0200012 0.0268118
4.78 0.0491243 0.024332 0.0247923
4.79 0.0514969 0.0286133 0.0228836
4.8 0.0539201 0.0328289 0.0210912
4.81 0.0563824 0.0369626 0.0194198
4.82 0.0588718 0.0409988 0.017873
4.83 0.0613757 0.044922 0.0164537
4.84 0.0638808 0.0487172 0.0151636
4.85 0.0663733 0.0523693 0.014004
4.86 0.0688398 0.0558649 0.0129749
4.87 0.0712661 0.0591904 0.0120757
4.88 0.0736385 0.0623336 0.0113049
4.89 0.075943 0.0652827 0.0106603
4.9 0.0781658 0.0680268 0.010139
4.91 0.0802932 0.0705561 0.00973709
4.92 0.0823118 0.0728614 0.00945038
4.93 0.0842087 0.0749348 0.00927387
4.94 0.0859712 0.0767692 0.00920204
4.95 0.0875875 0.0783586 0.00922885
4.96 0.0890461 0.0796983 0.0093478
4.97 0.0903364 0.0807844 0.00955198
4.98 0.0914466 0.0816125 0.00983414
4.99 0.0923675 0.0821808 0.0101867
5 0.0930925 0.0824905 0.010602
5.01 0.0936144 0.0825425 0.0110719
5.02 0.093927 0.0823386 0.0115884
5.03 0.0940252 0.0818817 0.0121435
5.04 0.0939049 0.0811761 0.0127288
5.05 0.0935632 0.0802268 0.0133364
5.06 0.0929981 0.0790398 0.0139583
5.07 0.0922089 0.0776222 0.0145867
5.08 0.0911962 0.0759823 0.0152139
5.09 0.0899616 0.074129 0.0158326
5.1 0.0885078 0.0720721 0.0164357
5.11 0.0868387 0.0698221 0.0170166
5.12 0.0849593 0.0673905 0.0175688
5.13 0.0828728 0.0647862 0.0180866
5.14 0.0805891 0.0620247 0.0185644
5.15 0.078117 0.0591197 0.0189973
5.16 0.0754658 0.056085 0.0193808
5.17 0.0726456 0.0529346 0.019711
5.18 0.0696675 0.049683 0.0199845
5.19 0.0665432 0.0463448 0.0201984
5.2 0.0632853 0.0429349 0.0203504
5.21 0.0599071 0.0394682 0.0204389
5.22 0.0564222 0.0359595 0.0204627
5.23 0.0528451 0.0324238 0.0204213
5.24 0.0491905 0.028876 0.0203145
5.25 0.0454734 0.0253304 0.020143
5.26 0.0417092 0.0218013 0.0199079
5.27 0.0379134 0.0183028 0.0196106
5.28 0.0341017 0.0148484 0.0192533
5.29 0.0302902 0.0114517 0.0188385
5.3 0.0264944 0.00812523 0.0183692
5.31 0.0227296 0.00488087 0.0178487
5.32 0.0190108 0.00172986 0.0172809
5.33 0.0153526 -0.00131729 0.0166699
5.34 0.0117694 -0.0042506 0.01602
5.35 0.00827492 -0.00706102 0.0153359
5.36 0.00488222 -0.00974038 0.0146226
5.37 0.00160381 -0.0122812 0.013885
5.38 -0.00154854 -0.0146771 0.0131285
5.39 -0.00456386 -0.0169222 0.0123583
5.4 -0.00743204 -0.0190118 0.0115798
5.41 -0.0101438 -0.0209421 0.0107983
5.42 -0.0126891 -0.0227084 0.0100193
5.43 -0.015061 -0.0243089 0.00924788
5.44 -0.0172544 -0.0257437 0.0084893
5.45 -0.0192643 -0.0270128 0.00774853
5.46 -0.0210865 -0.0281169 0.00703036
5.47 -0.0227181 -0.0290574 0.00633935
5.48 -0.024157 -0.0298368 0.00567979
5.49 -0.0254026 -0.0304583 0.00505569
5.5 -0.0264551 -0.0309258 0.00447071
5.51 -0.0273158 -0.031244 0.00392816
5.52 -0.0279872 -0.0314182 0.00343096
5.53 -0.0284728 -0.0314544 0.00298164
5.54 -0.028777 -0.0313593 0.00258229
5.55 -0.0289053 -0.0311399 0.00223458
5.56 -0.028864 -0.0308037 0.00193972
5.57 -0.0286577 -0.0303562 0.00169846
5.58 -0.0282976 -0.0298087 0.00151108
5.59 -0.0277925 -0.0291699 0.0013774
5.6 -0.0271522 -0.028449 0.00129678
5.61 -0.026387 -0.0276551 0.0012681
5.62 -0.0255077 -0.0267975 0.0012898
5.63 -0.0245258 -0.0258857 0.00135988
5.64 -0.0234529 -0.0249288 0.0014759
5.65 -0.0223014 -0.0239364 0.00163503
5.66 -0.0210837 -0.0229177 0.00183404
5.67 -0.0198124 -0.0218817 0.00206933
5.68 -0.0185003 -0.0208373 0.00233696
5.69 -0.0171603 -0.019793 0.00263269
5.7 -0.015805 -0.018757 0.002952
5.71 -0.0144474 -0.0177375 0.0032901
5.72 -0.0131002 -0.0167422 0.00364202
5.73 -0.0117756 -0.0157782 0.00400259
5.74 -0.0104855 -0.014852 0.00436651
5.75 -0.00924135 -0.0139697 0.00472838
5.76 -0.00805402 -0.0131368 0.00508273
5.77 -0.00693391 -0.012358 0.0054241
5.78 -0.0058908 -0.0116378 0.00574701
5.79 -0.00493378 -0.0109798 0.00604606
5.8 -0.00407124 -0.0103872 0.00631596
5.81 -0.00331078 -0.00986232 0.00655154
5.82 -0.00265922 -0.00940706 0.00674784
5.83 -0.0021225 -0.00902257 0.00690007
5.84 -0.00170571 -0.00870945 0.00700374
5.85 -0.00141302 -0.00846763 0.00705461
5.86 -0.00124934 -0.00829814 0.0070488
5.87 -0.00121607 -0.00819883 0.00698276
5.88 -0.00131383 -0.00816715 0.00685332
5.89 -0.00154297 -0.0082007 0.00665773
5.9 -0.00190291 -0.00829657 0.00639366
5.91 -0.00239214 -0.00845138 0.00605924
5.92 -0.00300822 -0.0086613 0.00565308
5.93 -0.00374782 -0.00892209 0.00517427
5.94 -0.00460673 -0.00922913 0.0046224
5.95 -0.00557991 -0.00957748 0.00399757
5.96 -0.00666153 -0.00996191 0.00330038
5.97 -0.00784497 -0.010377 0.00253198
5.98 -0.00912292 -0.0108169 0.00169401
5.99 -0.0104874 -0.011276 0.000788628
6 -0.0119299 -0.0117484 -0.000181503
6.01 -0.0134422 -0.012229 -0.00121323
6.02 -0.0150133 -0.0127104 -0.0023029
6.03 -0.0166332 -0.0131868 -0.00344644
6.04 -0.0182913 -0.013652 -0.00463929
6.05 -0.019977 -0.0141005 -0.0058765
6.06 -0.0216793 -0.0145266 -0.00715271
6.07 -0.0233872 -0.014925 -0.00846222
6.08 -0.0250895 -0.0152905 -0.00979897
6.09 -0.0267751 -0.0156185 -0.0111566
6.1 -0.0284327 -0.0159042 -0.0125285
6.11 -0.0300516 -0.0161437 -0.0139079
6.12 -0.0316209 -0.0163332 -0.0152877
6.13 -0.0331301 -0.0164693 -0.0166608
6.14 -0.0345691 -0.0165493 -0.0180198
6.15 -0.0359275 -0.01657 -0.0193575
6.16 -0.0371954 -0.016529 -0.0206664
6.17 -0.038365 -0.0164257 -0.0219393
6.18 -0.0394281 -0.0162593 -0.0231688
6.19 -0.0403772 -0.0160293 -0.0243479
6.2 -0.0412054 -0.015736 -0.0254694
6.21 -0.0419065 -0.0153798 -0.0265267
6.22 -0.0424751 -0.014962 -0.0275131
6.23 -0.0429066 -0.0144843 -0.0284223
6.24 -0.0431972 -0.0139488 -0.0292484
6.25 -0.0433438 -0.013358 -0.0299858
6.26 -0.0433443 -0.0127151 -0.0306292
6.27 -0.0431973 -0.0120236 -0.0311737
6.28 -0.0429025 -0.0112873 -0.0316152
6.29 -0.0424602 -0.0105106 -0.0319496
6.3 -0.0418695 -0.00969583 -0.0321737
6.31 -0.0411343 -0.00884976 -0.0322845
6.32 -0.040258 -0.00797808 -0.0322799
6.33 -0.0392446 -0.00708649 -0.0321581
6.34 -0.0380985 -0.00618052 -0.031918
6.35 -0.0368251 -0.0052661 -0.031559
6.36 -0.0354304 -0.00434918 -0.0310812
6.37 -0.0339212 -0.00343589 -0.0304853
6.38 -0.0323048 -0.00253226 -0.0297725
6.39 -0.0305892 -0.00164442 -0.0289448
6.4 -0.0287829 -0.00077841 -0.0280045
6.41 -0.0268948 5.99112e-05 -0.0269547
6.42 -0.0249344 0.00086466 -0.0257991
6.43 -0.0229114 0.00163031 -0.0245417
6.44 -0.0208359 0.00235145 -0.0231873
6.45 -0.0187179 0.0030233 -0.0217412
6.46 -0.0165688 0.00364017 -0.020209
6.47 -0.0143992 0.0041976 -0.0185968
6.48 -0.01222 0.00469127 -0.0169113
6.49 -0.0100417 0.00511766 -0.0151594
6.5 -0.00787505 0.00547334 -0.0133484
6.51 -0.0057306 0.00575543 -0.011486
6.52 -0.00361865 0.00596153 -0.00958018
6.53 -0.00154927 0.00608976 -0.00763903
6.54 0.000467799 0.00613872 -0.00567092
6.55 0.00242317 0.00610755 -0.00368438
6.56 0.0043079 0.00599592 -0.00168802
6.57 0.00611349 0.00580402 0.000309471
6.58 0.00783201 0.00553262 0.00229939
6.59 0.00945506 0.00518199 0.00427307
6.6 0.0109758 0.0047539 0.0062219
6.61 0.012389 0.00425158 0.00813742
6.62 0.0136892 0.00367791 0.0100113
6.63 0.0148718 0.00303638 0.0118354
6.64 0.0159326 0.00233068 0.0136019
6.65 0.0168687 0.00156546 0.0153032
6.66 0.0176774 0.000745289 0.0169321
6.67 0.018357 -0.000124665 0.0184817
6.68 0.0189069 -0.00103851 0.0199454
6.69 0.0193266 -0.00199071 0.0213173
6.7 0.0196171 -0.00297466 0.0225918
6.71 0.0197796 -0.00398408 0.0237637
6.72 0.0198164 -0.00501208 0.0248285
6.73 0.0197303 -0.00605183 0.0257821
6.74 0.0195231 -0.00709804 0.0266211
6.75 0.019201 -0.0081416 0.0273426
6.76 0.0187691 -0.00917509 0.0279442
6.77 0.0182332 -0.010191 0.0284242
6.78 0.0175993 -0.0111822 0.0287815
6.79 0.0168742 -0.0121413 0.0290155
6.8 0.0160651 -0.0130613 0.0291264
6.81 0.0151797 -0.0139352 0.0291149
6.82 0.014226 -0.0147562 0.0289822
6.83 0.0132124 -0.0155178 0.0287302
6.84 0.0121476 -0.0162138 0.0283614
6.85 0.0110404 -0.0168383 0.0278787
6.86 0.00990012 -0.0173856 0.0272857
6.87 0.00873578 -0.0178507 0.0265865
6.88 0.00755667 -0.0182289 0.0257856
6.89 0.00637225 -0.0185157 0.024888
6.9 0.00519192 -0.0187073 0.0238992
6.91 0.00402478 -0.0188002 0.022825
6.92 0.00287976 -0.0187918 0.0216716
6.93 0.00176558 -0.01868 0.0204456
6.94 0.000690664 -0.0184632 0.0191538
6.95 -0.000336881 -0.0181403 0.0178034
6.96 -0.00130932 -0.017711 0.0164017
6.97 -0.00221933 -0.0171754 0.0149561
6.98 -0.00306006 -0.0165344 0.0134743
6.99 -0.00382516 -0.0157893 0.0119641
7 -0.00450881 -0.0149421 0.0104333
7.01 -0.00510575 -0.0139953 0.00888956
7.02 -0.00561134 -0.0129521 0.00734077
7.03 -0.00602039 -0.011815 0.00579461
7.04 -0.00632994 -0.0105886 0.00425868
7.05 -0.00653795 -0.00927835 0.0027404
7.06 -0.00664241 -0.00788946 0.00124705
7.07 -0.00664201 -0.00642765 -0.000214361
7.08 -0.00653612 -0.00489906 -0.00163706
7.09 -0.0063248 -0.00331024 -0.00301456
7.1 -0.00600881 -0.00166809 -0.00434072
7.11 -0.00558956 2.01919e-05 -0.00560975
7.12 -0.00506915 0.00174708 -0.00681623
7.13 -0.00445031 0.00350486 -0.00795517
7.14 -0.00373643 0.00528554 -0.00902197
7.15 -0.00293148 0.00708104 -0.0100125
7.16 -0.00204001 0.00888314 -0.0109232
7.17 -0.00106712 0.0106836 -0.0117507
7.18 -1.71775e-05 0.0124753 -0.0124924
7.19 0.00110221 0.0142484 -0.0131462
7.2 0.00228448 0.0159948 -0.0137104
7.21 0.00352269 0.0177063 -0.0141836
7.22 0.00480952 0.019375 -0.0145655
7.23 0.00613736 0.020993 -0.0148556
7.24 0.00749836 0.0225528 -0.0150544
7.25 0.00888443 0.0240472 -0.0151628
7.26 0.0102873 0.0254693 -0.015182
7.27 0.0116987 0.0268125 -0.0151138
7.28 0.0131103 0.0280707 -0.0149604
7.29 0.0145134 0.0292379 -0.0147245
7.3 0.0158999 0.0303091 -0.0144092
7.31 0.0172615 0.0312794 -0.0140179
7.32 0.0185896 0.032144 -0.0135544
7.33 0.0198761 0.032899 -0.0130229
7.34 0.0211135 0.0335414 -0.0124279
7.35 0.0222944 0.0340684 -0.011774
7.36 0.0234118 0.0344781 -0.0110663
7.37 0.024459 0.034769 -0.01031
7.38 0.0254295 0.0349399 -0.00951042
7.39 0.0263176 0.0349907 -0.00867308
7.4 0.0271178 0.0349215 -0.00780366
7.41 0.0278253 0.0347332 -0.00690785
7.42 0.0284355 0.0344269 -0.00599144
7.43 0.0289447 0.0340049 -0.00506018
7.44 0.0293497 0.0334695 -0.00411984
7.45 0.0296477 0.0328238 -0.00317612
7.46 0.0298366 0.0320712 -0.00223463
7.47 0.0299135 0.0312143 -0.00130085
7.48 0.0298784 0.0302585 -0.000380124
7.49 0.0297317 0.0292093 0.000522375
7.5 0.0294738 0.0280721 0.00140169
7.51 0.0291056 0.0268525 0.00225311
7.52 0.0286287 0.0255566 0.00307214
7.53 0.0280454 0.0241908 0.00385461
7.54 0.0273583 0.0227617 0.00459663
7.55 0.0265708 0.0212762 0.0052946
7.56 0.0256865 0.0197412 0.0059453
7.57 0.02471 0.0181642 0.00654583
7.58 0.0236458 0.0165521 0.00709366
7.59 0.0224993 0.0149127 0.00758661
7.6 0.0212761 0.0132532 0.00802291
7.61 0.019982 0.0115809 0.00840113
7.62 0.0186227 0.00990245 0.00872025
7.63 0.0172058 0.00822618 0.00897962
7.64 0.0157384 0.00655941 0.00917899
7.65 0.0142275 0.00490904 0.00931846
7.66 0.0126805 0.003282 0.0093985
7.67 0.0111047 0.00168473 0.00941997
7.68 0.00950769 0.000123644 0.00938405
7.69 0.00789703 -0.00139522 0.00929225
7.7 0.00628027 -0.00286616 0.00914643
7.71 0.00466492 -0.00428381 0.00894873
7.72 0.00305841 -0.00564317 0.00870158
7.73 0.00146807 -0.00693962 0.00840769
7.74 -9.89588e-05 -0.00816895 0.00806999
7.75 -0.00163573 -0.00932738 0.00769165
7.76 -0.00313514 -0.0104112 0.00727603
7.77 -0.00459055 -0.0114172 0.00682667
7.78 -0.0059962 -0.0123435 0.00634726
7.79 -0.00734631 -0.0131879 0.0058416
7.8 -0.00863547 -0.0139491 0.00531359
7.81 -0.00985867 -0.0146259 0.00476722
7.82 -0.0110113 -0.0152178 0.00420649
7.83 -0.0120892 -0.0157247 0.00363546
7.84 -0.0130887 -0.0161468 0.00305813
7.85 -0.0140064 -0.0164849 0.00247851
7.86 -0.0148398 -0.0167403 0.00190053
7.87 -0.0155864 -0.0169144 0.00132804
7.88 -0.0162445 -0.0170093 0.000764785
7.89 -0.0168129 -0.0170273 0.000214366
7.9 -0.0172908 -0.016971 -0.000319753
7.91 -0.0176765 -0.0168422 -0.000834283
7.92 -0.0179713 -0.0166452 -0.00132613
7.93 -0.0181763 -0.0163839 -0.0017924
7.94 -0.0182927 -0.0160623 -0.00223043
7.95 -0.0183221 -0.0156843 -0.00263779
7.96 -0.0182667 -0.0152544 -0.00301231
7.97 -0.0181289 -0.0147768 -0.00335206
7.98 -0.0179117 -0.0142563 -0.0036554
7.99 -0.0176184 -0.0136974 -0.00392097
8 -0.0172526 -0.0131049 -0.00414766
