# Generated on Sun Sep  5 13:27:41 2021 by yr2369.
# This file was created by PDFgui.
#S 1
#L r  Gtrunc  Gdiff  Gcalc
1.79 -0.112795 -0.0204838 -0.0923112
1.8 -0.115893 -0.0167781 -0.0991149
1.81 -0.119296 -0.0132976 -0.105998
1.82 -0.122991 -0.0100505 -0.11294
1.83 -0.126962 -0.00704289 -0.119919
1.84 -0.131192 -0.00428058 -0.126911
1.85 -0.13566 -0.00176615 -0.133894
1.86 -0.140345 0.000497229 -0.140842
1.87 -0.145223 0.00250888 -0.147732
1.88 -0.150269 0.00426867 -0.154538
1.89 -0.155457 0.00577717 -0.161234
1.9 -0.160758 0.00703766 -0.167796
1.91 -0.166143 0.00805333 -0.174196
1.92 -0.17158 0.0088303 -0.18041
1.93 -0.177036 0.00937576 -0.186412
1.94 -0.182479 0.0096961 -0.192175
1.95 -0.187875 0.00979997 -0.197675
1.96 -0.193189 0.00969739 -0.202886
1.97 -0.198387 0.0093979 -0.207785
1.98 -0.203434 0.00891262 -0.212347
1.99 -0.208295 0.00825337 -0.216548
2 -0.212935 0.00743278 -0.220368
2.01 -0.21732 0.00646338 -0.223783
2.02 -0.221414 0.00536069 -0.226775
2.03 -0.225186 0.00413635 -0.229322
2.04 -0.228601 0.00280716 -0.231408
2.05 -0.231628 0.00138721 -0.233015
2.06 -0.234229 -0.000101072 -0.234128
2.07 -0.236381 -0.00164881 -0.234732
2.08 -0.238057 -0.00324164 -0.234815
2.09 -0.239231 -0.00486461 -0.234366
2.1 -0.239878 -0.00650215 -0.233376
2.11 -0.239976 -0.00814 -0.231836
2.12 -0.239505 -0.00976416 -0.229741
2.13 -0.238446 -0.0113599 -0.227086
2.14 -0.236784 -0.0129146 -0.223869
2.15 -0.234505 -0.0144148 -0.22009
2.16 -0.231599 -0.0158493 -0.21575
2.17 -0.228056 -0.0172051 -0.210851
2.18 -0.223872 -0.018473 -0.205399
2.19 -0.219042 -0.0196412 -0.199401
2.2 -0.213561 -0.0206961 -0.192865
2.21 -0.207431 -0.021629 -0.185802
2.22 -0.200663 -0.0224387 -0.178224
2.23 -0.193265 -0.0231189 -0.170146
2.24 -0.185247 -0.023664 -0.161583
2.25 -0.176623 -0.0240703 -0.152553
2.26 -0.167408 -0.0243336 -0.143074
2.27 -0.157622 -0.0244534 -0.133169
2.28 -0.147285 -0.0244273 -0.122858
2.29 -0.136421 -0.0242558 -0.112165
2.3 -0.125055 -0.023939 -0.101116
2.31 -0.113216 -0.0234796 -0.0897364
2.32 -0.100934 -0.0228804 -0.0780536
2.33 -0.0882411 -0.0221451 -0.066096
2.34 -0.0751713 -0.0212783 -0.053893
2.35 -0.0617557 -0.020281 -0.0414747
2.36 -0.0480373 -0.0191653 -0.028872
2.37 -0.0340557 -0.0179393 -0.0161164
2.38 -0.019851 -0.0166112 -0.00323981
2.39 -0.00546432 -0.0151896 0.00972526
2.4 0.00906226 -0.013684 0.0227462
2.41 0.023686 -0.0121043 0.0357903
2.42 0.0383637 -0.0104609 0.0488246
2.43 0.0530518 -0.00876473 0.0618165
2.44 0.0677066 -0.00702695 0.0747336
2.45 0.0822846 -0.00525892 0.0875435
2.46 0.0967423 -0.00347244 0.100215
2.47 0.111037 -0.00167909 0.112716
2.48 0.125126 0.000108867 0.125017
2.49 0.138967 0.00187878 0.137088
2.5 0.152516 0.00361539 0.148901
2.51 0.165737 0.00531047 0.160427
2.52 0.178592 0.00695267 0.171639
2.53 0.191044 0.00853046 0.182514
2.54 0.20306 0.0100351 0.193025
2.55 0.214606 0.0114553 0.203151
2.56 0.225651 0.0127816 0.212869
2.57 0.236167 0.014006 0.222161
2.58 0.246126 0.0151188 0.231007
2.59 0.255504 0.0161127 0.239391
2.6 0.26428 0.016982 0.247298
2.61 0.272433 0.0177191 0.254714
2.62 0.279947 0.0183196 0.261627
2.63 0.286807 0.0187786 0.268028
2.64 0.292993 0.0190843 0.273909
2.65 0.2985 0.0192381 0.279262
2.66 0.303325 0.0192417 0.284083
2.67 0.307465 0.0190949 0.28837
2.68 0.310918 0.018797 0.292121
2.69 0.313686 0.0183494 0.295337
2.7 0.315774 0.0177548 0.298019
2.71 0.317188 0.0170152 0.300173
2.72 0.317937 0.0161342 0.301803
2.73 0.318033 0.0151165 0.302917
2.74 0.317491 0.0139686 0.303522
2.75 0.316325 0.0126943 0.303631
2.76 0.314555 0.0113023 0.303253
2.77 0.312201 0.00979965 0.302401
2.78 0.309286 0.00819538 0.301091
2.79 0.305824 0.00648831 0.299336
2.8 0.30185 0.00469721 0.297153
2.81 0.297394 0.00283485 0.294559
2.82 0.292482 0.000909142 0.291573
2.83 0.287145 -0.00106781 0.288213
2.84 0.281414 -0.0030846 0.284499
2.85 0.27532 -0.00513039 0.28045
2.86 0.268896 -0.00719286 0.276089
2.87 0.262175 -0.00926005 0.271435
2.88 0.255189 -0.0113213 0.26651
2.89 0.247972 -0.0133642 0.261336
2.9 0.240558 -0.0153764 0.255934
2.91 0.23298 -0.0173465 0.250326
2.92 0.225271 -0.0192629 0.244534
2.93 0.217463 -0.0211151 0.238578
2.94 0.209587 -0.0228931 0.23248
2.95 0.201677 -0.0245835 0.22626
2.96 0.193763 -0.0261765 0.21994
2.97 0.185873 -0.0276639 0.213537
2.98 0.178035 -0.0290366 0.207072
2.99 0.170277 -0.0302849 0.200562
3 0.162622 -0.0314036 0.194026
3.01 0.155095 -0.0323843 0.187479
3.02 0.147719 -0.0332201 0.180939
3.03 0.140512 -0.0339078 0.17442
3.04 0.133494 -0.0344416 0.167936
3.05 0.126682 -0.0348173 0.161499
3.06 0.120091 -0.0350321 0.155123
3.07 0.113733 -0.0350849 0.148818
3.08 0.107623 -0.0349705 0.142593
3.09 0.101768 -0.0346906 0.136459
3.1 0.0961745 -0.0342464 0.130421
3.11 0.0908472 -0.0336399 0.124487
3.12 0.0857893 -0.0328731 0.118662
3.13 0.081002 -0.0319495 0.112951
3.14 0.0764849 -0.0308726 0.107357
3.15 0.0722355 -0.0296473 0.101883
3.16 0.0682496 -0.028279 0.0965286
3.17 0.0645215 -0.0267738 0.0912953
3.18 0.0610435 -0.0251387 0.0861822
3.19 0.0578068 -0.023381 0.0811878
3.2 0.054801 -0.0215088 0.0763098
3.21 0.0520141 -0.0195309 0.071545
3.22 0.0494335 -0.0174561 0.0668896
3.23 0.0470478 -0.0152912 0.062339
3.24 0.0448381 -0.0130499 0.057888
3.25 0.0427885 -0.0107425 0.053531
3.26 0.0408821 -0.00837966 0.0492618
3.27 0.0391014 -0.00597236 0.0450738
3.28 0.0374285 -0.00353157 0.0409601
3.29 0.0358451 -0.00106843 0.0369135
3.3 0.0343326 0.00140583 0.0329268
3.31 0.0328723 0.00387997 0.0289923
3.32 0.0314457 0.00634301 0.0251027
3.33 0.0300341 0.00878376 0.0212503
3.34 0.0286194 0.0111915 0.0174279
3.35 0.0271837 0.0135556 0.0136281
3.36 0.0257097 0.0158657 0.00984396
3.37 0.0241802 0.0181114 0.00606876
3.38 0.0225787 0.0202826 0.00229613
3.39 0.0208906 0.0223705 -0.00147987
3.4 0.0191019 0.0243666 -0.00526473
3.41 0.0171994 0.0262628 -0.00906342
3.42 0.0151712 0.0280515 -0.0128803
3.43 0.0130066 0.0297259 -0.0167193
3.44 0.0106959 0.0312793 -0.0205834
3.45 0.0082309 0.0327061 -0.0244752
3.46 0.00560482 0.0340012 -0.0283964
3.47 0.00281215 0.0351603 -0.0323481
3.48 -0.00015115 0.0361795 -0.0363306
3.49 -0.00328769 0.0370558 -0.0403434
3.5 -0.00659858 0.0377868 -0.0443853
3.51 -0.0100835 0.0383708 -0.0484543
3.52 -0.0137432 0.0388045 -0.0525477
3.53 -0.0175723 0.0390895 -0.0566618
3.54 -0.0215655 0.0392269 -0.0607924
3.55 -0.0257166 0.039218 -0.0649346
3.56 -0.0300182 0.0390643 -0.0690825
3.57 -0.0344615 0.0387684 -0.0732299
3.58 -0.0390364 0.0383333 -0.0773697
3.59 -0.0437319 0.0377622 -0.0814941
3.6 -0.0485356 0.0370595 -0.0855951
3.61 -0.0534341 0.0362298 -0.0896639
3.62 -0.0584133 0.0352778 -0.0936911
3.63 -0.063458 0.0342092 -0.0976672
3.64 -0.0685523 0.0330299 -0.101582
3.65 -0.0736796 0.0317461 -0.105426
3.66 -0.0788228 0.0303642 -0.109187
3.67 -0.0839639 0.0288916 -0.112855
3.68 -0.0890847 0.0273353 -0.11642
3.69 -0.0941669 0.0257028 -0.11987
3.7 -0.0991923 0.0240013 -0.123194
3.71 -0.104142 0.0222385 -0.126381
3.72 -0.108999 0.0204208 -0.12942
3.73 -0.113744 0.0185568 -0.132301
3.74 -0.118359 0.016654 -0.135013
3.75 -0.122828 0.0147183 -0.137546
3.76 -0.127133 0.0127581 -0.139891
3.77 -0.131257 0.0107811 -0.142038
3.78 -0.135186 0.00879244 -0.143978
3.79 -0.138905 0.00679892 -0.145704
3.8 -0.142398 0.00480889 -0.147207
3.81 -0.145651 0.00282935 -0.14848
3.82 -0.148652 0.000865998 -0.149518
3.83 -0.151392 -0.00107773 -0.150314
3.84 -0.153861 -0.00299664 -0.150864
3.85 -0.15605 -0.00488571 -0.151164
3.86 -0.157952 -0.00674108 -0.151211
3.87 -0.159561 -0.00855904 -0.151002
3.88 -0.160871 -0.010335 -0.150536
3.89 -0.16188 -0.0120674 -0.149813
3.9 -0.162585 -0.0137529 -0.148832
3.91 -0.162986 -0.0153901 -0.147596
3.92 -0.163082 -0.0169758 -0.146106
3.93 -0.162876 -0.0185097 -0.144366
3.94 -0.16237 -0.0199898 -0.14238
3.95 -0.161569 -0.0214161 -0.140153
3.96 -0.160474 -0.0227838 -0.13769
3.97 -0.159096 -0.0240969 -0.134999
3.98 -0.157444 -0.0253571 -0.132087
3.99 -0.155527 -0.0265649 -0.128962
4 -0.153355 -0.0277212 -0.125634
4.01 -0.150939 -0.028827 -0.122112
4.02 -0.148292 -0.0298848 -0.118407
4.03 -0.145426 -0.0308954 -0.114531
4.04 -0.142355 -0.031861 -0.110494
4.05 -0.139094 -0.0327842 -0.10631
4.06 -0.135657 -0.0336662 -0.101991
4.07 -0.13206 -0.0345096 -0.0975504
4.08 -0.128319 -0.0353169 -0.0930021
4.09 -0.12445 -0.03609 -0.08836
4.1 -0.12047 -0.0368318 -0.0836382
4.11 -0.116395 -0.0375438 -0.0788512
4.12 -0.112242 -0.0382285 -0.0740135
4.13 -0.108029 -0.0388893 -0.0691397
4.14 -0.103771 -0.0395267 -0.0642443
4.15 -0.0994867 -0.0401448 -0.0593419
4.16 -0.0951905 -0.0407435 -0.054447
4.17 -0.0908983 -0.0413247 -0.0495736
4.18 -0.0866253 -0.0418896 -0.0447357
4.19 -0.0823863 -0.0424394 -0.0399469
4.2 -0.078195 -0.0429744 -0.0352206
4.21 -0.0740649 -0.0434954 -0.0305695
4.22 -0.0700085 -0.0440026 -0.0260059
4.23 -0.0660376 -0.0444958 -0.0215418
4.24 -0.0621629 -0.0449746 -0.0171883
4.25 -0.0583959 -0.0454398 -0.0129561
4.26 -0.0547452 -0.04589 -0.00885515
4.27 -0.051218 -0.0463233 -0.00489471
4.28 -0.0478214 -0.0467381 -0.00108332
4.29 -0.0445611 -0.0471323 0.00257122
4.3 -0.0414422 -0.0475041 0.00606191
4.31 -0.0384683 -0.0478509 0.00938256
4.32 -0.0356423 -0.0481701 0.0125278
4.33 -0.0329657 -0.0484587 0.015493
4.34 -0.0304394 -0.048714 0.0182746
4.35 -0.0280628 -0.0489324 0.0208696
4.36 -0.0258346 -0.0491106 0.023276
4.37 -0.0237525 -0.0492452 0.0254927
4.38 -0.0218131 -0.0493324 0.0275193
4.39 -0.0200123 -0.0493684 0.0293561
4.4 -0.0183473 -0.0493519 0.0310046
4.41 -0.0168098 -0.0492765 0.0324667
4.42 -0.0153931 -0.0491383 0.0337452
4.43 -0.0140898 -0.0489334 0.0348436
4.44 -0.0128922 -0.0486582 0.035766
4.45 -0.0117917 -0.0483092 0.0365175
4.46 -0.0107794 -0.0478827 0.0371033
4.47 -0.00984597 -0.0473755 0.0375296
4.48 -0.00898164 -0.0467845 0.0378029
4.49 -0.00817651 -0.0461069 0.0379304
4.5 -0.00742044 -0.0453399 0.0379195
4.51 -0.00670317 -0.0444813 0.0377781
4.52 -0.00601442 -0.0435291 0.0375146
4.53 -0.00534396 -0.0424815 0.0371375
4.54 -0.00468165 -0.0413373 0.0366556
4.55 -0.00401728 -0.0400952 0.0360779
4.56 -0.00334109 -0.0387546 0.0354135
4.57 -0.00264377 -0.0373155 0.0346718
4.58 -0.00191638 -0.0357782 0.0338618
4.59 -0.00115044 -0.0341435 0.032993
4.6 -0.000338004 -0.0324125 0.0320745
4.61 0.000528312 -0.0305872 0.0311155
4.62 0.00145527 -0.0286695 0.0301248
4.63 0.00244896 -0.0266622 0.0291111
4.64 0.00351475 -0.0245684 0.0280831
4.65 0.0046573 -0.0223916 0.0270489
4.66 0.00588046 -0.020136 0.0260164
4.67 0.00718728 -0.0178059 0.0249932
4.68 0.00858 -0.0154063 0.0239863
4.69 0.0100612 -0.0129414 0.0230026
4.7 0.0116307 -0.0104176 0.0220483
4.71 0.0132877 -0.00784145 0.0211292
4.72 0.0150309 -0.00521967 0.0202506
4.73 0.0168584 -0.00255895 0.0194173
4.74 0.0187674 0.000133637 0.0186338
4.75 0.0207541 0.00285052 0.0179036
4.76 0.0228141 0.00558407 0.01723
4.77 0.0249423 0.00832653 0.0166158
4.78 0.0271327 0.0110697 0.016063
4.79 0.0293787 0.0138055 0.0155732
4.8 0.0316732 0.0165257 0.0151475
4.81 0.0340083 0.0192218 0.0147865
4.82 0.0363757 0.0218856 0.0144901
4.83 0.0387666 0.0245087 0.0142579
4.84 0.0411718 0.0270828 0.014089
4.85 0.0435813 0.0295994 0.0139819
4.86 0.045985 0.0320502 0.0139348
4.87 0.048373 0.0344275 0.0139455
4.88 0.0507348 0.0367235 0.0140113
4.89 0.0530601 0.0389308 0.0141293
4.9 0.0553384 0.0410423 0.0142961
4.91 0.0575592 0.043051 0.0145082
4.92 0.0597122 0.0449505 0.0147617
4.93 0.0617873 0.0467348 0.0150525
4.94 0.0637745 0.048398 0.0153765
4.95 0.0656643 0.0499352 0.0157291
4.96 0.0674472 0.0513412 0.016106
4.97 0.0691145 0.052612 0.0165025
4.98 0.0706565 0.0537425 0.016914
4.99 0.0720652 0.0547294 0.0173358
5 0.0733343 0.0555709 0.0177634
5.01 0.0744574 0.0562651 0.0181923
5.02 0.0754283 0.0568104 0.0186179
5.03 0.0762418 0.0572058 0.019036
5.04 0.0768934 0.0574509 0.0194425
5.05 0.0773793 0.0575459 0.0198334
5.06 0.0776964 0.0574916 0.0202048
5.07 0.0778428 0.0572893 0.0205535
5.08 0.0778169 0.056941 0.0208759
5.09 0.0776182 0.0564489 0.0211693
5.1 0.0772472 0.0558163 0.0214309
5.11 0.0767049 0.0550464 0.0216585
5.12 0.0759933 0.0541435 0.0218498
5.13 0.0751128 0.0531094 0.0220034
5.14 0.0740691 0.0519513 0.0221178
5.15 0.0728673 0.0506752 0.0221921
5.16 0.0715125 0.049287 0.0222255
5.17 0.0700106 0.0477927 0.0222179
5.18 0.0683683 0.046199 0.0221693
5.19 0.0665928 0.0445126 0.0220802
5.2 0.0646921 0.0427409 0.0219512
5.21 0.0626747 0.0408912 0.0217835
5.22 0.0605494 0.038971 0.0215784
5.23 0.0583259 0.0369883 0.0213376
5.24 0.0560139 0.0349507 0.0210632
5.25 0.0536237 0.0328663 0.0207574
5.26 0.0511658 0.0307432 0.0204226
5.27 0.0486508 0.0285892 0.0200616
5.28 0.0460895 0.0264123 0.0196772
5.29 0.0434936 0.024221 0.0192726
5.3 0.0408744 0.0220234 0.018851
5.31 0.038243 0.0198272 0.0184158
5.32 0.0356103 0.0176401 0.0179702
5.33 0.0329874 0.0154694 0.017518
5.34 0.0303847 0.0133222 0.0170625
5.35 0.027813 0.0112056 0.0166074
5.36 0.0252821 0.00912598 0.0161561
5.37 0.0228021 0.00708993 0.0157122
5.38 0.0203821 0.00510318 0.0152789
5.39 0.0180311 0.00317146 0.0148596
5.4 0.0157575 0.00130001 0.0144575
5.41 0.0135691 -0.00050633 0.0140754
5.42 0.0114742 -0.00224207 0.0137163
5.43 0.00947928 -0.00390331 0.0133826
5.44 0.00758953 -0.00548723 0.0130768
5.45 0.00581018 -0.00699071 0.0128009
5.46 0.00414573 -0.00841108 0.0125568
5.47 0.00259995 -0.00974614 0.0123461
5.48 0.00117588 -0.0109941 0.01217
5.49 -0.000124203 -0.0121537 0.0120295
5.5 -0.00129878 -0.013224 0.0119252
5.51 -0.00234709 -0.0142045 0.0118574
5.52 -0.00326911 -0.0150952 0.0118261
5.53 -0.00406559 -0.0158966 0.011831
5.54 -0.00473797 -0.0166093 0.0118713
5.55 -0.00528844 -0.0172345 0.0119461
5.56 -0.00571987 -0.0177738 0.0120539
5.57 -0.0060338 -0.018227 0.0121932
5.58 -0.00623649 -0.0185984 0.0123619
5.59 -0.0063328 -0.0188905 0.0125577
5.6 -0.00632811 -0.0191062 0.0127781
5.61 -0.00622828 -0.0192485 0.0130203
5.62 -0.00603969 -0.0193207 0.013281
5.63 -0.00576913 -0.0193263 0.0135572
5.64 -0.00542378 -0.0192688 0.013845
5.65 -0.00501115 -0.0191521 0.014141
5.66 -0.00453904 -0.0189801 0.0144411
5.67 -0.00401549 -0.0187567 0.0147413
5.68 -0.00344871 -0.0184861 0.0150374
5.69 -0.00284703 -0.0181724 0.0153254
5.7 -0.00221885 -0.0178196 0.0156007
5.71 -0.00157253 -0.0174318 0.0158593
5.72 -0.000916601 -0.0170132 0.0160966
5.73 -0.000259568 -0.0165682 0.0163086
5.74 0.000390447 -0.0161004 0.0164909
5.75 0.00102551 -0.0156139 0.0166394
5.76 0.00163796 -0.0151122 0.0167502
5.77 0.0022204 -0.014599 0.0168194
5.78 0.0027658 -0.0140775 0.0168433
5.79 0.0032675 -0.013551 0.0168185
5.8 0.00371928 -0.0130225 0.0167418
5.81 0.00411537 -0.0124949 0.0166102
5.82 0.00445049 -0.0119706 0.0164211
5.83 0.00471989 -0.011452 0.0161719
5.84 0.00491937 -0.0109415 0.0158608
5.85 0.00504532 -0.0104407 0.015486
5.86 0.00509367 -0.0099525 0.0150462
5.87 0.00506254 -0.00947775 0.0145403
5.88 0.00495057 -0.00901724 0.0139678
5.89 0.00475663 -0.0085719 0.0133285
5.9 0.0044802 -0.00814247 0.0126227
5.91 0.0041214 -0.00772943 0.0118508
5.92 0.00368097 -0.00733309 0.0110141
5.93 0.00316026 -0.00695352 0.0101138
5.94 0.00256122 -0.00659063 0.00915185
5.95 0.00188639 -0.00624413 0.00813052
5.96 0.00113886 -0.00591357 0.00705243
5.97 0.000322267 -0.00559835 0.00592062
5.98 -0.000559237 -0.00529772 0.00473848
5.99 -0.00150103 -0.00501082 0.00350979
6 -0.0024981 -0.00473674 0.00223864
6.01 -0.00354562 -0.00447507 0.000929455
6.02 -0.00463678 -0.00422375 -0.000413027
6.03 -0.00576536 -0.00398155 -0.00178381
6.04 -0.00692488 -0.00374726 -0.00317762
6.05 -0.00810859 -0.0035196 -0.00458899
6.06 -0.00930958 -0.00329734 -0.00601224
6.07 -0.0105208 -0.0030793 -0.0074415
6.08 -0.011735 -0.00286421 -0.00887079
6.09 -0.0129449 -0.00265088 -0.010294
6.1 -0.0141434 -0.00243839 -0.011705
6.11 -0.0153233 -0.00222574 -0.0130976
6.12 -0.0164774 -0.00201195 -0.0144655
6.13 -0.0175988 -0.0017963 -0.0158025
6.14 -0.0186806 -0.00157803 -0.0171026
6.15 -0.0197159 -0.00135626 -0.0183596
6.16 -0.0206981 -0.00113029 -0.0195678
6.17 -0.0216218 -0.000900467 -0.0207213
6.18 -0.0224812 -0.000666534 -0.0218147
6.19 -0.0232712 -0.00042871 -0.0228425
6.2 -0.0239869 -0.000187157 -0.0237997
6.21 -0.024624 5.76485e-05 -0.0246816
6.22 -0.0251786 0.000305141 -0.0254837
6.23 -0.0256473 0.000554597 -0.0262019
6.24 -0.0260272 0.000805154 -0.0268324
6.25 -0.0263161 0.00105564 -0.0273717
6.26 -0.0265122 0.00130487 -0.0278171
6.27 -0.0266141 0.00155172 -0.0281658
6.28 -0.0266214 0.00179448 -0.0284159
6.29 -0.026534 0.00203159 -0.0285656
6.3 -0.026351 0.00226277 -0.0286138
6.31 -0.0260746 0.00248511 -0.0285597
6.32 -0.0257068 0.00269638 -0.0284032
6.33 -0.0252498 0.00289462 -0.0281444
6.34 -0.0247065 0.00307768 -0.0277842
6.35 -0.0240802 0.00324346 -0.0273237
6.36 -0.0233746 0.00338998 -0.0267646
6.37 -0.022594 0.00351509 -0.0261091
6.38 -0.0217431 0.00361672 -0.0253598
6.39 -0.0208271 0.00369276 -0.0245199
6.4 -0.0198514 0.00374131 -0.0235927
6.41 -0.0188219 0.00376041 -0.0225823
6.42 -0.0177449 0.00374808 -0.021493
6.43 -0.0166267 0.00370275 -0.0203295
6.44 -0.0154739 0.00362287 -0.0190968
6.45 -0.0142933 0.00350704 -0.0178003
6.46 -0.0130923 0.00335354 -0.0164458
6.47 -0.0118782 0.00316105 -0.0150393
6.48 -0.0106581 0.00292868 -0.0135868
6.49 -0.00943916 0.0026557 -0.0120949
6.5 -0.00822859 0.0023415 -0.0105701
6.51 -0.00703347 0.00198574 -0.00901921
6.52 -0.00586077 0.00158832 -0.00744909
6.53 -0.00471729 0.00114938 -0.00586667
6.54 -0.00360963 0.000669296 -0.00427893
6.55 -0.00254416 0.000148685 -0.00269285
6.56 -0.00152695 -0.000411564 -0.00111539
6.57 -0.000563752 -0.00101031 0.00044656
6.58 0.000340022 -0.00164618 0.0019862
6.59 0.00117868 -0.00231819 0.00349687
6.6 0.00194759 -0.00302448 0.00497207
6.61 0.00264317 -0.00376234 0.00640551
6.62 0.00326177 -0.00452936 0.00779113
6.63 0.00380021 -0.0053229 0.00912311
6.64 0.00425584 -0.0061401 0.0103959
6.65 0.00462653 -0.00697789 0.0116044
6.66 0.00491068 -0.00783301 0.0127437
6.67 0.00510723 -0.00870201 0.0138092
6.68 0.00521569 -0.00958128 0.014797
6.69 0.00523611 -0.0104671 0.0157032
6.7 0.00516908 -0.0113555 0.0165245
6.71 0.00501576 -0.0122425 0.0172582
6.72 0.00477784 -0.013124 0.0179018
6.73 0.00445751 -0.0139959 0.0184534
6.74 0.00405625 -0.0148552 0.0189115
6.75 0.00357854 -0.0156965 0.019275
6.76 0.00302824 -0.0165152 0.0195435
6.77 0.00240951 -0.0173073 0.0197168
6.78 0.00172694 -0.0180684 0.0197954
6.79 0.000985522 -0.0187945 0.0197801
6.8 0.000190596 -0.0194816 0.0196722
6.81 -0.000652163 -0.0201256 0.0194735
6.82 -0.00153678 -0.0207229 0.0191861
6.83 -0.00245704 -0.0212698 0.0188128
6.84 -0.00340649 -0.021763 0.0183565
6.85 -0.00437849 -0.022199 0.0178205
6.86 -0.00536629 -0.0225751 0.0172088
6.87 -0.00636301 -0.0228883 0.0165252
6.88 -0.00736169 -0.0231361 0.0157744
6.89 -0.0083552 -0.0233161 0.0149609
6.9 -0.00933658 -0.0234263 0.0140897
6.91 -0.010299 -0.0234651 0.0131661
6.92 -0.0112357 -0.0234311 0.0121954
6.93 -0.0121401 -0.0233233 0.0111832
6.94 -0.0130058 -0.023141 0.0101352
6.95 -0.0138266 -0.0228838 0.00905723
6.96 -0.0145967 -0.022552 0.00795527
6.97 -0.0153104 -0.0221456 0.00683523
6.98 -0.0159624 -0.0216655 0.00570311
6.99 -0.0165478 -0.0211126 0.00456485
7 -0.0170621 -0.0204885 0.00342638
7.01 -0.0175012 -0.0197947 0.00229353
7.02 -0.0178613 -0.0190333 0.00117203
7.03 -0.0181382 -0.0182057 6.74803e-05
7.04 -0.0183296 -0.0173149 -0.00101469
7.05 -0.0184337 -0.0163644 -0.00206925
7.06 -0.0184488 -0.0153576 -0.00309118
7.07 -0.0183738 -0.0142981 -0.0040757
7.08 -0.0182078 -0.0131895 -0.00501831
7.09 -0.0179507 -0.0120359 -0.00591477
7.1 -0.0176029 -0.0108417 -0.00676116
7.11 -0.0171651 -0.0096112 -0.0075539
7.12 -0.0166388 -0.00834908 -0.00828972
7.13 -0.0160258 -0.00706008 -0.00896572
7.14 -0.0153284 -0.00574905 -0.00957935
7.15 -0.0145494 -0.00442096 -0.0101284
7.16 -0.0136922 -0.003081 -0.0106112
7.17 -0.0127604 -0.00173417 -0.0110262
7.18 -0.0117568 -0.000384307 -0.0113725
7.19 -0.0106876 0.000961768 -0.0116494
7.2 -0.00955733 0.00229928 -0.0118566
7.21 -0.0083714 0.00362294 -0.0119943
7.22 -0.00713524 0.00492784 -0.0120631
7.23 -0.00585461 0.0062091 -0.0120637
7.24 -0.00453552 0.00746194 -0.0119975
7.25 -0.00318413 0.00868178 -0.0118659
7.26 -0.0018068 0.00986419 -0.011671
7.27 -0.000409986 0.0110049 -0.0114149
7.28 0.000999763 0.0121 -0.0111003
7.29 0.00241585 0.0131456 -0.0107298
7.3 0.00383167 0.0141383 -0.0103066
7.31 0.00524063 0.0150747 -0.00983405
7.32 0.0066361 0.0159517 -0.00931563
7.33 0.00801138 0.0167665 -0.00875509
7.34 0.00936037 0.0175167 -0.00815634
7.35 0.010677 0.0182004 -0.00752344
7.36 0.0119553 0.0188159 -0.00686056
7.37 0.0131896 0.0193616 -0.00617198
7.38 0.0143746 0.0198366 -0.00546204
7.39 0.0155052 0.0202403 -0.00473514
7.4 0.0165765 0.0205722 -0.00399568
7.41 0.0175842 0.0208323 -0.00324807
7.42 0.0185241 0.0210208 -0.00249668
7.43 0.0193926 0.0211384 -0.00174584
7.44 0.0201865 0.0211863 -0.000999767
7.45 0.0209027 0.0211653 -0.000262608
7.46 0.021539 0.0210774 0.000461629
7.47 0.0220921 0.020923 0.00116908
7.48 0.0225613 0.0207052 0.00185606
7.49 0.0229458 0.0204268 0.00251905
7.5 0.0232451 0.0200904 0.00315474
7.51 0.0234589 0.0196988 0.00376005
7.52 0.0235875 0.0192554 0.00433212
7.53 0.0236317 0.0187633 0.00486835
7.54 0.0235926 0.0182262 0.00536639
7.55 0.0234717 0.0176475 0.00582416
7.56 0.0232711 0.0170313 0.00623984
7.57 0.0229931 0.0163812 0.00661193
7.58 0.0226405 0.0157013 0.00693917
7.59 0.0222163 0.0149957 0.00722064
7.6 0.021724 0.0142683 0.00745566
7.61 0.0211672 0.0135233 0.00764387
7.62 0.0205491 0.0127639 0.00778519
7.63 0.0198751 0.0119953 0.00787983
7.64 0.0191496 0.0112213 0.00792825
7.65 0.0183774 0.0104462 0.00793121
7.66 0.0175634 0.00967369 0.00788971
7.67 0.0167126 0.00890758 0.00780502
7.68 0.0158301 0.00815148 0.00767862
7.69 0.0149212 0.00740897 0.00751223
7.7 0.013991 0.00668321 0.00730779
7.71 0.0130448 0.00597737 0.00706743
7.72 0.0120879 0.00529446 0.00679344
7.73 0.0111254 0.0046371 0.0064883
7.74 0.0101626 0.00400799 0.00615461
7.75 0.00920448 0.00340936 0.00579512
7.76 0.00825598 0.00284332 0.00541266
7.77 0.00732203 0.00231187 0.00501016
7.78 0.00640708 0.00181645 0.00459063
7.79 0.00551546 0.00135836 0.0041571
7.8 0.0046513 0.00093865 0.00371265
7.81 0.00381844 0.00055808 0.00326036
7.82 0.00302047 0.000217171 0.0028033
7.83 0.00226071 -8.37956e-05 0.00234451
7.84 0.00154216 -0.000344808 0.00188697
7.85 0.000867505 -0.000566104 0.00143361
7.86 0.00023912 -0.000748146 0.000987266
7.87 -0.000340959 -0.000891634 0.000550675
7.88 -0.000871032 -0.000997488 0.000126456
7.89 -0.00134974 -0.00106683 -0.000282906
7.9 -0.00177608 -0.00110101 -0.000675066
7.91 -0.00214855 -0.00110071 -0.00104784
7.92 -0.00246751 -0.00106829 -0.00139922
7.93 -0.00273315 -0.00100578 -0.00172737
7.94 -0.00294582 -0.000915184 -0.00203064
7.95 -0.00310623 -0.000798653 -0.00230758
7.96 -0.00321537 -0.000658425 -0.00255694
7.97 -0.00327456 -0.000496861 -0.0027777
7.98 -0.00328539 -0.000316379 -0.00296901
7.99 -0.00324972 -0.000119454 -0.00313027
8 -0.00316969 9.13719e-05 -0.00326106
