# Generated on Sun Sep  5 13:27:57 2021 by yr2369.
# This file was created by PDFgui.
#S 1
#L r  Gtrunc  Gdiff  Gcalc
1.79 -0.102721 -0.012005 -0.090716
1.8 -0.104411 -0.00740593 -0.0970051
1.81 -0.106443 -0.0030977 -0.103345
1.82 -0.108807 0.00091069 -0.109718
1.83 -0.111493 0.0046096 -0.116103
1.84 -0.114488 0.00799191 -0.12248
1.85 -0.117777 0.0110521 -0.128829
1.86 -0.121343 0.0137861 -0.135129
1.87 -0.125167 0.0161919 -0.141359
1.88 -0.129228 0.018269 -0.147497
1.89 -0.133503 0.0200189 -0.153522
1.9 -0.137968 0.021444 -0.159412
1.91 -0.142597 0.022549 -0.165146
1.92 -0.147361 0.0233413 -0.170702
1.93 -0.15223 0.0238298 -0.17606
1.94 -0.157173 0.0240248 -0.181198
1.95 -0.16216 0.0239358 -0.186096
1.96 -0.167157 0.0235767 -0.190734
1.97 -0.172133 0.0229593 -0.195092
1.98 -0.177054 0.0220987 -0.199153
1.99 -0.181885 0.0210118 -0.202897
2 -0.186594 0.0197135 -0.206307
2.01 -0.191145 0.0182233 -0.209368
2.02 -0.195506 0.0165577 -0.212064
2.03 -0.199642 0.0147373 -0.214379
2.04 -0.203522 0.0127796 -0.216302
2.05 -0.207112 0.0107066 -0.217819
2.06 -0.210376 0.00854294 -0.218919
2.07 -0.213289 0.00630391 -0.219593
2.08 -0.215821 0.00401088 -0.219832
2.09 -0.217946 0.0016826 -0.219629
2.1 -0.219638 -0.000660846 -0.218977
2.11 -0.220873 -0.003 -0.217873
2.12 -0.221628 -0.00531501 -0.216313
2.13 -0.221883 -0.00758758 -0.214295
2.14 -0.22162 -0.00979999 -0.21182
2.15 -0.220823 -0.0119351 -0.208888
2.16 -0.219478 -0.0139763 -0.205502
2.17 -0.217573 -0.0159077 -0.201665
2.18 -0.215101 -0.0177167 -0.197384
2.19 -0.212054 -0.0193885 -0.192665
2.2 -0.208422 -0.020905 -0.187517
2.21 -0.204206 -0.0222575 -0.181949
2.22 -0.199411 -0.0234401 -0.175971
2.23 -0.19404 -0.0244439 -0.169596
2.24 -0.188102 -0.0252643 -0.162838
2.25 -0.181605 -0.0258948 -0.15571
2.26 -0.174559 -0.0263298 -0.148229
2.27 -0.16698 -0.0265686 -0.140411
2.28 -0.158884 -0.0266094 -0.132275
2.29 -0.150289 -0.0264515 -0.123837
2.3 -0.141216 -0.0260965 -0.115119
2.31 -0.131689 -0.0255482 -0.106141
2.32 -0.121733 -0.0248104 -0.0969226
2.33 -0.111374 -0.0238875 -0.0874865
2.34 -0.100642 -0.0227875 -0.0778545
2.35 -0.0895613 -0.0215121 -0.0680492
2.36 -0.0781702 -0.0200765 -0.0580937
2.37 -0.0665027 -0.0184914 -0.0480113
2.38 -0.0545933 -0.016768 -0.0378253
2.39 -0.0424774 -0.014918 -0.0275594
2.4 -0.0301915 -0.0129544 -0.0172371
2.41 -0.0177727 -0.0108908 -0.00688193
2.42 -0.0052585 -0.00874118 0.00348268
2.43 0.00731333 -0.0065203 0.0138336
2.44 0.0199048 -0.0042433 0.0241481
2.45 0.032478 -0.00192565 0.0344037
2.46 0.0449953 0.000416951 0.0445783
2.47 0.0574193 0.00276851 0.0546508
2.48 0.0697135 0.00511329 0.0646002
2.49 0.0818409 0.00743439 0.0744065
2.5 0.093764 0.00971364 0.0840504
2.51 0.105451 0.0119378 0.0935132
2.52 0.116869 0.0140915 0.102778
2.53 0.127988 0.0161616 0.111826
2.54 0.138777 0.0181328 0.120644
2.55 0.149208 0.0199918 0.129216
2.56 0.159255 0.0217265 0.137529
2.57 0.168893 0.0233243 0.145569
2.58 0.178101 0.0247759 0.153325
2.59 0.186857 0.0260696 0.160787
2.6 0.195143 0.0271968 0.167946
2.61 0.202944 0.0281505 0.174794
2.62 0.210245 0.0289227 0.181322
2.63 0.217035 0.0295084 0.187527
2.64 0.223298 0.029896 0.193402
2.65 0.22903 0.0300853 0.198945
2.66 0.234229 0.0300766 0.204152
2.67 0.238895 0.0298714 0.209024
2.68 0.243026 0.0294678 0.213558
2.69 0.246625 0.0288682 0.217757
2.7 0.249696 0.0280749 0.221621
2.71 0.252247 0.027093 0.225154
2.72 0.254286 0.0259271 0.228359
2.73 0.255824 0.0245836 0.23124
2.74 0.256873 0.0230693 0.233804
2.75 0.257448 0.021393 0.236055
2.76 0.257565 0.0195641 0.238001
2.77 0.257242 0.0175931 0.239649
2.78 0.256498 0.0154911 0.241007
2.79 0.255346 0.0132625 0.242084
2.8 0.253816 0.0109283 0.242888
2.81 0.251931 0.0085021 0.243429
2.82 0.249714 0.0059973 0.243717
2.83 0.247189 0.00342785 0.243761
2.84 0.244383 0.000810579 0.243572
2.85 0.241319 -0.00184184 0.243161
2.86 0.238024 -0.00451281 0.242537
2.87 0.234524 -0.00718675 0.241711
2.88 0.230844 -0.00984902 0.240693
2.89 0.22701 -0.0124839 0.239494
2.9 0.223048 -0.0150755 0.238123
2.91 0.218981 -0.0176107 0.236592
2.92 0.214835 -0.0200731 0.234908
2.93 0.210633 -0.0224491 0.233082
2.94 0.206397 -0.0247256 0.231123
2.95 0.202151 -0.0268872 0.229038
2.96 0.197914 -0.0289231 0.226837
2.97 0.193706 -0.0308207 0.224527
2.98 0.189546 -0.0325685 0.222114
2.99 0.185449 -0.0341579 0.219607
3 0.181431 -0.0355791 0.21701
3.01 0.177507 -0.0368226 0.21433
3.02 0.173687 -0.0378834 0.21157
3.03 0.169983 -0.0387539 0.208737
3.04 0.166403 -0.0394299 0.205833
3.05 0.162956 -0.0399056 0.202862
3.06 0.159646 -0.0401797 0.199826
3.07 0.156477 -0.0402502 0.196727
3.08 0.153453 -0.0401146 0.193568
3.09 0.150574 -0.039774 0.190348
3.1 0.147838 -0.0392307 0.187069
3.11 0.145243 -0.0384869 0.18373
3.12 0.142783 -0.037548 0.180331
3.13 0.140453 -0.036418 0.176871
3.14 0.138246 -0.0351027 0.173349
3.15 0.136153 -0.0336094 0.169762
3.16 0.134165 -0.0319452 0.16611
3.17 0.13227 -0.0301197 0.16239
3.18 0.130458 -0.0281404 0.158598
3.19 0.128714 -0.0260198 0.154734
3.2 0.127025 -0.0237679 0.150793
3.21 0.125377 -0.0213959 0.146773
3.22 0.123755 -0.0189158 0.142671
3.23 0.122142 -0.0163417 0.138484
3.24 0.120523 -0.0136856 0.134209
3.25 0.11888 -0.010963 0.129843
3.26 0.117199 -0.008185 0.125384
3.27 0.115463 -0.00536634 0.120829
3.28 0.113655 -0.00252183 0.116177
3.29 0.111759 0.000334385 0.111425
3.3 0.109761 0.00318984 0.106571
3.31 0.107646 0.00603067 0.101615
3.32 0.105398 0.0088416 0.0965564
3.33 0.103005 0.0116109 0.0913941
3.34 0.100453 0.0143243 0.0861287
3.35 0.0977315 0.0169706 0.0807609
3.36 0.0948289 0.019537 0.0752919
3.37 0.0917341 0.0220104 0.0697237
3.38 0.0884381 0.0243793 0.0640588
3.39 0.0849356 0.0266355 0.0583001
3.4 0.0812209 0.0287695 0.0524514
3.41 0.0772895 0.0307726 0.0465169
3.42 0.0731384 0.0326368 0.0405016
3.43 0.0687661 0.0343549 0.0344112
3.44 0.0641725 0.0359208 0.0282517
3.45 0.059359 0.037329 0.02203
3.46 0.0543284 0.0385748 0.0157536
3.47 0.0490853 0.0396547 0.00943056
3.48 0.0436355 0.0405661 0.00306941
3.49 0.0379864 0.0413071 -0.00332067
3.5 0.0321466 0.0418766 -0.00972997
3.51 0.0261265 0.0422748 -0.0161483
3.52 0.0199351 0.0425002 -0.0225651
3.53 0.0135874 0.0425566 -0.0289692
3.54 0.00709813 0.0424473 -0.0353492
3.55 0.000482399 0.0421757 -0.0416933
3.56 -0.00624358 0.0417458 -0.0479894
3.57 -0.0130626 0.0411627 -0.0542253
3.58 -0.0199568 0.0404316 -0.0603884
3.59 -0.0269071 0.0395589 -0.066466
3.6 -0.0338943 0.0385512 -0.0724455
3.61 -0.0408983 0.0374158 -0.0783141
3.62 -0.0478986 0.0361604 -0.084059
3.63 -0.0548744 0.0347931 -0.0896675
3.64 -0.0618049 0.0333223 -0.0951272
3.65 -0.0686688 0.0317569 -0.100426
3.66 -0.0754447 0.0301063 -0.105551
3.67 -0.08211 0.0283813 -0.110491
3.68 -0.0886454 0.0265898 -0.115235
3.69 -0.0950305 0.0247411 -0.119772
3.7 -0.101246 0.0228442 -0.12409
3.71 -0.107272 0.0209089 -0.128181
3.72 -0.11309 0.0189443 -0.132034
3.73 -0.118683 0.0169586 -0.135642
3.74 -0.124034 0.0149607 -0.138995
3.75 -0.129127 0.0129591 -0.142086
3.76 -0.133948 0.010961 -0.144909
3.77 -0.138483 0.0089747 -0.147458
3.78 -0.14272 0.00700689 -0.149727
3.79 -0.146648 0.00506432 -0.151712
3.8 -0.150257 0.00315355 -0.153411
3.81 -0.153535 0.001284 -0.154819
3.82 -0.156477 -0.000541024 -0.155936
3.83 -0.15908 -0.0023193 -0.156761
3.84 -0.16134 -0.0040467 -0.157293
3.85 -0.163255 -0.00572021 -0.157535
3.86 -0.164824 -0.00733689 -0.157487
3.87 -0.166049 -0.00889589 -0.157153
3.88 -0.166931 -0.0103945 -0.156537
3.89 -0.167474 -0.011832 -0.155642
3.9 -0.167685 -0.0132101 -0.154475
3.91 -0.167568 -0.0145264 -0.153042
3.92 -0.167133 -0.0157837 -0.151349
3.93 -0.166389 -0.0169832 -0.149406
3.94 -0.165346 -0.0181262 -0.14722
3.95 -0.164017 -0.0192163 -0.144801
3.96 -0.162409 -0.0202505 -0.142158
3.97 -0.160542 -0.0212382 -0.139304
3.98 -0.15843 -0.0221819 -0.136248
3.99 -0.15609 -0.023087 -0.133003
4 -0.153537 -0.0239562 -0.129581
4.01 -0.150789 -0.0247947 -0.125994
4.02 -0.147865 -0.0256084 -0.122257
4.03 -0.144781 -0.0264 -0.118381
4.04 -0.141556 -0.0271746 -0.114381
4.05 -0.13821 -0.0279385 -0.110271
4.06 -0.13476 -0.0286946 -0.106065
4.07 -0.131226 -0.0294486 -0.101777
4.08 -0.127626 -0.0302046 -0.0974214
4.09 -0.123979 -0.0309672 -0.0930118
4.1 -0.120303 -0.0317404 -0.0885626
4.11 -0.116616 -0.0325283 -0.0840877
4.12 -0.112935 -0.0333341 -0.0796009
4.13 -0.109278 -0.0341623 -0.0751157
4.14 -0.10566 -0.0350149 -0.0706451
4.15 -0.102096 -0.0358938 -0.0662022
4.16 -0.0986002 -0.0368009 -0.0617993
4.17 -0.0951862 -0.0377378 -0.0574484
4.18 -0.0918662 -0.0387052 -0.053161
4.19 -0.0886514 -0.0397033 -0.0489481
4.2 -0.0855518 -0.0407317 -0.0448201
4.21 -0.0825764 -0.0417896 -0.0407868
4.22 -0.0797328 -0.0428754 -0.0368574
4.23 -0.0770277 -0.0439874 -0.0330403
4.24 -0.0744661 -0.0451227 -0.0293434
4.25 -0.0720539 -0.0462801 -0.0257738
4.26 -0.0697929 -0.047455 -0.0223379
4.27 -0.0676836 -0.0486423 -0.0190413
4.28 -0.0657259 -0.0498369 -0.015889
4.29 -0.0639189 -0.0510337 -0.0128852
4.3 -0.06226 -0.0522268 -0.0100332
4.31 -0.0607458 -0.0534101 -0.00733574
4.32 -0.0593715 -0.0545768 -0.00479472
4.33 -0.0581313 -0.05572 -0.00241133
4.34 -0.0570185 -0.0568325 -0.000186046
4.35 -0.0560251 -0.0579065 0.00188137
4.36 -0.0551427 -0.0589345 0.00379184
4.37 -0.0543615 -0.0599084 0.00554695
4.38 -0.0536713 -0.0608202 0.0071489
4.39 -0.0530612 -0.0616617 0.00860053
4.4 -0.0525206 -0.0624259 0.00990525
4.41 -0.0520359 -0.0631029 0.011067
4.42 -0.0515948 -0.063685 0.0120902
4.43 -0.0511843 -0.0641642 0.0129799
4.44 -0.0507915 -0.0645328 0.0137413
4.45 -0.0504033 -0.0647835 0.0143802
4.46 -0.0500065 -0.0649093 0.0149028
4.47 -0.0495882 -0.0649036 0.0153154
4.48 -0.0491354 -0.0647601 0.0156247
4.49 -0.0486355 -0.064473 0.0158375
4.5 -0.0480763 -0.0640374 0.0159611
4.51 -0.047446 -0.0634484 0.0160024
4.52 -0.0467334 -0.0627024 0.015969
4.53 -0.0459277 -0.0617957 0.015868
4.54 -0.0450182 -0.060725 0.0157068
4.55 -0.0439951 -0.0594877 0.0154926
4.56 -0.0428512 -0.058084 0.0152328
4.57 -0.041579 -0.0565134 0.0149344
4.58 -0.0401723 -0.0547767 0.0146044
4.59 -0.0386255 -0.0528749 0.0142494
4.6 -0.0369342 -0.0508102 0.013876
4.61 -0.0350952 -0.0485858 0.0134906
4.62 -0.0331061 -0.0462051 0.013099
4.63 -0.030966 -0.0436729 0.0127069
4.64 -0.028675 -0.0409948 0.0123198
4.65 -0.0262341 -0.0381766 0.0119425
4.66 -0.0236459 -0.0352256 0.0115797
4.67 -0.0209139 -0.0321495 0.0112356
4.68 -0.0180426 -0.0289566 0.010914
4.69 -0.015036 -0.0256544 0.0106184
4.7 -0.0119025 -0.0222542 0.0103517
4.71 -0.00865039 -0.0187669 0.0101165
4.72 -0.00528869 -0.0152036 0.00991491
4.73 -0.00182715 -0.0115758 0.00974866
4.74 0.00172356 -0.00789548 0.00961904
4.75 0.00535194 -0.004175 0.00952694
4.76 0.00904578 -0.00042704 0.00947282
4.77 0.0127922 0.00333543 0.00945677
4.78 0.0165776 0.0070991 0.0094785
4.79 0.0203882 0.0108508 0.00953736
4.8 0.0242094 0.0145771 0.00963233
4.81 0.0280266 0.0182645 0.00976211
4.82 0.0318246 0.0218995 0.00992506
4.83 0.0355883 0.025469 0.0101193
4.84 0.0393014 0.0289587 0.0103427
4.85 0.0429493 0.0323565 0.0105928
4.86 0.0465169 0.0356498 0.0108671
4.87 0.0499894 0.0388266 0.0111628
4.88 0.0533523 0.0418752 0.0114771
4.89 0.0565915 0.0447846 0.0118069
4.9 0.0596933 0.0475441 0.0121492
4.91 0.0626448 0.050144 0.0125008
4.92 0.0654335 0.0525749 0.0128586
4.93 0.0680478 0.0548284 0.0132194
4.94 0.0704768 0.0568967 0.0135801
4.95 0.0727106 0.058773 0.0139376
4.96 0.0747402 0.0604512 0.014289
4.97 0.0765574 0.061926 0.0146314
4.98 0.0781533 0.0631913 0.014962
4.99 0.0795217 0.0642433 0.0152784
5 0.0806601 0.065082 0.0155781
5.01 0.0815647 0.0657058 0.0158589
5.02 0.0822333 0.0661145 0.0161188
5.03 0.0826646 0.0663084 0.0163562
5.04 0.0828588 0.0662893 0.0165695
5.05 0.082817 0.0660596 0.0167574
5.06 0.0825417 0.0656226 0.0169191
5.07 0.0820365 0.0649828 0.0170537
5.08 0.0813063 0.0641454 0.0171609
5.09 0.080357 0.0631164 0.0172406
5.1 0.0791957 0.0619029 0.0172928
5.11 0.0778306 0.0605126 0.017318
5.12 0.0762708 0.0589539 0.0173169
5.13 0.0745237 0.0572332 0.0172905
5.14 0.0726032 0.0553633 0.0172399
5.15 0.0705217 0.0533551 0.0171666
5.16 0.0682919 0.0512195 0.0170724
5.17 0.0659272 0.0489681 0.0169591
5.18 0.0634418 0.0466128 0.016829
5.19 0.0608503 0.0441661 0.0166842
5.2 0.0581677 0.0416404 0.0165273
5.21 0.0554095 0.0390485 0.016361
5.22 0.0525914 0.0364034 0.016188
5.23 0.0497294 0.0337183 0.0160111
5.24 0.0468394 0.031006 0.0158334
5.25 0.0439374 0.0282797 0.0156577
5.26 0.0410395 0.0255522 0.0154873
5.27 0.0381616 0.0228366 0.015325
5.28 0.0353197 0.0201458 0.0151739
5.29 0.0325288 0.0174918 0.015037
5.3 0.0298035 0.0148864 0.0149171
5.31 0.0271579 0.0123408 0.0148171
5.32 0.0246056 0.00986592 0.0147397
5.33 0.0221593 0.00747198 0.0146873
5.34 0.0198311 0.0051687 0.0146624
5.35 0.0176321 0.00296499 0.0146671
5.36 0.0155729 0.000869505 0.0147034
5.37 0.0136626 -0.0011104 0.014773
5.38 0.0119096 -0.00296781 0.0148774
5.39 0.0103214 -0.00469645 0.0150179
5.4 0.0089041 -0.00629116 0.0151953
5.41 0.00766284 -0.00774744 0.0154103
5.42 0.00660361 -0.00905966 0.0156633
5.43 0.00572862 -0.0102256 0.0159543
5.44 0.0050381 -0.0112449 0.016283
5.45 0.00453246 -0.0121164 0.0166488
5.46 0.0042109 -0.01284 0.0170509
5.47 0.00407149 -0.0134163 0.0174878
5.48 0.00411113 -0.013847 0.0179581
5.49 0.00432561 -0.0141343 0.0184599
5.5 0.00470961 -0.0142814 0.018991
5.51 0.00525676 -0.014292 0.0195488
5.52 0.00595969 -0.0141708 0.0201305
5.53 0.00681006 -0.0139231 0.0207331
5.54 0.0077986 -0.0135547 0.0213533
5.55 0.00891521 -0.0130721 0.0219873
5.56 0.010149 -0.0124824 0.0226314
5.57 0.01149 -0.0117916 0.0232816
5.58 0.012924 -0.0110096 0.0239336
5.59 0.0144379 -0.0101452 0.0245831
5.6 0.0160185 -0.00920698 0.0252255
5.61 0.0176522 -0.00820398 0.0258562
5.62 0.0193247 -0.00714576 0.0264705
5.63 0.021022 -0.00604153 0.0270635
5.64 0.0227296 -0.00490101 0.0276306
5.65 0.0244332 -0.00373368 0.0281669
5.66 0.0261182 -0.00254937 0.0286676
5.67 0.0277706 -0.00135736 0.029128
5.68 0.0293762 -0.000167239 0.0295434
5.69 0.0309213 0.0010118 0.0299095
5.7 0.0323927 0.00217092 0.0302218
5.71 0.0337767 0.00330059 0.0304761
5.72 0.0350601 0.00439159 0.0306685
5.73 0.0362325 0.00543725 0.0307953
5.74 0.0372827 0.00642986 0.0308528
5.75 0.0382006 0.00736251 0.0308381
5.76 0.0389767 0.0082286 0.0307481
5.77 0.0396026 0.0090223 0.0305803
5.78 0.0400708 0.00973832 0.0303325
5.79 0.0403745 0.0103717 0.0300028
5.8 0.0405081 0.0109183 0.0295898
5.81 0.0404672 0.0113749 0.0290923
5.82 0.0402483 0.0117385 0.0285098
5.83 0.0398489 0.0120069 0.027842
5.84 0.0392678 0.0121788 0.027089
5.85 0.0385048 0.0122533 0.0262515
5.86 0.0375585 0.012228 0.0253305
5.87 0.0364325 0.012105 0.0243275
5.88 0.0351308 0.0118863 0.0232445
5.89 0.0336578 0.0115741 0.0220837
5.9 0.0320188 0.0111709 0.0208479
5.91 0.0302201 0.0106798 0.0195403
5.92 0.0282689 0.0101044 0.0181645
5.93 0.0261736 0.00944922 0.0167244
5.94 0.0239431 0.00871875 0.0152244
5.95 0.0215875 0.00791844 0.0136691
5.96 0.0191174 0.00705388 0.0120635
5.97 0.0165441 0.00613105 0.010413
5.98 0.0138797 0.00515646 0.00872324
5.99 0.0111368 0.00413684 0.00699996
6 0.00832831 0.00307901 0.0052493
6.01 0.0054672 0.00198965 0.00347755
6.02 0.00256839 0.000877233 0.00169116
6.03 -0.000354084 -0.000250818 -0.000103266
6.04 -0.00328601 -0.00138699 -0.00189902
6.05 -0.00621312 -0.0025238 -0.00368932
6.06 -0.00912113 -0.00365378 -0.00546735
6.07 -0.0119959 -0.00476961 -0.00722629
6.08 -0.0148234 -0.00586405 -0.00895935
6.09 -0.0175898 -0.00693002 -0.0106598
6.1 -0.0202819 -0.00796095 -0.012321
6.11 -0.0228865 -0.00895014 -0.0139364
6.12 -0.0253912 -0.00989153 -0.0154997
6.13 -0.027784 -0.0107793 -0.0170047
6.14 -0.0300536 -0.011608 -0.0184456
6.15 -0.0321881 -0.0123714 -0.0198167
6.16 -0.0341772 -0.0130647 -0.0211125
6.17 -0.0360132 -0.0136851 -0.0223281
6.18 -0.0376878 -0.014229 -0.0234588
6.19 -0.0391938 -0.0146937 -0.0245001
6.2 -0.040525 -0.0150769 -0.0254481
6.21 -0.0416758 -0.0153765 -0.0262993
6.22 -0.042642 -0.0155915 -0.0270505
6.23 -0.0434203 -0.0157212 -0.0276991
6.24 -0.0440083 -0.0157655 -0.0282428
6.25 -0.0444048 -0.0157249 -0.0286799
6.26 -0.0446096 -0.0156006 -0.029009
6.27 -0.0446237 -0.0153943 -0.0292294
6.28 -0.0444487 -0.0151079 -0.0293408
6.29 -0.0440878 -0.0147444 -0.0293434
6.3 -0.0435422 -0.0143044 -0.0292378
6.31 -0.042819 -0.0137938 -0.0290252
6.32 -0.0419248 -0.0132176 -0.0287072
6.33 -0.0408664 -0.0125804 -0.028286
6.34 -0.0396514 -0.0118873 -0.0277641
6.35 -0.0382884 -0.011144 -0.0271444
6.36 -0.0367865 -0.0103559 -0.0264306
6.37 -0.0351557 -0.00952928 -0.0256264
6.38 -0.0334067 -0.00867059 -0.0247361
6.39 -0.0315506 -0.00778628 -0.0237643
6.4 -0.029599 -0.00688298 -0.022716
6.41 -0.027564 -0.00596749 -0.0215965
6.42 -0.0254583 -0.00504692 -0.0204114
6.43 -0.0232945 -0.004128 -0.0191665
6.44 -0.0210856 -0.00321765 -0.0178679
6.45 -0.0188446 -0.00232255 -0.016522
6.46 -0.0165854 -0.00145014 -0.0151353
6.47 -0.0143213 -0.00060709 -0.0137142
6.48 -0.0120654 0.000200223 -0.0122656
6.49 -0.00983054 0.000965756 -0.0107963
6.5 -0.00762952 0.00168355 -0.00931307
6.51 -0.00547473 0.00234806 -0.00782279
6.52 -0.00337819 0.00295408 -0.00633227
6.53 -0.00135148 0.00349679 -0.00484827
6.54 0.00059434 0.00397178 -0.00337744
6.55 0.00244876 0.00437508 -0.00192632
6.56 0.00420192 0.00470321 -0.000501291
6.57 0.00584462 0.00495314 0.000891476
6.58 0.0073684 0.00512239 0.00224601
6.59 0.00876424 0.00520763 0.00355661
6.6 0.0100253 0.00520749 0.00481781
6.61 0.0111466 0.00512212 0.00602448
6.62 0.0121231 0.00495129 0.00717181
6.63 0.0129506 0.0046953 0.0082553
6.64 0.0136258 0.00435493 0.00927087
6.65 0.0141463 0.00393154 0.0102148
6.66 0.0145106 0.00342694 0.0110837
6.67 0.0147184 0.00284376 0.0118746
6.68 0.0147699 0.0021847 0.0125852
6.69 0.0146667 0.00145342 0.0132133
6.7 0.0144109 0.000653676 0.0137572
6.71 0.0140057 -0.000210156 0.0142159
6.72 0.0134552 -0.00113322 0.0145884
6.73 0.0127641 -0.00211051 0.0148746
6.74 0.0119359 -0.00313865 0.0150745
6.75 0.0109793 -0.0042095 0.0151888
6.76 0.00990164 -0.00531672 0.0152184
6.77 0.00871068 -0.00645394 0.0151646
6.78 0.00741486 -0.00761454 0.0150294
6.79 0.00602315 -0.00879174 0.0148149
6.8 0.00454503 -0.00997863 0.0145237
6.81 0.00299041 -0.0111682 0.0141586
6.82 0.00136956 -0.0123535 0.0137231
6.83 -0.000306916 -0.0135276 0.0132206
6.84 -0.00202817 -0.0146833 0.0126551
6.85 -0.00378318 -0.0158138 0.0120306
6.86 -0.0055608 -0.0169125 0.0113517
6.87 -0.00734984 -0.0179726 0.0106228
6.88 -0.00913908 -0.0189878 0.00984873
6.89 -0.0109171 -0.0199516 0.00903455
6.9 -0.0126729 -0.0208582 0.0081853
6.91 -0.0143958 -0.021702 0.0073062
6.92 -0.0160754 -0.0224779 0.00640253
6.93 -0.0177016 -0.0231812 0.0054796
6.94 -0.0192646 -0.0238074 0.00454278
6.95 -0.0207553 -0.0243527 0.00359739
6.96 -0.0221649 -0.0248136 0.00264874
6.97 -0.0234851 -0.0251872 0.00170205
6.98 -0.0247083 -0.0254708 0.000762474
6.99 -0.0258276 -0.0256626 -0.000164984
7 -0.0268365 -0.0257611 -0.00107545
7.01 -0.0277296 -0.0257654 -0.00196422
7.02 -0.0285018 -0.025675 -0.0028268
7.03 -0.0291475 -0.0254886 -0.00365888
7.04 -0.0296638 -0.0252074 -0.00445642
7.05 -0.030049 -0.0248334 -0.00521562
7.06 -0.0303013 -0.0243684 -0.00593295
7.07 -0.0304197 -0.0238145 -0.00660516
7.08 -0.030404 -0.0231747 -0.00722933
7.09 -0.0302546 -0.0224518 -0.00780282
7.1 -0.0299729 -0.0216496 -0.00832333
7.11 -0.029561 -0.0207721 -0.0087889
7.12 -0.0290216 -0.0198237 -0.00919788
7.13 -0.0283584 -0.0188094 -0.00954899
7.14 -0.0275754 -0.0177341 -0.00984127
7.15 -0.0266774 -0.0166033 -0.0100741
7.16 -0.02567 -0.0154227 -0.0102473
7.17 -0.0245592 -0.0141984 -0.0103608
7.18 -0.0233498 -0.0129347 -0.0104151
7.19 -0.0220508 -0.0116398 -0.010411
7.2 -0.0206697 -0.0103203 -0.0103494
7.21 -0.0192144 -0.00898267 -0.0102317
7.22 -0.0176932 -0.00763356 -0.0100596
7.23 -0.0161144 -0.00627936 -0.00983504
7.24 -0.0144869 -0.00492677 -0.00956013
7.25 -0.0128194 -0.00358206 -0.00923734
7.26 -0.0111212 -0.00225185 -0.00886935
7.27 -0.00940112 -0.000942089 -0.00845903
7.28 -0.00766836 0.000341093 -0.00800945
7.29 -0.00593193 0.00159193 -0.00752386
7.3 -0.00420076 0.00280488 -0.00700564
7.31 -0.00248363 0.00397467 -0.0064583
7.32 -0.000789319 0.00509616 -0.00588548
7.33 0.000873499 0.00616438 -0.00529088
7.34 0.00249709 0.00717535 -0.00467826
7.35 0.00407382 0.00812524 -0.00405142
7.36 0.00559643 0.00901061 -0.00341418
7.37 0.00705811 0.00982846 -0.00277035
7.38 0.00845249 0.0105762 -0.00212371
7.39 0.00977374 0.0112517 -0.00147797
7.4 0.0110165 0.0118533 -0.000836808
7.41 0.0121761 0.0123799 -0.000203769
7.42 0.0132482 0.0128305 0.000417693
7.43 0.0142293 0.013205 0.00102426
7.44 0.0151164 0.0135036 0.00161276
7.45 0.0159071 0.0137269 0.00218019
7.46 0.0165997 0.013876 0.00272373
7.47 0.0171917 0.013951 0.00324072
7.48 0.0176835 0.0139547 0.00372876
7.49 0.0180757 0.0138901 0.00418563
7.5 0.0183691 0.0137598 0.00460933
7.51 0.018565 0.0135669 0.00499812
7.52 0.0186655 0.013315 0.00535049
7.53 0.0186729 0.0130077 0.00566517
7.54 0.0185904 0.0126493 0.00594114
7.55 0.0184215 0.0122439 0.00617763
7.56 0.0181701 0.011796 0.00637414
7.57 0.0178408 0.0113104 0.00653039
7.58 0.0174384 0.010792 0.00664636
7.59 0.0169682 0.0102459 0.00672229
7.6 0.0164357 0.00967706 0.00675864
7.61 0.0158467 0.0090906 0.0067561
7.62 0.0152068 0.00849122 0.00671558
7.63 0.0145232 0.00788498 0.00663822
7.64 0.0138023 0.00727695 0.00652535
7.65 0.0130509 0.00667241 0.00637849
7.66 0.0122755 0.00607616 0.00619934
7.67 0.0114829 0.00549312 0.00598978
7.68 0.0106798 0.00492799 0.00575181
7.69 0.00987274 0.00438516 0.00548758
7.7 0.00906826 0.00386888 0.00519938
7.71 0.00827273 0.00338317 0.00488956
7.72 0.00749231 0.00293171 0.0045606
7.73 0.00673296 0.00251793 0.00421503
7.74 0.00600036 0.00214494 0.00385542
7.75 0.0052999 0.00181551 0.00348439
7.76 0.00463698 0.00153239 0.00310459
7.77 0.00401647 0.00129782 0.00271865
7.78 0.00344228 0.00111308 0.0023292
7.79 0.00291828 0.00097946 0.00193882
7.8 0.00244791 0.000897846 0.00155006
7.81 0.00203414 0.000868728 0.00116541
7.82 0.0016795 0.000892233 0.000787267
7.83 0.00138602 0.000968079 0.000417941
7.84 0.00115525 0.00109561 5.96422e-05
7.85 0.000988247 0.00127379 -0.00028554
7.86 0.000885586 0.00150123 -0.000615644
7.87 0.00084734 0.00177619 -0.000928848
7.88 0.000873103 0.00209658 -0.00122348
7.89 0.000961988 0.00246001 -0.00149802
7.9 0.00111264 0.00286376 -0.00175112
7.91 0.00132416 0.00330575 -0.00198159
7.92 0.00159348 0.00378191 -0.00218843
7.93 0.00191774 0.00428855 -0.00237081
7.94 0.00229389 0.00482197 -0.00252808
7.95 0.0027185 0.00537828 -0.00265978
7.96 0.00318779 0.00595342 -0.00276563
7.97 0.00369768 0.0065432 -0.00284552
7.98 0.00424382 0.00714335 -0.00289953
7.99 0.00482161 0.00774953 -0.00292792
8 0.00542623 0.00835733 -0.0029311
