# Generated on Sun Sep  5 13:28:15 2021 by yr2369.
# This file was created by PDFgui.
#S 1
#L r  Gtrunc  Gdiff  Gcalc
1.79 -0.120598 -0.034303 -0.086295
1.8 -0.122545 -0.0305042 -0.0920408
1.81 -0.124694 -0.026865 -0.097829
1.82 -0.127035 -0.0233919 -0.103643
1.83 -0.129557 -0.0200911 -0.109466
1.84 -0.13225 -0.0169701 -0.11528
1.85 -0.135101 -0.0140336 -0.121067
1.86 -0.138096 -0.0112859 -0.12681
1.87 -0.141219 -0.00872907 -0.13249
1.88 -0.144454 -0.00636572 -0.138088
1.89 -0.147785 -0.00419834 -0.143587
1.9 -0.151193 -0.00222645 -0.148967
1.91 -0.154659 -0.000449524 -0.154209
1.92 -0.158163 0.00113412 -0.159297
1.93 -0.161683 0.00252836 -0.164211
1.94 -0.1652 0.00373437 -0.168934
1.95 -0.16869 0.00475865 -0.173449
1.96 -0.172133 0.00560413 -0.177737
1.97 -0.175506 0.00627722 -0.181783
1.98 -0.178786 0.00678488 -0.185571
1.99 -0.181951 0.00713369 -0.189085
2 -0.184979 0.00733091 -0.19231
2.01 -0.187847 0.00738552 -0.195233
2.02 -0.190534 0.0073053 -0.197839
2.03 -0.193017 0.00710087 -0.200118
2.04 -0.195275 0.00678176 -0.202057
2.05 -0.197287 0.00635843 -0.203645
2.06 -0.19903 0.00584432 -0.204874
2.07 -0.200488 0.00524691 -0.205735
2.08 -0.201642 0.00457772 -0.20622
2.09 -0.202477 0.00384538 -0.206322
2.1 -0.202974 0.00306361 -0.206038
2.11 -0.203121 0.00224029 -0.205361
2.12 -0.202902 0.00138845 -0.20429
2.13 -0.202305 0.00051827 -0.202823
2.14 -0.201319 -0.000359875 -0.200959
2.15 -0.199935 -0.00123644 -0.198699
2.16 -0.198144 -0.00210072 -0.196043
2.17 -0.19594 -0.00294382 -0.192996
2.18 -0.193318 -0.00375669 -0.189561
2.19 -0.190273 -0.00452916 -0.185744
2.2 -0.186801 -0.00525091 -0.18155
2.21 -0.1829 -0.00591257 -0.176987
2.22 -0.178578 -0.00651365 -0.172064
2.23 -0.173835 -0.00704467 -0.16679
2.24 -0.168678 -0.00750214 -0.161176
2.25 -0.163113 -0.00788062 -0.155232
2.26 -0.157148 -0.00817578 -0.148972
2.27 -0.150792 -0.0083834 -0.142409
2.28 -0.144056 -0.00850048 -0.135556
2.29 -0.136953 -0.00852526 -0.128428
2.3 -0.129498 -0.0084573 -0.121041
2.31 -0.121704 -0.00829351 -0.11341
2.32 -0.11359 -0.00803623 -0.105554
2.33 -0.105172 -0.0076843 -0.0974877
2.34 -0.0964708 -0.00724092 -0.0892299
2.35 -0.0875015 -0.00670321 -0.0807983
2.36 -0.0782898 -0.00607857 -0.0722112
2.37 -0.0688583 -0.00537108 -0.0634872
2.38 -0.0592299 -0.00458494 -0.054645
2.39 -0.0494282 -0.00372494 -0.0457033
2.4 -0.0394772 -0.00279623 -0.036681
2.41 -0.0294017 -0.00180481 -0.0275969
2.42 -0.0192267 -0.000756936 -0.0184698
2.43 -0.00897755 0.000340586 -0.00931814
2.44 0.00132036 0.00148071 -0.000160348
2.45 0.0116415 0.00265596 0.00898554
2.46 0.0219602 0.00385838 0.0181018
2.47 0.0322514 0.00508023 0.0271712
2.48 0.0424899 0.00631318 0.0361767
2.49 0.0526505 0.00754838 0.0451021
2.5 0.0627074 0.00877586 0.0539315
2.51 0.0726382 0.00998844 0.0626498
2.52 0.0824197 0.0111775 0.0712422
2.53 0.0920299 0.012335 0.0796949
2.54 0.101447 0.0134523 0.0879947
2.55 0.110651 0.0145218 0.0961292
2.56 0.119623 0.0155365 0.104086
2.57 0.128343 0.0164873 0.111856
2.58 0.136795 0.0173683 0.119427
2.59 0.144962 0.0181718 0.12679
2.6 0.152831 0.0188933 0.133938
2.61 0.160386 0.0195246 0.140861
2.62 0.167616 0.0200615 0.147555
2.63 0.17451 0.020499 0.154011
2.64 0.181055 0.0208294 0.160226
2.65 0.187244 0.02105 0.166194
2.66 0.193072 0.0211596 0.171912
2.67 0.198534 0.0211559 0.177378
2.68 0.203628 0.0210391 0.182589
2.69 0.208349 0.0208055 0.187544
2.7 0.212697 0.0204558 0.192241
2.71 0.216673 0.0199911 0.196682
2.72 0.220278 0.0194117 0.200866
2.73 0.223515 0.0187193 0.204796
2.74 0.226389 0.0179173 0.208472
2.75 0.228904 0.0170072 0.211897
2.76 0.231066 0.0159923 0.215074
2.77 0.232885 0.0148793 0.218006
2.78 0.234367 0.0136706 0.220696
2.79 0.235518 0.0123682 0.22315
2.8 0.236353 0.0109829 0.22537
2.81 0.236883 0.00952093 0.227362
2.82 0.237121 0.00799066 0.22913
2.83 0.237078 0.00639807 0.23068
2.84 0.236769 0.00475309 0.232016
2.85 0.236206 0.00306251 0.233143
2.86 0.235404 0.00133611 0.234068
2.87 0.234376 -0.000418353 0.234794
2.88 0.233137 -0.00219109 0.235328
2.89 0.231702 -0.00397224 0.235674
2.9 0.230084 -0.00575385 0.235838
2.91 0.228299 -0.00752481 0.235824
2.92 0.22636 -0.00927687 0.235637
2.93 0.224281 -0.0110006 0.235282
2.94 0.222075 -0.0126873 0.234762
2.95 0.219757 -0.014326 0.234083
2.96 0.217341 -0.0159066 0.233248
2.97 0.214838 -0.0174216 0.23226
2.98 0.212262 -0.0188604 0.231122
2.99 0.209621 -0.0202178 0.229839
3 0.206929 -0.0214824 0.228411
3.01 0.204193 -0.0226498 0.226843
3.02 0.201424 -0.0237108 0.225135
3.03 0.19863 -0.0246593 0.223289
3.04 0.195818 -0.0254896 0.221308
3.05 0.192995 -0.0261959 0.219191
3.06 0.190166 -0.026774 0.21694
3.07 0.187336 -0.0272196 0.214556
3.08 0.184511 -0.0275269 0.212038
3.09 0.181692 -0.0276951 0.209387
3.1 0.178881 -0.027722 0.206603
3.11 0.176081 -0.0276045 0.203686
3.12 0.173292 -0.027342 0.200634
3.13 0.170513 -0.0269351 0.197448
3.14 0.167743 -0.026384 0.194127
3.15 0.16498 -0.0256901 0.19067
3.16 0.162222 -0.0248545 0.187077
3.17 0.159466 -0.0238796 0.183346
3.18 0.156707 -0.0227697 0.179477
3.19 0.15394 -0.021529 0.175469
3.2 0.151162 -0.0201601 0.171322
3.21 0.148366 -0.0186696 0.167036
3.22 0.145546 -0.0170633 0.162609
3.23 0.142696 -0.0153472 0.158043
3.24 0.139808 -0.0135295 0.153338
3.25 0.136878 -0.0116149 0.148493
3.26 0.133896 -0.00961398 0.14351
3.27 0.130858 -0.00753211 0.13839
3.28 0.127754 -0.00538079 0.133135
3.29 0.12458 -0.00316599 0.127746
3.3 0.121326 -0.000900065 0.122226
3.31 0.117988 0.00141017 0.116578
3.32 0.114559 0.00375443 0.110805
3.33 0.111032 0.00612198 0.10491
3.34 0.107401 0.00850255 0.0988985
3.35 0.103663 0.0108884 0.0927746
3.36 0.0998108 0.0132671 0.0865437
3.37 0.0958405 0.0156288 0.0802117
3.38 0.091748 0.0179634 0.0737846
3.39 0.0875314 0.0202619 0.0672695
3.4 0.0831885 0.0225148 0.0606737
3.41 0.0787178 0.0247129 0.0540049
3.42 0.0741185 0.026847 0.0472715
3.43 0.0693906 0.0289082 0.0404824
3.44 0.0645348 0.030888 0.0336468
3.45 0.0595529 0.0327784 0.0267745
3.46 0.0544472 0.0345715 0.0198757
3.47 0.049221 0.0362602 0.0129608
3.48 0.0438783 0.0378376 0.00604072
3.49 0.0384242 0.0392974 -0.000873183
3.5 0.0328642 0.0406336 -0.00776943
3.51 0.027205 0.0418412 -0.0146362
3.52 0.0214526 0.0429141 -0.0214615
3.53 0.0156162 0.0438494 -0.0282332
3.54 0.00970516 0.0446439 -0.0349388
3.55 0.00372884 0.0452948 -0.041566
3.56 -0.0023026 0.0457996 -0.0481022
3.57 -0.00837841 0.0461567 -0.0545351
3.58 -0.0144873 0.0463649 -0.0608522
3.59 -0.0206174 0.0464238 -0.0670412
3.6 -0.0267565 0.0463333 -0.0730898
3.61 -0.0328921 0.0460941 -0.0789862
3.62 -0.039011 0.0457077 -0.0847187
3.63 -0.0451001 0.0451755 -0.0902756
3.64 -0.051146 0.0445001 -0.0956461
3.65 -0.057135 0.0436843 -0.100819
3.66 -0.0630532 0.0427319 -0.105785
3.67 -0.0688857 0.0416479 -0.110534
3.68 -0.0746201 0.0404354 -0.115056
3.69 -0.0802427 0.0390996 -0.119342
3.7 -0.0857405 0.0376452 -0.123386
3.71 -0.0911004 0.036078 -0.127178
3.72 -0.0963098 0.0344037 -0.130713
3.73 -0.101357 0.032628 -0.133985
3.74 -0.106229 0.0307585 -0.136987
3.75 -0.110915 0.0288014 -0.139716
3.76 -0.115406 0.026762 -0.142168
3.77 -0.119689 0.0246502 -0.144339
3.78 -0.123758 0.0224698 -0.146228
3.79 -0.127601 0.0202315 -0.147832
3.8 -0.131213 0.0179396 -0.149153
3.81 -0.134583 0.0156056 -0.150189
3.82 -0.137705 0.0132364 -0.150941
3.83 -0.140576 0.0108372 -0.151413
3.84 -0.143193 0.00841355 -0.151607
3.85 -0.14555 0.0059752 -0.151525
3.86 -0.147646 0.00352752 -0.151174
3.87 -0.14948 0.00107669 -0.150557
3.88 -0.15105 -0.00136933 -0.149681
3.89 -0.152357 -0.00380487 -0.148552
3.9 -0.153403 -0.00622452 -0.147178
3.91 -0.154189 -0.00862121 -0.145568
3.92 -0.154718 -0.0109892 -0.143729
3.93 -0.154995 -0.0133242 -0.141671
3.94 -0.155025 -0.0156213 -0.139404
3.95 -0.154814 -0.017876 -0.136938
3.96 -0.154363 -0.0200785 -0.134284
3.97 -0.153685 -0.0222304 -0.131455
3.98 -0.152787 -0.024327 -0.12846
3.99 -0.151679 -0.0263662 -0.125313
4 -0.15037 -0.0283446 -0.122025
4.01 -0.148871 -0.0302607 -0.11861
4.02 -0.147191 -0.0321106 -0.11508
4.03 -0.145341 -0.0338924 -0.111449
4.04 -0.143334 -0.0356061 -0.107728
4.05 -0.141181 -0.0372496 -0.103931
4.06 -0.138894 -0.0388221 -0.100072
4.07 -0.136486 -0.0403234 -0.0961626
4.08 -0.133969 -0.0417529 -0.0922161
4.09 -0.131355 -0.0431099 -0.0882451
4.1 -0.128657 -0.044395 -0.084262
4.11 -0.125888 -0.0456091 -0.0802789
4.12 -0.12306 -0.0467523 -0.0763077
4.13 -0.120186 -0.0478263 -0.0723597
4.14 -0.117279 -0.0488329 -0.0684461
4.15 -0.11435 -0.0497726 -0.0645774
4.16 -0.11141 -0.0506463 -0.0607637
4.17 -0.108471 -0.0514564 -0.0570146
4.18 -0.105544 -0.0522047 -0.0533393
4.19 -0.102637 -0.0528909 -0.0497461
4.2 -0.0997625 -0.0535196 -0.0462429
4.21 -0.0969278 -0.0540907 -0.0428371
4.22 -0.0941417 -0.0546064 -0.0395353
4.23 -0.0914119 -0.0550685 -0.0363434
4.24 -0.0887455 -0.0554787 -0.0332668
4.25 -0.0861499 -0.0558398 -0.0303101
4.26 -0.0836302 -0.056153 -0.0274772
4.27 -0.0811911 -0.0564196 -0.0247715
4.28 -0.0788364 -0.0566408 -0.0221956
4.29 -0.0765695 -0.0568181 -0.0197514
4.3 -0.0743929 -0.0569527 -0.0174402
4.31 -0.0723084 -0.0570458 -0.0152626
4.32 -0.070317 -0.0570984 -0.0132186
4.33 -0.0684187 -0.0571111 -0.0113076
4.34 -0.0666132 -0.0570848 -0.00952842
4.35 -0.0648991 -0.0570199 -0.00787918
4.36 -0.0632746 -0.056917 -0.00635756
4.37 -0.0617368 -0.0567761 -0.0049607
4.38 -0.0602827 -0.0565975 -0.00368524
4.39 -0.0589082 -0.0563808 -0.00252737
4.4 -0.0576102 -0.0561274 -0.00148284
4.41 -0.0563822 -0.0558352 -0.000547026
4.42 -0.0552186 -0.0555037 0.000285051
4.43 -0.0541135 -0.0551322 0.00101869
4.44 -0.0530606 -0.0547201 0.00165945
4.45 -0.052053 -0.0542662 0.00221315
4.46 -0.0510838 -0.0537696 0.00268579
4.47 -0.0501458 -0.0532293 0.00308351
4.48 -0.0492316 -0.0526442 0.00341261
4.49 -0.0483335 -0.0520129 0.00367941
4.5 -0.047444 -0.0513343 0.00389031
4.51 -0.0465554 -0.0506071 0.00405169
4.52 -0.04566 -0.0498299 0.00416988
4.53 -0.0447504 -0.0490016 0.00425116
4.54 -0.0438189 -0.0481206 0.00430166
4.55 -0.042858 -0.0471854 0.00432741
4.56 -0.041861 -0.0461952 0.00433421
4.57 -0.0408213 -0.045149 0.00432769
4.58 -0.0397324 -0.0440456 0.00431323
4.59 -0.0385886 -0.0428845 0.00429593
4.6 -0.0373842 -0.0416648 0.00428062
4.61 -0.0361141 -0.0403859 0.00427182
4.62 -0.034774 -0.0390477 0.00427372
4.63 -0.0333596 -0.0376497 0.00429014
4.64 -0.0318675 -0.0361921 0.00432457
4.65 -0.0302948 -0.0346749 0.00438011
4.66 -0.0286391 -0.0330986 0.00445948
4.67 -0.0268989 -0.0314639 0.00456502
4.68 -0.0250729 -0.0297716 0.00469866
4.69 -0.0231596 -0.0280216 0.00486196
4.7 -0.02116 -0.0262161 0.00505608
4.71 -0.0190754 -0.0243572 0.00528177
4.72 -0.0169073 -0.0224467 0.00553944
4.73 -0.0146578 -0.0204869 0.00582909
4.74 -0.0123297 -0.0184801 0.00615038
4.75 -0.00992644 -0.0164291 0.00650262
4.76 -0.00745191 -0.0143367 0.00688478
4.77 -0.00491064 -0.0122062 0.00729552
4.78 -0.0023077 -0.0100409 0.00773321
4.79 0.000351339 -0.0078446 0.00819594
4.8 0.00306044 -0.00562111 0.00868155
4.81 0.00581312 -0.00337454 0.00918766
4.82 0.00860248 -0.00110919 0.00971167
4.83 0.0114213 0.00117048 0.0102508
4.84 0.0142621 0.00345991 0.0108022
4.85 0.0171167 0.00575395 0.0113628
4.86 0.0199767 0.00804733 0.0119294
4.87 0.022834 0.0103352 0.0124988
4.88 0.0256801 0.0126122 0.0130679
4.89 0.0285065 0.0148731 0.0136334
4.9 0.0313047 0.0171126 0.0141921
4.91 0.034066 0.0193253 0.0147407
4.92 0.0367819 0.0215058 0.0152761
4.93 0.039444 0.0236485 0.0157955
4.94 0.0420442 0.0257484 0.0162958
4.95 0.0445742 0.0277999 0.0167743
4.96 0.0470263 0.0297979 0.0172284
4.97 0.049393 0.0317372 0.0176558
4.98 0.0516661 0.0336117 0.0180544
4.99 0.0538385 0.0354165 0.018422
5 0.0559048 0.0371478 0.018757
5.01 0.0578588 0.0388008 0.019058
5.02 0.0596951 0.0403713 0.0193238
5.03 0.0614087 0.0418553 0.0195534
5.04 0.0629951 0.0432489 0.0197462
5.05 0.0644502 0.0445484 0.0199018
5.06 0.0657708 0.0457505 0.0200203
5.07 0.066954 0.0468523 0.0201017
5.08 0.0679976 0.0478508 0.0201468
5.09 0.0689 0.0487439 0.0201561
5.1 0.0696602 0.0495292 0.020131
5.11 0.0702779 0.0502052 0.0200727
5.12 0.0707532 0.0507704 0.0199828
5.13 0.0710848 0.0512216 0.0198632
5.14 0.071276 0.0515599 0.0197161
5.15 0.0713293 0.0517855 0.0195438
5.16 0.0712472 0.0518984 0.0193488
5.17 0.071033 0.0518991 0.0191339
5.18 0.0706903 0.0517883 0.018902
5.19 0.0702234 0.0515673 0.0186561
5.2 0.0696369 0.0512374 0.0183995
5.21 0.068936 0.0508007 0.0181353
5.22 0.0681262 0.0502593 0.0178669
5.23 0.0672134 0.0496156 0.0175978
5.24 0.0662039 0.0488726 0.0173313
5.25 0.0651044 0.0480335 0.0170709
5.26 0.0639216 0.0471016 0.01682
5.27 0.0626625 0.0460805 0.016582
5.28 0.0613336 0.0449735 0.0163601
5.29 0.0599436 0.0437862 0.0161574
5.3 0.0585 0.0425228 0.0159772
5.31 0.0570104 0.0411883 0.0158221
5.32 0.0554824 0.0397874 0.015695
5.33 0.0539236 0.0383252 0.0155984
5.34 0.0523414 0.0368068 0.0155346
5.35 0.0507433 0.0352376 0.0155057
5.36 0.0491366 0.0336231 0.0155135
5.37 0.0475283 0.0319688 0.0155595
5.38 0.0459252 0.0302802 0.015645
5.39 0.044334 0.0285631 0.0157709
5.4 0.042761 0.026823 0.015938
5.41 0.041212 0.0250655 0.0161465
5.42 0.0396932 0.0232967 0.0163965
5.43 0.0382098 0.0215221 0.0166877
5.44 0.0367664 0.0197471 0.0170193
5.45 0.0353673 0.0179769 0.0173904
5.46 0.0340165 0.0162168 0.0177997
5.47 0.0327175 0.014472 0.0182455
5.48 0.0314734 0.0127475 0.0187259
5.49 0.0302866 0.0110481 0.0192385
5.5 0.0291592 0.00937851 0.0197807
5.51 0.0280927 0.00774304 0.0203497
5.52 0.0270883 0.0061461 0.0209422
5.53 0.0261465 0.00459163 0.0215549
5.54 0.0252675 0.0030835 0.022184
5.55 0.0244508 0.00162513 0.0228257
5.56 0.0236956 0.000219841 0.0234758
5.57 0.0230018 -0.00112818 0.02413
5.58 0.0223665 -0.00241737 0.0247839
5.59 0.0217875 -0.00364535 0.0254328
5.6 0.0212624 -0.00480981 0.0260722
5.61 0.0207883 -0.00590889 0.0266972
5.62 0.020362 -0.00694096 0.027303
5.63 0.01998 -0.00790467 0.0278847
5.64 0.0196384 -0.00879908 0.0284375
5.65 0.0193333 -0.00962328 0.0289566
5.66 0.0190605 -0.0103767 0.0294372
5.67 0.0188154 -0.0110594 0.0298748
5.68 0.0185936 -0.0116711 0.0302647
5.69 0.0183904 -0.0122123 0.0306027
5.7 0.0182011 -0.0126833 0.0308844
5.71 0.0180209 -0.0130851 0.031106
5.72 0.017845 -0.0134187 0.0312637
5.73 0.0176685 -0.0136855 0.031354
5.74 0.0174867 -0.0138869 0.0313736
5.75 0.0172951 -0.0140246 0.0313197
5.76 0.0170894 -0.0141003 0.0311897
5.77 0.0168651 -0.0141162 0.0309813
5.78 0.0166184 -0.0140743 0.0306927
5.79 0.0163454 -0.013977 0.0303224
5.8 0.0160425 -0.0138267 0.0298692
5.81 0.0157065 -0.013626 0.0293325
5.82 0.0153344 -0.0133776 0.028712
5.83 0.0149236 -0.0130841 0.0280077
5.84 0.0144717 -0.0127485 0.0272202
5.85 0.0139769 -0.0123735 0.0263504
5.86 0.0134369 -0.011963 0.0253999
5.87 0.012851 -0.0115193 0.0243703
5.88 0.0122185 -0.0110454 0.0232639
5.89 0.0115393 -0.010544 0.0220833
5.9 0.0108132 -0.0100184 0.0208316
5.91 0.0100407 -0.0094715 0.0195122
5.92 0.00922279 -0.00890608 0.0181289
5.93 0.00836058 -0.0083252 0.0166858
5.94 0.00745575 -0.00773166 0.0151874
5.95 0.00651029 -0.0071283 0.0136386
5.96 0.00552659 -0.00651784 0.0120444
5.97 0.00450736 -0.00590294 0.0104103
5.98 0.00345565 -0.0052862 0.00874185
5.99 0.00237483 -0.00467009 0.00704492
6 0.00126852 -0.00405705 0.00532557
6.01 0.000140379 -0.00344962 0.00359
6.02 -0.00100498 -0.00284955 0.00184457
6.03 -0.00216317 -0.0022589 9.57274e-05
6.04 -0.00332965 -0.00167964 -0.00165001
6.05 -0.00449968 -0.00111359 -0.00338609
6.06 -0.00566844 -0.000562498 -0.00510594
6.07 -0.00683101 -2.79855e-05 -0.00680302
6.08 -0.00798239 0.000488471 -0.00847086
6.09 -0.00911758 0.000985485 -0.0101031
6.1 -0.0102316 0.00146177 -0.0116934
6.11 -0.0113195 0.00191618 -0.0132357
6.12 -0.0123763 0.00234777 -0.0147241
6.13 -0.0133973 0.00275553 -0.0161528
6.14 -0.0143779 0.00313861 -0.0175165
6.15 -0.0153131 0.00349683 -0.0188099
6.16 -0.0161986 0.00382959 -0.0200282
6.17 -0.0170306 0.00413615 -0.0211667
6.18 -0.0178054 0.00441598 -0.0222214
6.19 -0.0185196 0.00466864 -0.0231882
6.2 -0.0191699 0.00489399 -0.0240639
6.21 -0.0197535 0.00509175 -0.0248453
6.22 -0.0202678 0.00526192 -0.0255297
6.23 -0.0207107 0.00540438 -0.0261151
6.24 -0.0210804 0.0055192 -0.0265996
6.25 -0.0213754 0.00560656 -0.026982
6.26 -0.0215949 0.00566644 -0.0272613
6.27 -0.0217383 0.00569906 -0.0274374
6.28 -0.0218053 0.00570481 -0.0275101
6.29 -0.0217963 0.00568383 -0.0274801
6.3 -0.0217109 0.00563756 -0.0273485
6.31 -0.021551 0.00556555 -0.0271165
6.32 -0.0213184 0.00546792 -0.0267863
6.33 -0.0210151 0.00534502 -0.0263601
6.34 -0.0206434 0.00519732 -0.0258407
6.35 -0.0202061 0.00502521 -0.0252313
6.36 -0.0197063 0.00482917 -0.0245355
6.37 -0.0191474 0.00460974 -0.0237571
6.38 -0.0185332 0.00436743 -0.0229006
6.39 -0.0178678 0.00410275 -0.0219706
6.4 -0.0171556 0.00381626 -0.0209719
6.41 -0.0164012 0.00350857 -0.0199098
6.42 -0.0156096 0.00318014 -0.0187897
6.43 -0.0147858 0.00283167 -0.0176175
6.44 -0.0139351 0.00246376 -0.0163989
6.45 -0.0130628 0.00207715 -0.01514
6.46 -0.0121749 0.00167204 -0.0138469
6.47 -0.0112769 0.00124924 -0.0125261
6.48 -0.0103747 0.000809188 -0.0111839
6.49 -0.00947389 0.000352721 -0.00982661
6.5 -0.00858023 -0.000119512 -0.00846072
6.51 -0.00769938 -0.000606779 -0.0070926
6.52 -0.00683694 -0.00110835 -0.00572859
6.53 -0.00599837 -0.00162342 -0.00437495
6.54 -0.005189 -0.00215121 -0.00303779
6.55 -0.00441401 -0.0026909 -0.00172311
6.56 -0.00367833 -0.00324162 -0.000436709
6.57 -0.00298669 -0.00380249 0.000815802
6.58 -0.00234355 -0.0043726 0.00202905
6.59 -0.00175365 -0.00495156 0.00319791
6.6 -0.00122087 -0.00553842 0.00431755
6.61 -0.000748273 -0.00613169 0.00538342
6.62 -0.000339008 -0.0067303 0.0063913
6.63 4.14351e-06 -0.00733316 0.0073373
6.64 0.000278795 -0.00793912 0.00821791
6.65 0.000482964 -0.008547 0.00902997
6.66 0.000615082 -0.00915561 0.00977069
6.67 0.00067401 -0.0097637 0.0104377
6.68 0.000659037 -0.01037 0.011029
6.69 0.000569892 -0.0109732 0.0115431
6.7 0.000406741 -0.011572 0.0119787
6.71 0.000170189 -0.012165 0.0123351
6.72 -0.000138726 -0.0127508 0.0126121
6.73 -0.000518535 -0.0133281 0.0128095
6.74 -0.000968456 -0.0138965 0.012928
6.75 -0.0014851 -0.0144535 0.0129684
6.76 -0.00206562 -0.0149976 0.012932
6.77 -0.00270692 -0.0155272 0.0128203
6.78 -0.00340554 -0.0160409 0.0126354
6.79 -0.00415766 -0.0165373 0.0123797
6.8 -0.00495916 -0.0170149 0.0120557
6.81 -0.0058056 -0.0174722 0.0116666
6.82 -0.00669227 -0.0179079 0.0112157
6.83 -0.00761422 -0.0183206 0.0107063
6.84 -0.00856628 -0.0187088 0.0101425
6.85 -0.00954307 -0.0190714 0.00952829
6.86 -0.0105391 -0.0194069 0.00886784
6.87 -0.0115486 -0.0197142 0.00816562
6.88 -0.012566 -0.0199922 0.00742623
6.89 -0.0135852 -0.0202396 0.00665438
6.9 -0.0146003 -0.0204552 0.00585489
6.91 -0.0156055 -0.0206381 0.00503263
6.92 -0.0165948 -0.0207874 0.00419256
6.93 -0.0175626 -0.0209022 0.00333961
6.94 -0.0185032 -0.0209819 0.00247874
6.95 -0.019411 -0.0210259 0.00161485
6.96 -0.0202807 -0.0210335 0.000752808
6.97 -0.0211071 -0.0210045 -0.000102633
6.98 -0.0218853 -0.0209385 -0.000946815
6.99 -0.0226104 -0.0208352 -0.00177522
7 -0.0232781 -0.0206946 -0.00258347
7.01 -0.0238842 -0.0205168 -0.0033674
7.02 -0.0244248 -0.0203018 -0.00412301
7.03 -0.0248955 -0.020049 -0.00484654
7.04 -0.0252936 -0.0197592 -0.00553445
7.05 -0.0256167 -0.0194332 -0.00618346
7.06 -0.0258623 -0.0190717 -0.00679055
7.07 -0.0260287 -0.0186757 -0.00735299
7.08 -0.026114 -0.0182457 -0.00786834
7.09 -0.0261173 -0.0177829 -0.00833444
7.1 -0.0260377 -0.0172883 -0.00874945
7.11 -0.025875 -0.0167632 -0.00911184
7.12 -0.0256293 -0.0162089 -0.00942041
7.13 -0.025301 -0.0156267 -0.00967427
7.14 -0.0248912 -0.0150184 -0.00987283
7.15 -0.0244011 -0.0143853 -0.0100158
7.16 -0.0238326 -0.0137292 -0.0101034
7.17 -0.0231878 -0.0130521 -0.0101357
7.18 -0.0224679 -0.0123542 -0.0101137
7.19 -0.0216773 -0.0116392 -0.0100381
7.2 -0.0208191 -0.0109088 -0.00991034
7.21 -0.019897 -0.0101652 -0.00973183
7.22 -0.0189148 -0.00941042 -0.00950438
7.23 -0.0178767 -0.00864669 -0.00923001
7.24 -0.016787 -0.007876 -0.008911
7.25 -0.0156505 -0.0071007 -0.0085498
7.26 -0.014472 -0.0063229 -0.0081491
7.27 -0.0132565 -0.00554475 -0.00771175
7.28 -0.0120092 -0.00476846 -0.00724074
7.29 -0.0107354 -0.00399615 -0.00673925
7.3 -0.00944045 -0.00322992 -0.00621053
7.31 -0.00812984 -0.00247188 -0.00565796
7.32 -0.006809 -0.001724 -0.005085
7.33 -0.00548356 -0.000988423 -0.00449514
7.34 -0.00415909 -0.00026716 -0.00389193
7.35 -0.00284098 0.000437956 -0.00327894
7.36 -0.00153454 0.00112517 -0.00265971
7.37 -0.000244973 0.00179281 -0.00203778
7.38 0.00102267 0.00243931 -0.00141664
7.39 0.00226349 0.00306318 -0.000799695
7.4 0.00347281 0.0036631 -0.00019029
7.41 0.00464615 0.00423781 0.000408344
7.42 0.00577927 0.00478618 0.000993091
7.43 0.0068682 0.00530723 0.00156097
7.44 0.00790923 0.00580007 0.00210916
7.45 0.00889898 0.006264 0.00263498
7.46 0.00983433 0.00669837 0.00313596
7.47 0.0107117 0.0071019 0.0036098
7.48 0.0115292 0.00747481 0.00405439
7.49 0.012285 0.00781715 0.00446785
7.5 0.0129774 0.00812891 0.00484849
7.51 0.013605 0.00841012 0.00519488
7.52 0.014167 0.00866121 0.00550579
7.53 0.0146626 0.00888238 0.00578022
7.54 0.0150917 0.0090743 0.0060174
7.55 0.0154543 0.00923747 0.00621683
7.56 0.015751 0.00937281 0.00637819
7.57 0.0159826 0.00948117 0.00650143
7.58 0.0161502 0.0095635 0.0065867
7.59 0.0162554 0.00962101 0.00663439
7.6 0.0162999 0.0096548 0.0066451
7.61 0.0162859 0.00966626 0.00661964
7.62 0.0162149 0.00965589 0.00655901
7.63 0.0160907 0.00962629 0.00646441
7.64 0.0159161 0.00957887 0.00633723
7.65 0.0156944 0.0095154 0.006179
7.66 0.015429 0.00943758 0.00599142
7.67 0.0151234 0.00934705 0.00577635
7.68 0.0147814 0.00924564 0.00553576
7.69 0.0144069 0.00913517 0.00527173
7.7 0.0140038 0.00901736 0.00498644
7.71 0.0135763 0.00889411 0.00468219
7.72 0.0131285 0.00876721 0.00436129
7.73 0.0126645 0.00863835 0.00402615
7.74 0.0121887 0.0085095 0.0036792
7.75 0.0117051 0.0083822 0.0033229
7.76 0.011218 0.00825831 0.00295969
7.77 0.0107314 0.00813936 0.00259204
7.78 0.0102496 0.00802723 0.00222237
7.79 0.00977624 0.00792318 0.00185306
7.8 0.00931519 0.00782875 0.00148644
7.81 0.00887001 0.00774522 0.00112479
7.82 0.00844411 0.00767383 0.000770284
7.83 0.00804071 0.0076157 0.000425013
7.84 0.00766281 0.00757184 9.09654e-05
7.85 0.00731317 0.00754316 -0.000229987
7.86 0.00699433 0.00753043 -0.000536097
7.87 0.00670855 0.0075343 -0.000825753
7.88 0.00645782 0.0075553 -0.00109748
7.89 0.00624386 0.00759383 -0.00134997
7.9 0.00606808 0.00765013 -0.00158205
7.91 0.00593225 0.00772495 -0.0017927
7.92 0.00583668 0.00781778 -0.0019811
7.93 0.00578177 0.00792832 -0.00214655
7.94 0.00576772 0.00805628 -0.00228856
7.95 0.00579442 0.0082012 -0.00240678
7.96 0.00586146 0.00836249 -0.00250103
7.97 0.00596813 0.00853944 -0.00257131
7.98 0.00611344 0.00873121 -0.00261777
7.99 0.00629611 0.00893683 -0.00264072
8 0.00651458 0.00915521 -0.00264063
