# Generated on Sun Sep  5 13:28:37 2021 by yr2369.
# This file was created by PDFgui.
#S 1
#L r  Gtrunc  Gdiff  Gcalc
1.79 -0.114508 -0.0164116 -0.0980964
1.8 -0.114774 -0.010023 -0.104751
1.81 -0.115391 -0.00394132 -0.11145
1.82 -0.116358 0.00181445 -0.118172
1.83 -0.117673 0.00722583 -0.124899
1.84 -0.119329 0.0122789 -0.131608
1.85 -0.121318 0.0169603 -0.138278
1.86 -0.12363 0.0212585 -0.144888
1.87 -0.126254 0.0251626 -0.151417
1.88 -0.129173 0.0286678 -0.157841
1.89 -0.132373 0.031766 -0.164139
1.9 -0.135833 0.0344565 -0.170289
1.91 -0.139536 0.0367343 -0.17627
1.92 -0.143458 0.0386019 -0.18206
1.93 -0.147572 0.0400652 -0.187637
1.94 -0.151853 0.0411282 -0.192981
1.95 -0.156273 0.0417986 -0.198072
1.96 -0.160805 0.0420835 -0.202889
1.97 -0.165417 0.0419959 -0.207413
1.98 -0.17008 0.0415461 -0.211626
1.99 -0.174762 0.0407487 -0.215511
2 -0.17943 0.0396197 -0.21905
2.01 -0.184051 0.0381763 -0.222227
2.02 -0.188592 0.0364368 -0.225029
2.03 -0.193019 0.0344212 -0.22744
2.04 -0.1973 0.032149 -0.229449
2.05 -0.2014 0.0296437 -0.231044
2.06 -0.205283 0.026931 -0.232214
2.07 -0.208919 0.024032 -0.232951
2.08 -0.212276 0.020971 -0.233247
2.09 -0.215324 0.0177716 -0.233096
2.1 -0.218032 0.0144599 -0.232492
2.11 -0.220372 0.0110603 -0.231432
2.12 -0.222317 0.00759765 -0.229915
2.13 -0.223841 0.00409718 -0.227938
2.14 -0.22492 0.000583564 -0.225504
2.15 -0.225531 -0.00291813 -0.222613
2.16 -0.225653 -0.00638342 -0.21927
2.17 -0.225269 -0.00979043 -0.215479
2.18 -0.224362 -0.0131159 -0.211246
2.19 -0.222917 -0.0163372 -0.20658
2.2 -0.220917 -0.0194285 -0.201488
2.21 -0.218353 -0.0223706 -0.195982
2.22 -0.215222 -0.025149 -0.190073
2.23 -0.21152 -0.0277471 -0.183773
2.24 -0.207245 -0.0301492 -0.177096
2.25 -0.202396 -0.0323394 -0.170057
2.26 -0.196977 -0.0343058 -0.162671
2.27 -0.190994 -0.0360376 -0.154956
2.28 -0.184453 -0.0375232 -0.14693
2.29 -0.177366 -0.038756 -0.13861
2.3 -0.169745 -0.0397287 -0.130016
2.31 -0.161604 -0.0404354 -0.121169
2.32 -0.152962 -0.0408746 -0.112087
2.33 -0.143838 -0.0410443 -0.102794
2.34 -0.134253 -0.0409439 -0.0933091
2.35 -0.124224 -0.0405689 -0.0836551
2.36 -0.113785 -0.039931 -0.073854
2.37 -0.102962 -0.0390341 -0.0639279
2.38 -0.0917858 -0.0378868 -0.053899
2.39 -0.0802864 -0.0364967 -0.0437897
2.4 -0.0684958 -0.0348737 -0.0336221
2.41 -0.0564472 -0.0330289 -0.0234183
2.42 -0.044175 -0.0309749 -0.0132001
2.43 -0.0317141 -0.0287251 -0.00298899
2.44 -0.0191006 -0.0262946 0.00719404
2.45 -0.00637092 -0.0236993 0.0173284
2.46 0.00643817 -0.0209557 0.0273939
2.47 0.0192895 -0.0180817 0.0373712
2.48 0.0321461 -0.0150954 0.0472415
2.49 0.0449704 -0.0120163 0.0569867
2.5 0.0577244 -0.00886514 0.0665895
2.51 0.0703721 -0.00566147 0.0760336
2.52 0.0828779 -0.00242531 0.0853032
2.53 0.0952071 0.000823307 0.0943838
2.54 0.107326 0.00406441 0.103262
2.55 0.119201 0.00727713 0.111924
2.56 0.130801 0.0104421 0.120359
2.57 0.142097 0.0135411 0.128556
2.58 0.153058 0.0165527 0.136505
2.59 0.163659 0.0194606 0.144198
2.6 0.173873 0.0222454 0.151628
2.61 0.183677 0.0248907 0.158786
2.62 0.19305 0.027381 0.165669
2.63 0.201972 0.0297007 0.172271
2.64 0.21042 0.0318303 0.17859
2.65 0.21838 0.0337583 0.184622
2.66 0.225842 0.0354763 0.190366
2.67 0.232795 0.0369739 0.195821
2.68 0.239231 0.0382427 0.200988
2.69 0.245142 0.0392737 0.205868
2.7 0.250526 0.0400629 0.210463
2.71 0.255379 0.0406036 0.214775
2.72 0.259701 0.0408923 0.218809
2.73 0.263496 0.0409289 0.222567
2.74 0.266767 0.0407117 0.226055
2.75 0.26952 0.0402415 0.229278
2.76 0.271765 0.0395225 0.232242
2.77 0.273512 0.0385585 0.234953
2.78 0.274772 0.0373539 0.237418
2.79 0.275552 0.0359089 0.239643
2.8 0.275875 0.0342391 0.241636
2.81 0.275759 0.0323554 0.243404
2.82 0.275222 0.0302682 0.244954
2.83 0.274285 0.027991 0.246294
2.84 0.272967 0.0255352 0.247432
2.85 0.271292 0.0229172 0.248375
2.86 0.269281 0.0201506 0.24913
2.87 0.266958 0.0172521 0.249706
2.88 0.264347 0.0142386 0.250108
2.89 0.261473 0.0111283 0.250345
2.9 0.25836 0.00793851 0.250421
2.91 0.255034 0.00468907 0.250345
2.92 0.251519 0.0013981 0.250121
2.93 0.24784 -0.00191488 0.249755
2.94 0.24402 -0.00523189 0.249252
2.95 0.240086 -0.00853051 0.248617
2.96 0.236061 -0.0117918 0.247853
2.97 0.231969 -0.0149955 0.246964
2.98 0.227831 -0.0181235 0.245955
2.99 0.223668 -0.0211575 0.244826
3 0.219501 -0.0240785 0.24358
3.01 0.215349 -0.026869 0.242218
3.02 0.21123 -0.029512 0.240742
3.03 0.20716 -0.0319919 0.239152
3.04 0.203155 -0.0342929 0.237448
3.05 0.199228 -0.0364012 0.235629
3.06 0.195391 -0.038304 0.233695
3.07 0.191656 -0.0399879 0.231644
3.08 0.188033 -0.0414409 0.229474
3.09 0.18453 -0.042653 0.227183
3.1 0.18115 -0.0436186 0.224769
3.11 0.1779 -0.0443278 0.222228
3.12 0.174781 -0.0447766 0.219558
3.13 0.171795 -0.0449594 0.216754
3.14 0.168941 -0.044874 0.213815
3.15 0.166217 -0.0445185 0.210736
3.16 0.163619 -0.0438934 0.207512
3.17 0.161143 -0.0429987 0.204142
3.18 0.158783 -0.0418369 0.20062
3.19 0.15653 -0.0404132 0.196943
3.2 0.154375 -0.0387331 0.193108
3.21 0.152309 -0.0368022 0.189111
3.22 0.150321 -0.0346285 0.184949
3.23 0.148398 -0.032222 0.18062
3.24 0.146527 -0.0295933 0.17612
3.25 0.144694 -0.0267542 0.171448
3.26 0.142884 -0.023718 0.166602
3.27 0.141082 -0.0204984 0.16158
3.28 0.139273 -0.0171098 0.156383
3.29 0.13744 -0.0135689 0.151009
3.3 0.135568 -0.00989108 0.145459
3.31 0.133641 -0.00609344 0.139734
3.32 0.131642 -0.00219463 0.133837
3.33 0.129555 0.00178701 0.127768
3.34 0.127366 0.0058344 0.121532
3.35 0.125057 0.00992579 0.115131
3.36 0.122616 0.0140446 0.108571
3.37 0.120026 0.0181687 0.101857
3.38 0.117273 0.022278 0.094995
3.39 0.114347 0.0263558 0.0879912
3.4 0.111234 0.0303804 0.0808536
3.41 0.107925 0.0343348 0.0735902
3.42 0.104411 0.0382008 0.0662102
3.43 0.100682 0.0419588 0.0587232
3.44 0.0967308 0.0455912 0.0511396
3.45 0.0925523 0.0490818 0.0434705
3.46 0.0881415 0.0524138 0.0357277
3.47 0.0834951 0.0555716 0.0279235
3.48 0.0786112 0.0585404 0.0200708
3.49 0.0734894 0.0613064 0.012183
3.5 0.0681307 0.0638566 0.00427412
3.51 0.0625375 0.066179 -0.00364152
3.52 0.0567105 0.0682596 -0.0115491
3.53 0.0506579 0.0700915 -0.0194336
3.54 0.0443874 0.0716669 -0.0272795
3.55 0.0379072 0.0729784 -0.0350712
3.56 0.0312271 0.0740201 -0.042793
3.57 0.0243581 0.074787 -0.0504289
3.58 0.0173125 0.0752755 -0.057963
3.59 0.0101039 0.0754833 -0.0653794
3.6 0.00274694 0.0754093 -0.0726623
3.61 -0.00474258 0.0750535 -0.0797961
3.62 -0.0123479 0.0744173 -0.0867652
3.63 -0.0200512 0.0735033 -0.0935545
3.64 -0.0278339 0.0723152 -0.100149
3.65 -0.0356768 0.070858 -0.106535
3.66 -0.0435598 0.0691377 -0.112698
3.67 -0.0514623 0.0671616 -0.118624
3.68 -0.0593626 0.0649384 -0.124301
3.69 -0.0672393 0.0624776 -0.129717
3.7 -0.0750709 0.0597891 -0.13486
3.71 -0.0828357 0.0568839 -0.13972
3.72 -0.090512 0.0537738 -0.144286
3.73 -0.0980783 0.0504713 -0.14855
3.74 -0.105513 0.0469897 -0.152503
3.75 -0.112795 0.0433428 -0.156138
3.76 -0.119904 0.0395448 -0.159449
3.77 -0.12682 0.0356102 -0.16243
3.78 -0.133523 0.0315547 -0.165078
3.79 -0.139994 0.027394 -0.167388
3.8 -0.146216 0.0231429 -0.169359
3.81 -0.152168 0.018821 -0.170989
3.82 -0.157835 0.0144433 -0.172278
3.83 -0.163203 0.0100246 -0.173228
3.84 -0.168259 0.0055799 -0.173839
3.85 -0.17299 0.00112511 -0.174115
3.86 -0.177386 -0.00332575 -0.17406
3.87 -0.181435 -0.00775566 -0.173679
3.88 -0.185128 -0.0121496 -0.172978
3.89 -0.18846 -0.0164957 -0.171964
3.9 -0.191423 -0.020778 -0.170645
3.91 -0.194013 -0.0249837 -0.169029
3.92 -0.196227 -0.0291003 -0.167127
3.93 -0.198064 -0.0331162 -0.164948
3.94 -0.199522 -0.0370183 -0.162504
3.95 -0.200604 -0.0407976 -0.159806
3.96 -0.201306 -0.0444376 -0.156868
3.97 -0.201638 -0.047935 -0.153703
3.98 -0.201605 -0.0512812 -0.150324
3.99 -0.201215 -0.0544699 -0.146745
4 -0.200476 -0.0574944 -0.142982
4.01 -0.199396 -0.0603478 -0.139048
4.02 -0.197987 -0.0630266 -0.13496
4.03 -0.19626 -0.0655264 -0.130734
4.04 -0.194228 -0.0678445 -0.126384
4.05 -0.191903 -0.0699769 -0.121926
4.06 -0.189301 -0.0719238 -0.117377
4.07 -0.186437 -0.0736844 -0.112753
4.08 -0.183327 -0.0752588 -0.108068
4.09 -0.179987 -0.0766476 -0.103339
4.1 -0.176433 -0.0778514 -0.0985816
4.11 -0.172682 -0.0788719 -0.0938101
4.12 -0.168755 -0.0797154 -0.0890396
4.13 -0.164669 -0.0803846 -0.0842844
4.14 -0.160444 -0.0808856 -0.0795584
4.15 -0.156096 -0.0812207 -0.0748753
4.16 -0.151646 -0.0813982 -0.0702478
4.17 -0.147111 -0.0814227 -0.0656883
4.18 -0.142509 -0.0813006 -0.0612084
4.19 -0.137858 -0.0810387 -0.0568193
4.2 -0.133175 -0.0806437 -0.0525313
4.21 -0.128478 -0.0801241 -0.0483539
4.22 -0.123782 -0.079486 -0.044296
4.23 -0.119104 -0.0787382 -0.0403658
4.24 -0.114459 -0.0778885 -0.0365705
4.25 -0.109861 -0.0769445 -0.0329165
4.26 -0.105325 -0.0759153 -0.0294097
4.27 -0.100863 -0.0748082 -0.0260548
4.28 -0.0964865 -0.0736307 -0.0228558
4.29 -0.0922067 -0.0723907 -0.019816
4.3 -0.0880337 -0.0710959 -0.0169378
4.31 -0.0839761 -0.0697534 -0.0142227
4.32 -0.0800421 -0.0683704 -0.0116717
4.33 -0.0762384 -0.0669537 -0.00928474
4.34 -0.0725709 -0.0655097 -0.00706115
4.35 -0.0690444 -0.0640449 -0.00499953
4.36 -0.0656626 -0.0625648 -0.00309777
4.37 -0.0624283 -0.0610752 -0.00135312
4.38 -0.0593431 -0.0595809 0.000237791
4.39 -0.0564078 -0.0580867 0.00167894
4.4 -0.0536246 -0.0565994 0.00297485
4.41 -0.0509895 -0.05512 0.00413053
4.42 -0.0485004 -0.0536519 0.00515148
4.43 -0.046154 -0.0521976 0.00604361
4.44 -0.0439466 -0.0507598 0.00681319
4.45 -0.0418734 -0.0493402 0.00746684
4.46 -0.0399289 -0.0479404 0.00801146
4.47 -0.0381072 -0.0465614 0.00845416
4.48 -0.0364015 -0.0452038 0.00880226
4.49 -0.0348045 -0.0438677 0.0090632
4.5 -0.0333085 -0.042553 0.00924453
4.51 -0.0319054 -0.0412592 0.00935383
4.52 -0.0305868 -0.0399855 0.00939867
4.53 -0.0293437 -0.0387303 0.0093866
4.54 -0.0281677 -0.0374928 0.00932506
4.55 -0.0270495 -0.0362709 0.00922136
4.56 -0.0259793 -0.0350619 0.00908264
4.57 -0.0249477 -0.0338636 0.00891586
4.58 -0.0239457 -0.0326734 0.00872769
4.59 -0.0229641 -0.0314887 0.00852457
4.6 -0.0219941 -0.0303067 0.00831261
4.61 -0.0210271 -0.0291247 0.00809758
4.62 -0.0200548 -0.0279397 0.00788491
4.63 -0.0190691 -0.0267487 0.00767964
4.64 -0.0180626 -0.025549 0.00748642
4.65 -0.0170281 -0.0243376 0.00730948
4.66 -0.015959 -0.0231116 0.00715262
4.67 -0.0148492 -0.0218684 0.00701921
4.68 -0.0136933 -0.0206055 0.00691217
4.69 -0.0124855 -0.0193195 0.00683398
4.7 -0.0112219 -0.0180086 0.00678667
4.71 -0.00989918 -0.016671 0.00677182
4.72 -0.00851442 -0.015305 0.0067906
4.73 -0.00706533 -0.013909 0.0068437
4.74 -0.00555034 -0.0124818 0.00693145
4.75 -0.00396856 -0.0110223 0.00705373
4.76 -0.00231978 -0.00952983 0.00721005
4.77 -0.000604474 -0.00800403 0.00739955
4.78 0.00117623 -0.0064448 0.00762103
4.79 0.00302055 -0.00485241 0.00787296
4.8 0.00492608 -0.00322741 0.00815349
4.81 0.00688978 -0.00157075 0.00846053
4.82 0.00890808 0.000116363 0.00879172
4.83 0.0109769 0.00183242 0.00914448
4.84 0.0130922 0.00357613 0.00951607
4.85 0.0152479 0.00534434 0.00990356
4.86 0.0174385 0.00713458 0.0103039
4.87 0.019658 0.00894399 0.010714
4.88 0.0219 0.0107694 0.0111306
4.89 0.0241579 0.0126073 0.0115506
4.9 0.026425 0.0144544 0.0119706
4.91 0.028694 0.0163064 0.0123876
4.92 0.0309578 0.0181595 0.0127983
4.93 0.0332091 0.0200094 0.0131997
4.94 0.0354404 0.0218514 0.013589
4.95 0.0376445 0.0236812 0.0139633
4.96 0.039814 0.025494 0.01432
4.97 0.0419416 0.0272849 0.0146567
4.98 0.0440198 0.0290485 0.0149713
4.99 0.0460415 0.0307798 0.0152617
5 0.0480004 0.0324741 0.0155263
5.01 0.0498903 0.0341268 0.0157635
5.02 0.0517052 0.0357328 0.0159724
5.03 0.0534392 0.0372874 0.0161518
5.04 0.0550871 0.0387857 0.0163014
5.05 0.0566441 0.0402233 0.0164208
5.06 0.0581058 0.0415957 0.0165101
5.07 0.0594681 0.0428986 0.0165695
5.08 0.0607276 0.0441277 0.0165999
5.09 0.0618815 0.0452795 0.016602
5.1 0.0629272 0.04635 0.0165772
5.11 0.0638629 0.0473359 0.016527
5.12 0.0646873 0.048234 0.0164533
5.13 0.0653979 0.0490399 0.016358
5.14 0.0659958 0.0497523 0.0162435
5.15 0.0664817 0.0503693 0.0161124
5.16 0.0668565 0.0508892 0.0159673
5.17 0.0671216 0.0513102 0.0158114
5.18 0.0672788 0.0516312 0.0156476
5.19 0.0673306 0.0518514 0.0154792
5.2 0.0672798 0.0519702 0.0153096
5.21 0.0671297 0.0519874 0.0151423
5.22 0.0668839 0.0519033 0.0149806
5.23 0.0665467 0.0517184 0.0148283
5.24 0.0661223 0.0514335 0.0146888
5.25 0.0656157 0.05105 0.0145657
5.26 0.0650318 0.0505693 0.0144625
5.27 0.0643757 0.0499932 0.0143825
5.28 0.0636523 0.0493233 0.014329
5.29 0.0628684 0.0485633 0.0143051
5.3 0.0620297 0.0477158 0.0143139
5.31 0.0611422 0.0467841 0.0143581
5.32 0.0602118 0.0457715 0.0144403
5.33 0.0592445 0.0446817 0.0145628
5.34 0.0582461 0.0435184 0.0147277
5.35 0.0572226 0.0422859 0.0149367
5.36 0.0561796 0.0409882 0.0151914
5.37 0.0551227 0.0396299 0.0154928
5.38 0.0540575 0.0382158 0.0158417
5.39 0.0529889 0.0367501 0.0162388
5.4 0.051922 0.0352381 0.0166839
5.41 0.0508615 0.0336845 0.017177
5.42 0.0498118 0.0320946 0.0177172
5.43 0.0487771 0.0304734 0.0183037
5.44 0.0477609 0.0288259 0.018935
5.45 0.0467665 0.0271572 0.0196093
5.46 0.0457968 0.0254724 0.0203244
5.47 0.0448543 0.0237764 0.0210779
5.48 0.0439411 0.0220743 0.0218668
5.49 0.0430588 0.0203709 0.0226879
5.5 0.0422087 0.0186711 0.0235376
5.51 0.0413915 0.0169794 0.0244121
5.52 0.0406077 0.0153007 0.025307
5.53 0.0398573 0.0136393 0.026218
5.54 0.0391398 0.0119995 0.0271403
5.55 0.0384544 0.0103855 0.0280689
5.56 0.0377999 0.00880119 0.0289987
5.57 0.0371752 0.00725093 0.0299243
5.58 0.0365778 0.0057377 0.0308401
5.59 0.0360054 0.00426483 0.0317406
5.6 0.0354556 0.00283565 0.0326199
5.61 0.0349254 0.00145294 0.0334725
5.62 0.0344118 0.000119496 0.0342923
5.63 0.0339115 -0.00116218 0.0350737
5.64 0.0334211 -0.00238975 0.0358108
5.65 0.0329369 -0.00356123 0.0364981
5.66 0.0324552 -0.00467478 0.03713
5.67 0.0319722 -0.00572879 0.037701
5.68 0.031484 -0.00672192 0.0382059
5.69 0.0309868 -0.00765298 0.0386398
5.7 0.0304768 -0.00852098 0.0389978
5.71 0.02995 -0.00932544 0.0392754
5.72 0.0294025 -0.0100661 0.0394686
5.73 0.0288309 -0.0107424 0.0395733
5.74 0.0282319 -0.0113544 0.0395863
5.75 0.0276023 -0.0119019 0.0395042
5.76 0.0269391 -0.0123854 0.0393245
5.77 0.0262395 -0.0128054 0.0390449
5.78 0.025501 -0.0131625 0.0386635
5.79 0.0247216 -0.0134575 0.0381791
5.8 0.0238994 -0.0136913 0.0375907
5.81 0.0230329 -0.013865 0.0368979
5.82 0.0221208 -0.0139801 0.0361009
5.83 0.0211625 -0.0140378 0.0352003
5.84 0.0201576 -0.0140396 0.0341972
5.85 0.0191061 -0.0139872 0.0330933
5.86 0.0180077 -0.0138828 0.0318905
5.87 0.0168636 -0.0137281 0.0305917
5.88 0.0156753 -0.0135246 0.0291999
5.89 0.0144445 -0.0132742 0.0277187
5.9 0.013173 -0.0129792 0.0261522
5.91 0.0118633 -0.0126416 0.0245049
5.92 0.0105182 -0.0122636 0.0227818
5.93 0.00914063 -0.0118475 0.0209881
5.94 0.00773417 -0.0113955 0.0191297
5.95 0.00630253 -0.0109101 0.0172126
5.96 0.00484975 -0.0103936 0.0152434
5.97 0.00338016 -0.00984849 0.0132287
5.98 0.0018983 -0.0092772 0.0111755
5.99 0.000408954 -0.0086822 0.00909116
6 -0.00108292 -0.00806602 0.0069831
6.01 -0.00257205 -0.00743099 0.00485894
6.02 -0.00405317 -0.00677963 0.00272646
6.03 -0.00552095 -0.00611445 0.000593504
6.04 -0.00697002 -0.00543801 -0.00153201
6.05 -0.008395 -0.00475285 -0.00364215
6.06 -0.00979054 -0.00406153 -0.00572901
6.07 -0.0111513 -0.00336655 -0.00778475
6.08 -0.0124722 -0.0026706 -0.0098016
6.09 -0.013748 -0.00197604 -0.011772
6.1 -0.0149738 -0.0012854 -0.0136884
6.11 -0.016145 -0.000601309 -0.0155437
6.12 -0.0172571 7.37573e-05 -0.0173309
6.13 -0.0183058 0.000737408 -0.0190432
6.14 -0.0192872 0.00138717 -0.0206744
6.15 -0.0201971 0.00202122 -0.0222183
6.16 -0.0210321 0.0026373 -0.0236694
6.17 -0.0217899 0.00323247 -0.0250224
6.18 -0.0224681 0.00380433 -0.0262724
6.19 -0.0230646 0.00435062 -0.0274152
6.2 -0.0235779 0.00486896 -0.0284469
6.21 -0.0240066 0.00535738 -0.029364
6.22 -0.0243502 0.0058135 -0.0301637
6.23 -0.0246083 0.00623538 -0.0308437
6.24 -0.0247811 0.00662103 -0.0314021
6.25 -0.0248694 0.00696838 -0.0318378
6.26 -0.0248741 0.00727581 -0.0321499
6.27 -0.024797 0.00754139 -0.0323384
6.28 -0.0246401 0.00776351 -0.0324036
6.29 -0.024406 0.00794051 -0.0323465
6.3 -0.0240964 0.00807218 -0.0321686
6.31 -0.0237158 0.00815607 -0.0318719
6.32 -0.0232681 0.00819081 -0.0314589
6.33 -0.0227576 0.00817516 -0.0309328
6.34 -0.0221886 0.00810839 -0.030297
6.35 -0.0215662 0.00798942 -0.0295556
6.36 -0.0208955 0.00781762 -0.0287131
6.37 -0.0201817 0.00759271 -0.0277744
6.38 -0.0194307 0.00731409 -0.0267448
6.39 -0.0186483 0.00698164 -0.0256299
6.4 -0.0178404 0.0065955 -0.0244359
6.41 -0.0170132 0.00615581 -0.023169
6.42 -0.016173 0.00566288 -0.0218359
6.43 -0.0153261 0.00511728 -0.0204434
6.44 -0.0144787 0.00451989 -0.0189986
6.45 -0.0136373 0.00387146 -0.0175088
6.46 -0.0128083 0.00317298 -0.0159813
6.47 -0.0119976 0.00242603 -0.0144236
6.48 -0.0112112 0.00163217 -0.0128434
6.49 -0.0104549 0.000793178 -0.0112481
6.5 -0.00973429 -8.89837e-05 -0.00964531
6.51 -0.0090546 -0.00101203 -0.00804257
6.52 -0.00842085 -0.00197356 -0.00644729
6.53 -0.00783773 -0.00297096 -0.00486677
6.54 -0.00730957 -0.00400143 -0.00330814
6.55 -0.00684032 -0.00506197 -0.00177835
6.56 -0.00643353 -0.00614941 -0.000284121
6.57 -0.00609231 -0.0072604 0.00116809
6.58 -0.00581932 -0.00839143 0.00257211
6.59 -0.00561747 -0.00953956 0.00392209
6.6 -0.0054884 -0.0107009 0.00521252
6.61 -0.00543271 -0.011871 0.00643825
6.62 -0.00545105 -0.0130456 0.00759453
6.63 -0.00554361 -0.0142206 0.00867703
6.64 -0.00571002 -0.0153918 0.00968182
6.65 -0.00594942 -0.0165549 0.0106054
6.66 -0.00626044 -0.0177053 0.0114449
6.67 -0.0066412 -0.0188388 0.0121976
6.68 -0.00708932 -0.0199508 0.0128615
6.69 -0.00760195 -0.0210369 0.013435
6.7 -0.00817577 -0.0220927 0.013917
6.71 -0.00880704 -0.0231139 0.0143068
6.72 -0.00949155 -0.024096 0.0146044
6.73 -0.0102247 -0.0250348 0.0148101
6.74 -0.0110023 -0.0259269 0.0149246
6.75 -0.0118181 -0.0267673 0.0149492
6.76 -0.0126666 -0.0275522 0.0148856
6.77 -0.0135418 -0.0282778 0.014736
6.78 -0.0144376 -0.0289404 0.0145028
6.79 -0.0153477 -0.0295368 0.0141891
6.8 -0.0162656 -0.0300638 0.0137982
6.81 -0.0171847 -0.0305183 0.0133336
6.82 -0.0180984 -0.0308979 0.0127995
6.83 -0.0189999 -0.0312 0.0122001
6.84 -0.0198827 -0.0314227 0.01154
6.85 -0.0207399 -0.0315639 0.010824
6.86 -0.0215651 -0.0316223 0.0100572
6.87 -0.0223518 -0.0315966 0.00924482
6.88 -0.0230935 -0.0314857 0.00839223
6.89 -0.0237837 -0.0312887 0.00750496
6.9 -0.0244171 -0.0310057 0.00658862
6.91 -0.0249883 -0.0306372 0.00564889
6.92 -0.0254921 -0.0301836 0.00469149
6.93 -0.0259237 -0.0296458 0.00372211
6.94 -0.0262787 -0.0290251 0.00274644
6.95 -0.0265532 -0.0283233 0.0017701
6.96 -0.0267436 -0.0275422 0.000798606
6.97 -0.0268469 -0.0266843 -0.000162625
6.98 -0.0268604 -0.0257521 -0.00110834
6.99 -0.0267822 -0.0247488 -0.00203345
7 -0.0266108 -0.0236777 -0.00293307
7.01 -0.0263451 -0.0225425 -0.00380255
7.02 -0.0259846 -0.0213471 -0.00463748
7.03 -0.0255285 -0.0200948 -0.0054337
7.04 -0.0249779 -0.0187905 -0.00618735
7.05 -0.0243347 -0.0174398 -0.00689489
7.06 -0.0236007 -0.0160476 -0.00755308
7.07 -0.0227783 -0.0146193 -0.00815902
7.08 -0.0218703 -0.0131602 -0.00871013
7.09 -0.0208801 -0.0116759 -0.00920422
7.1 -0.0198116 -0.0101722 -0.00963944
7.11 -0.0186691 -0.00865479 -0.0100143
7.12 -0.0174576 -0.0071299 -0.0103277
7.13 -0.0161822 -0.00560334 -0.0105789
7.14 -0.0148486 -0.00408117 -0.0107674
7.15 -0.0134627 -0.00256933 -0.0108934
7.16 -0.0120309 -0.00107387 -0.010957
7.17 -0.0105599 0.000399187 -0.0109591
7.18 -0.00905595 0.00184463 -0.0109006
7.19 -0.007527 0.00325586 -0.0107829
7.2 -0.00598028 0.00462732 -0.0106076
7.21 -0.0044232 0.00595359 -0.0103768
7.22 -0.00286326 0.00722941 -0.0100927
7.23 -0.00130798 0.0084498 -0.00975778
7.24 0.000235115 0.00961001 -0.0093749
7.25 0.00175854 0.0107056 -0.00894703
7.26 0.0032549 0.0117323 -0.00847739
7.27 0.00471695 0.0126863 -0.00796938
7.28 0.0061376 0.0135642 -0.00742657
7.29 0.00751001 0.0143627 -0.00685265
7.3 0.00882756 0.015079 -0.00625146
7.31 0.010084 0.0157109 -0.0056269
7.32 0.0112728 0.0162558 -0.00498295
7.33 0.0123879 0.0167115 -0.00432364
7.34 0.013425 0.017078 -0.00365301
7.35 0.0143793 0.0173544 -0.0029751
7.36 0.0152465 0.0175404 -0.0022939
7.37 0.016023 0.0176364 -0.00161339
7.38 0.0167055 0.0176429 -0.00093744
7.39 0.0172913 0.0175611 -0.000269834
7.4 0.0177782 0.0173924 0.000385759
7.41 0.0181647 0.0171389 0.00102581
7.42 0.0184497 0.0168028 0.00164693
7.43 0.0186328 0.0163869 0.00224594
7.44 0.0187142 0.0158944 0.00281981
7.45 0.0186946 0.0153289 0.00336574
7.46 0.0185754 0.0146943 0.00388114
7.47 0.0183571 0.0139935 0.00436365
7.48 0.0180433 0.0132322 0.00481114
7.49 0.0176373 0.0124156 0.00522175
7.5 0.0171427 0.0115488 0.00559385
7.51 0.0165638 0.0106377 0.0059261
7.52 0.0159049 0.0096875 0.0062174
7.53 0.0151713 0.00870437 0.00646693
7.54 0.0143682 0.00769407 0.00667413
7.55 0.0135017 0.00666297 0.00683873
7.56 0.0125779 0.00561722 0.00696068
7.57 0.0116034 0.00456317 0.00704023
7.58 0.010585 0.00350714 0.00707786
7.59 0.0095299 0.00245559 0.00707431
7.6 0.0084453 0.00141475 0.00703055
7.61 0.00733867 0.000390895 0.00694778
7.62 0.00621757 -0.000609833 0.0068274
7.63 0.00509003 -0.00158102 0.00667105
7.64 0.00396373 -0.0025168 0.00648053
7.65 0.00284636 -0.00341145 0.00625781
7.66 0.00174554 -0.00425952 0.00600506
7.67 0.000668758 -0.00505579 0.00572455
7.68 -0.000376622 -0.00579532 0.0054187
7.69 -0.00138345 -0.00647348 0.00509003
7.7 -0.0023448 -0.00708597 0.00474117
7.71 -0.00325403 -0.00762883 0.0043748
7.72 -0.00410484 -0.00809851 0.00399367
7.73 -0.00489125 -0.00849182 0.00360057
7.74 -0.00560768 -0.00880598 0.0031983
7.75 -0.00624901 -0.00903867 0.00278966
7.76 -0.00680978 -0.00918723 0.00237745
7.77 -0.00728563 -0.00925005 0.00196442
7.78 -0.00767364 -0.00922692 0.00155328
7.79 -0.00797069 -0.00911734 0.00114665
7.8 -0.00817418 -0.00892127 0.000747092
7.81 -0.00828211 -0.00863917 0.000357061
7.82 -0.00829301 -0.00827191 -2.11023e-05
7.83 -0.00820606 -0.00782088 -0.000385183
7.84 -0.00802098 -0.00728788 -0.000733102
7.85 -0.00773812 -0.00667519 -0.00106293
7.86 -0.0073584 -0.0059855 -0.0013729
7.87 -0.00688335 -0.00522194 -0.00166141
7.88 -0.00631507 -0.00438805 -0.00192702
7.89 -0.00565622 -0.00348772 -0.0021685
7.9 -0.00491004 -0.00252524 -0.0023848
7.91 -0.00407905 -0.00150402 -0.00257503
7.92 -0.00316871 -0.000430184 -0.00273853
7.93 -0.00218403 0.000690784 -0.00287481
7.94 -0.00113029 0.00185332 -0.00298361
7.95 -1.31532e-05 0.00305166 -0.00306481
7.96 0.00116129 0.00427982 -0.00311853
7.97 0.00238659 0.00553163 -0.00314504
7.98 0.00365599 0.00680082 -0.00314483
7.99 0.00496241 0.00808093 -0.00311852
8 0.00629855 0.0093655 -0.00306695
