# Generated on Sun Sep  5 13:28:50 2021 by yr2369.
# This file was created by PDFgui.
#S 1
#L r  Gtrunc  Gdiff  Gcalc
1.79 -0.16126 -0.0633739 -0.0978861
1.8 -0.162367 -0.0578653 -0.104502
1.81 -0.16361 -0.0524495 -0.111161
1.82 -0.164986 -0.0471433 -0.117843
1.83 -0.166489 -0.0419612 -0.124528
1.84 -0.16811 -0.0369147 -0.131195
1.85 -0.169843 -0.0320189 -0.137824
1.86 -0.171677 -0.0272843 -0.144393
1.87 -0.173603 -0.0227234 -0.15088
1.88 -0.175609 -0.0183459 -0.157263
1.89 -0.177683 -0.0141615 -0.163522
1.9 -0.179811 -0.0101777 -0.169633
1.91 -0.181979 -0.00640227 -0.175577
1.92 -0.184173 -0.00284233 -0.181331
1.93 -0.186375 0.000499095 -0.186874
1.94 -0.18857 0.00361641 -0.192186
1.95 -0.190741 0.00650651 -0.197248
1.96 -0.192871 0.00916684 -0.202038
1.97 -0.19494 0.0115985 -0.206538
1.98 -0.196933 0.0137982 -0.210731
1.99 -0.198829 0.0157697 -0.214599
2 -0.20061 0.0175142 -0.218124
2.01 -0.202258 0.0190343 -0.221292
2.02 -0.203755 0.0203333 -0.224088
2.03 -0.20508 0.0214185 -0.226499
2.04 -0.206218 0.0222926 -0.228511
2.05 -0.207148 0.0229653 -0.230113
2.06 -0.20785 0.0234464 -0.231296
2.07 -0.20831 0.023741 -0.232051
2.08 -0.208512 0.0238578 -0.23237
2.09 -0.20844 0.0238063 -0.232246
2.1 -0.20808 0.0235958 -0.231676
2.11 -0.207416 0.0232387 -0.230655
2.12 -0.206437 0.022744 -0.229181
2.13 -0.205129 0.0221247 -0.227254
2.14 -0.203482 0.0213917 -0.224874
2.15 -0.201485 0.020558 -0.222043
2.16 -0.19913 0.0196349 -0.218765
2.17 -0.19641 0.0186344 -0.215044
2.18 -0.193318 0.0175694 -0.210887
2.19 -0.189849 0.0164526 -0.206302
2.2 -0.185996 0.0152997 -0.201296
2.21 -0.181758 0.0141216 -0.19588
2.22 -0.177137 0.0129277 -0.190065
2.23 -0.172134 0.0117294 -0.183863
2.24 -0.166751 0.0105381 -0.177289
2.25 -0.160993 0.00936335 -0.170356
2.26 -0.154864 0.00821686 -0.163081
2.27 -0.148372 0.00710707 -0.155479
2.28 -0.141524 0.00604439 -0.147568
2.29 -0.13433 0.00503697 -0.139367
2.3 -0.126801 0.00409274 -0.130894
2.31 -0.118948 0.00322024 -0.122168
2.32 -0.110787 0.0024236 -0.113211
2.33 -0.102331 0.00171043 -0.104041
2.34 -0.0935969 0.00108486 -0.0946818
2.35 -0.0845972 0.000555726 -0.0851529
2.36 -0.0753543 0.000122239 -0.0754765
2.37 -0.065888 -0.000213648 -0.0656744
2.38 -0.0562183 -0.000450102 -0.0557682
2.39 -0.0463661 -0.000586188 -0.0457799
2.4 -0.0363529 -0.00062166 -0.0357312
2.41 -0.0262011 -0.000557334 -0.0256438
2.42 -0.0159333 -0.000394471 -0.0155388
2.43 -0.00557282 -0.000135367 -0.00543745
2.44 0.00485681 0.000217079 0.00463973
2.45 0.0153318 0.000659244 0.0146726
2.46 0.025828 0.00118662 0.0246414
2.47 0.0363216 0.00179444 0.0345272
2.48 0.0467884 0.00247689 0.0443115
2.49 0.0572043 0.00322757 0.0539767
2.5 0.0675444 0.00403848 0.0635059
2.51 0.0777862 0.00490324 0.072883
2.52 0.0879067 0.0058141 0.0820926
2.53 0.0978838 0.00676334 0.0911205
2.54 0.107696 0.00774288 0.0999531
2.55 0.117321 0.00874293 0.108578
2.56 0.126741 0.00975719 0.116984
2.57 0.135934 0.0107742 0.12516
2.58 0.144883 0.0117864 0.133097
2.59 0.153571 0.0127854 0.140786
2.6 0.161981 0.0137616 0.148219
2.61 0.170098 0.0147066 0.155391
2.62 0.177907 0.0156106 0.162296
2.63 0.185396 0.0164663 0.16893
2.64 0.19255 0.0172622 0.175288
2.65 0.199359 0.0179907 0.181368
2.66 0.205816 0.0186465 0.18717
2.67 0.211915 0.0192243 0.192691
2.68 0.217648 0.0197159 0.197932
2.69 0.223011 0.0201165 0.202895
2.7 0.228001 0.0204211 0.20758
2.71 0.232615 0.0206245 0.211991
2.72 0.236852 0.0207223 0.21613
2.73 0.240713 0.0207118 0.220001
2.74 0.244199 0.0205896 0.223609
2.75 0.247313 0.0203537 0.226959
2.76 0.25006 0.0200039 0.230056
2.77 0.252445 0.0195392 0.232906
2.78 0.254474 0.0189595 0.235515
2.79 0.256149 0.0182603 0.237889
2.8 0.257485 0.01745 0.240035
2.81 0.25849 0.0165297 0.24196
2.82 0.259176 0.0155043 0.243672
2.83 0.259554 0.0143779 0.245176
2.84 0.259635 0.0131543 0.246481
2.85 0.259432 0.0118395 0.247593
2.86 0.258958 0.0104396 0.248518
2.87 0.258226 0.00896087 0.249265
2.88 0.257251 0.00741169 0.249839
2.89 0.256047 0.00579977 0.250247
2.9 0.254628 0.00413305 0.250495
2.91 0.253009 0.00242084 0.250588
2.92 0.251204 0.000671794 0.250532
2.93 0.249227 -0.00110505 0.250332
2.94 0.247092 -0.00290021 0.249992
2.95 0.244816 -0.00470078 0.249517
2.96 0.242413 -0.00649637 0.248909
2.97 0.239896 -0.00827711 0.248173
2.98 0.237278 -0.0100326 0.247311
2.99 0.234573 -0.0117511 0.246324
3 0.231792 -0.0134231 0.245215
3.01 0.228948 -0.0150369 0.243985
3.02 0.226051 -0.0165829 0.242634
3.03 0.223112 -0.0180504 0.241162
3.04 0.220141 -0.019429 0.23957
3.05 0.217145 -0.020711 0.237856
3.06 0.214133 -0.0218861 0.236019
3.07 0.211112 -0.0229457 0.234058
3.08 0.208089 -0.0238808 0.23197
3.09 0.205067 -0.024686 0.229753
3.1 0.202053 -0.0253516 0.227405
3.11 0.199049 -0.0258727 0.224922
3.12 0.196058 -0.0262432 0.222301
3.13 0.193081 -0.0264586 0.21954
3.14 0.190119 -0.0265144 0.216633
3.15 0.187171 -0.026408 0.213579
3.16 0.184237 -0.0261358 0.210373
3.17 0.181314 -0.025697 0.207011
3.18 0.178401 -0.0250892 0.20349
3.19 0.175493 -0.0243137 0.199807
3.2 0.172585 -0.0233722 0.195957
3.21 0.169674 -0.0222646 0.191939
3.22 0.166754 -0.020994 0.187748
3.23 0.163818 -0.0195648 0.183383
3.24 0.160859 -0.0179817 0.178841
3.25 0.157872 -0.0162479 0.17412
3.26 0.154847 -0.0143721 0.169219
3.27 0.151778 -0.0123593 0.164137
3.28 0.148657 -0.0102171 0.158874
3.29 0.145475 -0.00795471 0.15343
3.3 0.142224 -0.00558097 0.147805
3.31 0.138896 -0.00310527 0.142001
3.32 0.135483 -0.000537699 0.136021
3.33 0.131976 0.00210997 0.129866
3.34 0.128368 0.00482727 0.123541
3.35 0.124651 0.00760199 0.117049
3.36 0.120818 0.0104222 0.110396
3.37 0.11686 0.0132732 0.103587
3.38 0.112772 0.0161435 0.0966285
3.39 0.108547 0.0190191 0.0895279
3.4 0.104181 0.0218879 0.0822931
3.41 0.0996698 0.0247371 0.0749327
3.42 0.0950083 0.0275521 0.0674562
3.43 0.0901937 0.0303202 0.0598735
3.44 0.0852234 0.0330278 0.0521956
3.45 0.0800959 0.0356621 0.0444338
3.46 0.0748103 0.0382101 0.0366002
3.47 0.0693665 0.0406591 0.0287074
3.48 0.0637657 0.0429969 0.0207688
3.49 0.0580097 0.0452117 0.012798
3.5 0.0521012 0.047292 0.00480918
3.51 0.0460441 0.049227 -0.00318292
3.52 0.039841 0.0510044 -0.0111634
3.53 0.0334993 0.0526161 -0.0191168
3.54 0.0270261 0.0540538 -0.0270277
3.55 0.0204289 0.0553092 -0.0348803
3.56 0.0137163 0.0563749 -0.0426586
3.57 0.0068974 0.0572441 -0.0503467
3.58 -1.76028e-05 0.0579109 -0.0579285
3.59 -0.00701781 0.0583703 -0.0653881
3.6 -0.0140915 0.0586181 -0.0727096
3.61 -0.0212264 0.058651 -0.0798774
3.62 -0.0284093 0.0584667 -0.086876
3.63 -0.0356266 0.0580637 -0.0936903
3.64 -0.0428641 0.0574415 -0.100306
3.65 -0.0501071 0.0566004 -0.106708
3.66 -0.0573403 0.055542 -0.112882
3.67 -0.0645476 0.054269 -0.118817
3.68 -0.0717133 0.0527844 -0.124498
3.69 -0.0788214 0.0510924 -0.129914
3.7 -0.0858556 0.049198 -0.135054
3.71 -0.0927998 0.0471066 -0.139906
3.72 -0.0996376 0.0448251 -0.144463
3.73 -0.106353 0.0423606 -0.148714
3.74 -0.11293 0.0397212 -0.152651
3.75 -0.119352 0.0369164 -0.156268
3.76 -0.125605 0.0339542 -0.159559
3.77 -0.131673 0.0308455 -0.162519
3.78 -0.137541 0.0276014 -0.165142
3.79 -0.143195 0.0242326 -0.167428
3.8 -0.148622 0.0207504 -0.169372
3.81 -0.153806 0.0171697 -0.170976
3.82 -0.158735 0.0135026 -0.172238
3.83 -0.1634 0.00975936 -0.173159
3.84 -0.167789 0.00595412 -0.173743
3.85 -0.171894 0.00209816 -0.173992
3.86 -0.175704 -0.00179326 -0.173911
3.87 -0.179214 -0.00570987 -0.173504
3.88 -0.182414 -0.00963543 -0.172779
3.89 -0.1853 -0.0135587 -0.171741
3.9 -0.187867 -0.0174667 -0.1704
3.91 -0.190111 -0.0213463 -0.168765
3.92 -0.192029 -0.0251846 -0.166844
3.93 -0.193619 -0.0289692 -0.16465
3.94 -0.194882 -0.0326896 -0.162192
3.95 -0.195817 -0.0363327 -0.159484
3.96 -0.196421 -0.0398828 -0.156538
3.97 -0.196703 -0.0433356 -0.153367
3.98 -0.196665 -0.0466793 -0.149986
3.99 -0.196313 -0.0499054 -0.146408
4 -0.195653 -0.0530055 -0.142648
4.01 -0.194693 -0.0559722 -0.138721
4.02 -0.193439 -0.0587964 -0.134643
4.03 -0.191901 -0.0614724 -0.130429
4.04 -0.190088 -0.0639935 -0.126095
4.05 -0.188011 -0.0663549 -0.121656
4.06 -0.185681 -0.0685518 -0.117129
4.07 -0.18311 -0.0705803 -0.11253
4.08 -0.18031 -0.0724369 -0.107873
4.09 -0.177296 -0.0741211 -0.103175
4.1 -0.174078 -0.0756274 -0.0984506
4.11 -0.170672 -0.0769571 -0.0937149
4.12 -0.167093 -0.0781104 -0.0889826
4.13 -0.163357 -0.079089 -0.084268
4.14 -0.159479 -0.0798943 -0.0795847
4.15 -0.155475 -0.080529 -0.074946
4.16 -0.151359 -0.0809943 -0.0703647
4.17 -0.147147 -0.0812941 -0.0658529
4.18 -0.142854 -0.081432 -0.061422
4.19 -0.138497 -0.081414 -0.057083
4.2 -0.13409 -0.0812442 -0.0528458
4.21 -0.129647 -0.080927 -0.04872
4.22 -0.125184 -0.08047 -0.044714
4.23 -0.120716 -0.0798801 -0.0408359
4.24 -0.116254 -0.0791614 -0.0370926
4.25 -0.111815 -0.0783246 -0.0334904
4.26 -0.10741 -0.0773753 -0.0300347
4.27 -0.103051 -0.0763208 -0.0267302
4.28 -0.0987499 -0.0751692 -0.0235807
4.29 -0.094518 -0.0739289 -0.0205891
4.3 -0.090365 -0.0726073 -0.0177577
4.31 -0.0863004 -0.0712125 -0.0150879
4.32 -0.0823327 -0.0697524 -0.0125803
4.33 -0.0784696 -0.0682349 -0.0102347
4.34 -0.0747182 -0.0666679 -0.00805029
4.35 -0.0710845 -0.065059 -0.00602552
4.36 -0.0675737 -0.0634156 -0.00415812
4.37 -0.0641902 -0.061745 -0.00244519
4.38 -0.0609374 -0.0600542 -0.000883217
4.39 -0.057818 -0.0583499 0.000531876
4.4 -0.0548361 -0.0566408 0.00180471
4.41 -0.0519901 -0.0549305 0.0029404
4.42 -0.0492801 -0.0532246 0.00394449
4.43 -0.0467051 -0.0515281 0.00482296
4.44 -0.0442636 -0.0498457 0.00558214
4.45 -0.0419533 -0.0481819 0.00622865
4.46 -0.0397709 -0.0465403 0.0067694
4.47 -0.0377126 -0.0449241 0.00721151
4.48 -0.0357741 -0.0433364 0.00756227
4.49 -0.0339501 -0.0417792 0.0078291
4.5 -0.0322352 -0.0402547 0.00801949
4.51 -0.0306229 -0.0387639 0.00814095
4.52 -0.0291068 -0.0373078 0.008201
4.53 -0.0276797 -0.0358868 0.00820708
4.54 -0.0263348 -0.0345013 0.00816652
4.55 -0.0250643 -0.0331508 0.00808655
4.56 -0.0238592 -0.0318334 0.00797417
4.57 -0.0227115 -0.0305477 0.00783619
4.58 -0.0216126 -0.0292918 0.00767917
4.59 -0.0205542 -0.0280636 0.00750936
4.6 -0.0195277 -0.0268604 0.00733273
4.61 -0.0185248 -0.0256797 0.0071549
4.62 -0.017537 -0.0245181 0.0069811
4.63 -0.016556 -0.0233722 0.00681621
4.64 -0.015574 -0.0222387 0.00666469
4.65 -0.014583 -0.0211136 0.00653059
4.66 -0.0135755 -0.019993 0.00641752
4.67 -0.0125445 -0.0188732 0.00632867
4.68 -0.0114829 -0.0177497 0.00626677
4.69 -0.010384 -0.0166181 0.00623411
4.7 -0.00924187 -0.0154744 0.00623253
4.71 -0.00805143 -0.0143149 0.00626346
4.72 -0.00680774 -0.0131356 0.00632785
4.73 -0.00550649 -0.0119327 0.00642625
4.74 -0.00414394 -0.0107027 0.00655879
4.75 -0.00271692 -0.00944214 0.00672522
4.76 -0.00122291 -0.00814779 0.00692488
4.77 0.000340002 -0.00681676 0.00715676
4.78 0.00197308 -0.00544644 0.00741952
4.79 0.00367695 -0.00403455 0.0077115
4.8 0.00545161 -0.00257912 0.00803073
4.81 0.0072964 -0.00107861 0.00837501
4.82 0.00921002 0.000468156 0.00874186
4.83 0.0111907 0.00206206 0.00912864
4.84 0.0132368 0.0037043 0.0095325
4.85 0.015344 0.00539355 0.00995045
4.86 0.0175087 0.0071293 0.0103794
4.87 0.0197266 0.00891044 0.0108162
4.88 0.0219928 0.0107353 0.0112575
4.89 0.0243022 0.012602 0.0117002
4.9 0.026649 0.014508 0.012141
4.91 0.029027 0.0164504 0.0125766
4.92 0.0314299 0.0184258 0.0130041
4.93 0.0338506 0.0204304 0.0134202
4.94 0.036282 0.0224597 0.0138223
4.95 0.0387167 0.0245093 0.0142074
4.96 0.0411472 0.0265741 0.0145731
4.97 0.0435655 0.0286485 0.014917
4.98 0.0459635 0.0307265 0.015237
4.99 0.0483329 0.0328018 0.0155311
5 0.050666 0.0348682 0.0157978
5.01 0.0529548 0.0369191 0.0160357
5.02 0.0551912 0.0389476 0.0162436
5.03 0.0573674 0.0409465 0.0164209
5.04 0.0594759 0.0429089 0.016567
5.05 0.0615091 0.0448274 0.0166817
5.06 0.0634598 0.0466944 0.0167654
5.07 0.0653211 0.0485029 0.0168182
5.08 0.0670864 0.0502453 0.0168411
5.09 0.0687493 0.0519141 0.0168352
5.1 0.0703041 0.0535025 0.0168016
5.11 0.0717452 0.055003 0.0167422
5.12 0.0730678 0.0564089 0.0166589
5.13 0.0742652 0.0577115 0.0165537
5.14 0.0753351 0.0589059 0.0164292
5.15 0.0762743 0.0599863 0.016288
5.16 0.0770799 0.060947 0.0161329
5.17 0.0777497 0.0617826 0.0159671
5.18 0.0782817 0.0624881 0.0157936
5.19 0.0786748 0.0630589 0.0156159
5.2 0.0789284 0.0634911 0.0154373
5.21 0.0790425 0.063781 0.0152615
5.22 0.0790176 0.0639257 0.0150919
5.23 0.0788549 0.0639227 0.0149322
5.24 0.078556 0.0637699 0.0147861
5.25 0.0781232 0.0634662 0.014657
5.26 0.0775593 0.0630107 0.0145486
5.27 0.0768671 0.062403 0.0144641
5.28 0.0760494 0.0616424 0.014407
5.29 0.0751122 0.0607318 0.0143804
5.3 0.0740603 0.059673 0.0143873
5.31 0.072899 0.0584685 0.0144305
5.32 0.0716339 0.0571213 0.0145126
5.33 0.0702711 0.0556353 0.0146358
5.34 0.0688167 0.0540145 0.0148022
5.35 0.0672774 0.0522638 0.0150136
5.36 0.0656602 0.0503888 0.0152714
5.37 0.0639721 0.0483953 0.0155768
5.38 0.0622204 0.04629 0.0159304
5.39 0.0604126 0.0440798 0.0163328
5.4 0.0585562 0.0417722 0.016784
5.41 0.0566588 0.0393752 0.0172836
5.42 0.0547279 0.0368968 0.0178311
5.43 0.0527713 0.0343462 0.0184251
5.44 0.050797 0.0317326 0.0190644
5.45 0.0488124 0.0290653 0.0197471
5.46 0.0468248 0.0263539 0.0204709
5.47 0.0448415 0.0236082 0.0212333
5.48 0.0428696 0.0208384 0.0220312
5.49 0.0409157 0.0180543 0.0228614
5.5 0.0389863 0.015266 0.0237203
5.51 0.0370878 0.012484 0.0246038
5.52 0.035226 0.00971832 0.0255077
5.53 0.0334065 0.00697908 0.0264274
5.54 0.0316344 0.00427619 0.0273582
5.55 0.0299146 0.00161959 0.028295
5.56 0.0282514 -0.000981183 0.0292326
5.57 0.0266499 -0.0035156 0.0301655
5.58 0.0251126 -0.0059756 0.0310882
5.59 0.0236426 -0.00835241 0.031995
5.6 0.0222425 -0.0106376 0.0328801
5.61 0.0209143 -0.0128235 0.0337378
5.62 0.0196597 -0.0149024 0.0345621
5.63 0.0184799 -0.0168673 0.0353472
5.64 0.0173756 -0.0187119 0.0360875
5.65 0.016347 -0.0204301 0.0367771
5.66 0.015394 -0.0220165 0.0374105
5.67 0.014516 -0.0234663 0.0379823
5.68 0.0137118 -0.0247754 0.0384872
5.69 0.01298 -0.0259403 0.0389203
5.7 0.0123188 -0.026958 0.0392768
5.71 0.0117262 -0.027826 0.0395522
5.72 0.0112 -0.0285423 0.0397423
5.73 0.0107365 -0.0291068 0.0398433
5.74 0.0103324 -0.0295193 0.0398517
5.75 0.00998403 -0.0297805 0.0397646
5.76 0.00968775 -0.0298913 0.0395791
5.77 0.00943952 -0.0298535 0.039293
5.78 0.00923512 -0.0296696 0.0389047
5.79 0.00907019 -0.0293426 0.0384128
5.8 0.00894023 -0.0288762 0.0378165
5.81 0.00884064 -0.0282747 0.0371153
5.82 0.00876674 -0.0275429 0.0363096
5.83 0.00871384 -0.0266861 0.0353999
5.84 0.0086772 -0.0257103 0.0343875
5.85 0.00865213 -0.0246219 0.033274
5.86 0.00863403 -0.0234276 0.0320616
5.87 0.00861816 -0.0221349 0.030753
5.88 0.00860004 -0.0207514 0.0293514
5.89 0.00857537 -0.0192851 0.0278604
5.9 0.00854001 -0.0177442 0.0262842
5.91 0.00849001 -0.0161373 0.0246273
5.92 0.00842164 -0.0144731 0.0228948
5.93 0.00833139 -0.0127606 0.021092
5.94 0.00821601 -0.0110087 0.0192247
5.95 0.00807254 -0.00922659 0.0172991
5.96 0.00789828 -0.00742347 0.0153218
5.97 0.00769083 -0.00560851 0.0132993
5.98 0.00744814 -0.00379081 0.011239
5.99 0.00716844 -0.00197944 0.00914788
6 0.00685027 -0.00018335 0.00703362
6.01 0.00649189 0.00158807 0.00490382
6.02 0.00609323 0.00332695 0.00276628
6.03 0.00565391 0.00502505 0.000628858
6.04 0.00517387 0.00667438 -0.00150051
6.05 0.0046534 0.00826728 -0.00361388
6.06 0.00409309 0.00979644 -0.00570335
6.07 0.00349389 0.0112549 -0.00776106
6.08 0.00285703 0.0126363 -0.00977926
6.09 0.00218405 0.0139344 -0.0117504
6.1 0.00147677 0.0151437 -0.0136669
6.11 0.000737286 0.0162591 -0.0155218
6.12 -3.20575e-05 0.0172759 -0.0173079
6.13 -0.00082868 0.0181901 -0.0190187
6.14 -0.00164979 0.0189981 -0.0206479
6.15 -0.00249253 0.0196967 -0.0221893
6.16 -0.00335371 0.0202837 -0.0236374
6.17 -0.00422977 0.0207572 -0.024987
6.18 -0.00511728 0.021116 -0.0262333
6.19 -0.00601268 0.0213594 -0.0273721
6.2 -0.00691237 0.021487 -0.0283994
6.21 -0.00781268 0.0214993 -0.029312
6.22 -0.0087099 0.0213971 -0.030107
6.23 -0.00960035 0.0211819 -0.0307822
6.24 -0.0104804 0.0208554 -0.0313358
6.25 -0.0113463 0.0204203 -0.0317666
6.26 -0.0121947 0.0198792 -0.0320739
6.27 -0.013022 0.0192357 -0.0322577
6.28 -0.0138249 0.0184934 -0.0323183
6.29 -0.0146002 0.0176566 -0.0322568
6.3 -0.0153444 0.0167304 -0.0320748
6.31 -0.016055 0.0157193 -0.0317743
6.32 -0.0167294 0.0146284 -0.0313578
6.33 -0.0173652 0.0134634 -0.0308286
6.34 -0.0179601 0.0122301 -0.0301902
6.35 -0.0185124 0.0109343 -0.0294467
6.36 -0.0190202 0.00958237 -0.0286026
6.37 -0.0194822 0.00818057 -0.0276628
6.38 -0.0198972 0.00673545 -0.0266326
6.39 -0.0202643 0.00525361 -0.0255179
6.4 -0.0205831 0.0037415 -0.0243246
6.41 -0.020853 0.00220609 -0.0230591
6.42 -0.0210743 0.000653712 -0.021728
6.43 -0.0212472 -0.000908963 -0.0203382
6.44 -0.021372 -0.00247515 -0.0188969
6.45 -0.0214491 -0.00403799 -0.0174111
6.46 -0.0214804 -0.00559201 -0.0158884
6.47 -0.0214672 -0.00713101 -0.0143362
6.48 -0.0214113 -0.00864927 -0.012762
6.49 -0.0213145 -0.010141 -0.0111735
6.5 -0.0211789 -0.0116008 -0.00957809
6.51 -0.0210069 -0.0130236 -0.00798334
6.52 -0.020801 -0.0144044 -0.00639662
6.53 -0.0205639 -0.0157387 -0.0048252
6.54 -0.0202985 -0.0170223 -0.00327619
6.55 -0.0200079 -0.0182514 -0.0017565
6.56 -0.019695 -0.0194222 -0.000272788
6.57 -0.0193632 -0.0205317 0.00116851
6.58 -0.0190159 -0.0215772 0.00256129
6.59 -0.0186561 -0.0225558 0.00389973
6.6 -0.0182876 -0.023466 0.00517837
6.61 -0.0179137 -0.0243058 0.00639214
6.62 -0.0175378 -0.0250741 0.00753632
6.63 -0.0171634 -0.02577 0.00860664
6.64 -0.0167937 -0.0263929 0.00959924
6.65 -0.0164319 -0.0269426 0.0105107
6.66 -0.0160812 -0.0274193 0.0113381
6.67 -0.0157444 -0.0278233 0.0120789
6.68 -0.0154245 -0.0281556 0.0127311
6.69 -0.0151242 -0.0284173 0.0132931
6.7 -0.0148458 -0.0286098 0.013764
6.71 -0.0145917 -0.0287349 0.0141432
6.72 -0.014364 -0.0287944 0.0144304
6.73 -0.0141646 -0.0287908 0.0146262
6.74 -0.0139955 -0.0287269 0.0147314
6.75 -0.0138577 -0.028605 0.0147473
6.76 -0.0137523 -0.0284278 0.0146755
6.77 -0.01368 -0.0281984 0.0145184
6.78 -0.0136414 -0.0279198 0.0142784
6.79 -0.0136368 -0.0275954 0.0139586
6.8 -0.013666 -0.0272283 0.0135623
6.81 -0.0137289 -0.026822 0.0130931
6.82 -0.0138248 -0.02638 0.0125552
6.83 -0.0139528 -0.0259056 0.0119528
6.84 -0.0141119 -0.0254024 0.0112905
6.85 -0.0143005 -0.0248736 0.0105731
6.86 -0.0145171 -0.0243229 0.00980581
6.87 -0.0147597 -0.0237534 0.00899372
6.88 -0.0150262 -0.0231685 0.00814225
6.89 -0.0153144 -0.0225713 0.00725692
6.9 -0.0156213 -0.0219646 0.00634333
6.91 -0.0159442 -0.0213513 0.00540714
6.92 -0.0162801 -0.0207341 0.00445404
6.93 -0.0166257 -0.0201154 0.00348971
6.94 -0.0169779 -0.0194977 0.00251981
6.95 -0.0173333 -0.0188832 0.00154993
6.96 -0.0176883 -0.0182739 0.000585552
6.97 -0.0180394 -0.0176715 -0.000367948
6.98 -0.0183829 -0.0170775 -0.00130535
6.99 -0.0187153 -0.0164937 -0.00222162
7 -0.0190327 -0.0159208 -0.00311191
7.01 -0.0193316 -0.01536 -0.00397162
7.02 -0.0196084 -0.014812 -0.00479637
7.03 -0.0198592 -0.0142771 -0.00558207
7.04 -0.0200805 -0.0137556 -0.00632492
7.05 -0.0202692 -0.0132478 -0.00702141
7.06 -0.020422 -0.0127536 -0.00766835
7.07 -0.0205359 -0.012273 -0.00826291
7.08 -0.0206079 -0.0118053 -0.00880256
7.09 -0.0206355 -0.0113503 -0.00928516
7.1 -0.020616 -0.0109071 -0.00970891
7.11 -0.0205472 -0.0104748 -0.0100724
7.12 -0.0204271 -0.0100526 -0.0103745
7.13 -0.0202539 -0.00963935 -0.0106146
7.14 -0.0200261 -0.00923387 -0.0107922
7.15 -0.0197426 -0.00883504 -0.0109076
7.16 -0.0194022 -0.00844129 -0.0109609
7.17 -0.0190045 -0.00805148 -0.010953
7.18 -0.0185481 -0.00766316 -0.0108849
7.19 -0.0180339 -0.00727582 -0.0107581
7.2 -0.0174624 -0.00688826 -0.0105741
7.21 -0.0168342 -0.00649906 -0.0103351
7.22 -0.0161502 -0.00610686 -0.0100433
7.23 -0.0154117 -0.00571038 -0.00970132
7.24 -0.0146203 -0.00530844 -0.00931186
7.25 -0.0137778 -0.0048998 -0.008878
7.26 -0.0128864 -0.00448344 -0.00840296
7.27 -0.0119485 -0.00405835 -0.00789015
7.28 -0.010967 -0.00362385 -0.00734315
7.29 -0.00994462 -0.00317895 -0.00676567
7.3 -0.00888474 -0.00272323 -0.00616151
7.31 -0.00779077 -0.00225616 -0.00553461
7.32 -0.0066662 -0.00177728 -0.00488892
7.33 -0.00551485 -0.00128639 -0.00422846
7.34 -0.00434111 -0.00078385 -0.00355726
7.35 -0.00314916 -0.000269814 -0.00287935
7.36 -0.00194331 0.000255393 -0.0021987
7.37 -0.000727968 0.0007913 -0.00151927
7.38 0.000492366 0.00133726 -0.000844897
7.39 0.00171314 0.00189249 -0.000179351
7.4 0.00292977 0.00245604 0.000473732
7.41 0.00413765 0.0030268 0.00111085
7.42 0.00533222 0.00360356 0.00172866
7.43 0.00650894 0.00418495 0.00232399
7.44 0.00766332 0.00476945 0.00289387
7.45 0.00879099 0.00535547 0.00343552
7.46 0.00988768 0.00594129 0.00394639
7.47 0.0109487 0.00652455 0.00442415
7.48 0.0119703 0.00710357 0.00486673
7.49 0.012949 0.00767672 0.00527228
7.5 0.013881 0.00824178 0.00563922
7.51 0.014763 0.00879675 0.00596625
7.52 0.015592 0.0093397 0.0062523
7.53 0.0163651 0.00986852 0.00649658
7.54 0.0170796 0.010381 0.00669858
7.55 0.0177333 0.0108753 0.00685805
7.56 0.0183242 0.0113492 0.00697498
7.57 0.0188506 0.011801 0.00704964
7.58 0.0193111 0.0122285 0.00708256
7.59 0.0197048 0.0126303 0.00707448
7.6 0.0200308 0.0130044 0.00702641
7.61 0.0202887 0.0133491 0.00693957
7.62 0.0204775 0.0136621 0.00681539
7.63 0.0205986 0.0139431 0.00665551
7.64 0.0206527 0.014191 0.00646175
7.65 0.0206408 0.0144047 0.00623611
7.66 0.0205643 0.0145835 0.00598075
7.67 0.0204247 0.0147267 0.00569797
7.68 0.020224 0.0148338 0.00539018
7.69 0.0199646 0.0149047 0.00505991
7.7 0.0196489 0.0149391 0.00470978
7.71 0.0192798 0.0149373 0.00434249
7.72 0.0188604 0.0148996 0.00396077
7.73 0.0183939 0.0148265 0.00356742
7.74 0.0178839 0.0147187 0.00316521
7.75 0.0173342 0.0145772 0.00275695
7.76 0.0167483 0.0144029 0.00234542
7.77 0.0161306 0.0141973 0.00193335
7.78 0.0154855 0.0139621 0.00152343
7.79 0.0148173 0.013699 0.00111829
7.8 0.0141306 0.0134101 0.000720452
7.81 0.0134297 0.0130973 0.000332355
7.82 0.0127193 0.012763 -4.36833e-05
7.83 0.0120038 0.0124093 -0.000405467
7.84 0.0112877 0.0120386 -0.000750942
7.85 0.0105755 0.0116537 -0.0010782
7.86 0.00987166 0.0112572 -0.0013855
7.87 0.00918046 0.0108517 -0.00167126
7.88 0.00850612 0.0104402 -0.00193408
7.89 0.0078527 0.0100254 -0.00217274
7.9 0.00722411 0.00961031 -0.0023862
7.91 0.00662457 0.00919819 -0.00257362
7.92 0.00605732 0.00879168 -0.00273436
7.93 0.00552556 0.0083935 -0.00286794
7.94 0.00503232 0.00800644 -0.00297412
7.95 0.0045804 0.00763322 -0.00305282
7.96 0.00417228 0.00727644 -0.00310416
7.97 0.00381019 0.00693863 -0.00312844
7.98 0.00349604 0.0066222 -0.00312616
7.99 0.00323142 0.00632938 -0.00309796
8 0.00301762 0.00606229 -0.00304467
