# Generated on Sun Sep  5 13:28:57 2021 by yr2369.
# This file was created by PDFgui.
#S 1
#L r  Gtrunc  Gdiff  Gcalc
1.79 -0.175439 -0.050778 -0.124661
1.8 -0.178969 -0.0451452 -0.133824
1.81 -0.182819 -0.0397346 -0.143084
1.82 -0.186974 -0.03456 -0.152414
1.83 -0.191416 -0.0296333 -0.161783
1.84 -0.196122 -0.0249625 -0.171159
1.85 -0.20107 -0.0205575 -0.180512
1.86 -0.206234 -0.0164247 -0.189809
1.87 -0.211587 -0.0125704 -0.199017
1.88 -0.217099 -0.00899816 -0.208101
1.89 -0.222738 -0.00571005 -0.217028
1.9 -0.228471 -0.00270734 -0.225764
1.91 -0.234264 9.60327e-06 -0.234274
1.92 -0.240079 0.00244446 -0.242523
1.93 -0.245878 0.00460107 -0.250479
1.94 -0.251623 0.00648361 -0.258107
1.95 -0.257274 0.00809871 -0.265373
1.96 -0.262792 0.0094526 -0.272245
1.97 -0.268136 0.0105543 -0.27869
1.98 -0.273265 0.0114135 -0.284679
1.99 -0.278139 0.0120403 -0.290179
2 -0.282718 0.0124456 -0.295164
2.01 -0.286961 0.0126427 -0.299604
2.02 -0.290829 0.0126443 -0.303473
2.03 -0.294284 0.0124636 -0.306748
2.04 -0.297288 0.0121157 -0.309404
2.05 -0.299803 0.0116169 -0.31142
2.06 -0.301788 0.010989 -0.312777
2.07 -0.303216 0.0102413 -0.313457
2.08 -0.304057 0.0093883 -0.313445
2.09 -0.304282 0.00844565 -0.312728
2.1 -0.303863 0.00743017 -0.311293
2.11 -0.302776 0.00635694 -0.309133
2.12 -0.300999 0.00524138 -0.30624
2.13 -0.298512 0.00409926 -0.302611
2.14 -0.295299 0.00294475 -0.298244
2.15 -0.291346 0.00179247 -0.293138
2.16 -0.286642 0.000656478 -0.287298
2.17 -0.281179 -0.000449725 -0.280729
2.18 -0.274953 -0.00151418 -0.273439
2.19 -0.267962 -0.00252448 -0.265438
2.2 -0.260201 -0.00346283 -0.256738
2.21 -0.251675 -0.00431905 -0.247356
2.22 -0.2424 -0.00509161 -0.237308
2.23 -0.232386 -0.00577071 -0.226615
2.24 -0.22165 -0.00635136 -0.215299
2.25 -0.210208 -0.00682538 -0.203383
2.26 -0.198082 -0.00718857 -0.190893
2.27 -0.185297 -0.00743775 -0.177859
2.28 -0.171878 -0.00756787 -0.16431
2.29 -0.157856 -0.00757811 -0.150278
2.3 -0.143264 -0.00746802 -0.135796
2.31 -0.128136 -0.00723662 -0.120899
2.32 -0.112511 -0.00688654 -0.105624
2.33 -0.0964268 -0.00641793 -0.0900089
2.34 -0.0799269 -0.00583554 -0.0740914
2.35 -0.0630495 -0.00513784 -0.0579117
2.36 -0.0458463 -0.00433595 -0.0415103
2.37 -0.0283655 -0.00343684 -0.0249287
2.38 -0.0106554 -0.00244705 -0.00820835
2.39 0.00723415 -0.00137429 0.00860844
2.4 0.0252528 -0.000226568 0.0254794
2.41 0.0433493 0.000987251 0.042362
2.42 0.061472 0.00225781 0.0592142
2.43 0.0795692 0.00357542 0.0759938
2.44 0.0975889 0.00492969 0.0926592
2.45 0.11548 0.00631056 0.109169
2.46 0.13319 0.00770584 0.125484
2.47 0.15067 0.00910606 0.141564
2.48 0.16787 0.0104997 0.15737
2.49 0.18474 0.011874 0.172866
2.5 0.201227 0.0132119 0.188015
2.51 0.217292 0.0145092 0.202783
2.52 0.232891 0.0157548 0.217136
2.53 0.247981 0.0169372 0.231044
2.54 0.262523 0.0180472 0.244476
2.55 0.276479 0.0190746 0.257404
2.56 0.289815 0.0200114 0.269804
2.57 0.302498 0.0208485 0.281649
2.58 0.314499 0.0215789 0.29292
2.59 0.325789 0.0221933 0.303596
2.6 0.336345 0.0226863 0.313659
2.61 0.346146 0.0230523 0.323094
2.62 0.355174 0.0232864 0.331888
2.63 0.363413 0.0233836 0.340029
2.64 0.370843 0.0233323 0.347511
2.65 0.377457 0.0231319 0.354325
2.66 0.383257 0.0227885 0.360468
2.67 0.388239 0.0222999 0.365939
2.68 0.392405 0.0216677 0.370737
2.69 0.395759 0.0208932 0.374866
2.7 0.398306 0.0199768 0.378329
2.71 0.400058 0.0189238 0.381134
2.72 0.401027 0.0177373 0.38329
2.73 0.401228 0.0164215 0.384806
2.74 0.40068 0.0149831 0.385697
2.75 0.399403 0.0134276 0.385975
2.76 0.397421 0.011763 0.385658
2.77 0.394758 0.00999589 0.384762
2.78 0.391443 0.00813618 0.383307
2.79 0.387493 0.00618058 0.381312
2.8 0.382953 0.00415251 0.3788
2.81 0.377855 0.00206132 0.375794
2.82 0.372233 -8.2625e-05 0.372316
2.83 0.366124 -0.00226681 0.368391
2.84 0.359563 -0.00448144 0.364044
2.85 0.352588 -0.00671432 0.359302
2.86 0.345236 -0.00895471 0.354191
2.87 0.337548 -0.0111882 0.348736
2.88 0.32956 -0.0134055 0.342966
2.89 0.321313 -0.0155927 0.336906
2.9 0.312843 -0.0177403 0.330583
2.91 0.304191 -0.0198341 0.324025
2.92 0.295393 -0.0218645 0.317257
2.93 0.286485 -0.0238212 0.310306
2.94 0.277506 -0.0256908 0.303197
2.95 0.26849 -0.0274638 0.295954
2.96 0.259472 -0.0291295 0.288601
2.97 0.250483 -0.0306799 0.281163
2.98 0.241556 -0.0321042 0.27366
2.99 0.232719 -0.0333958 0.266115
3 0.223999 -0.0345478 0.258547
3.01 0.215423 -0.0355522 0.250975
3.02 0.207013 -0.0364048 0.243418
3.03 0.198792 -0.0370991 0.235891
3.04 0.190779 -0.0376314 0.22841
3.05 0.182991 -0.0379985 0.22099
3.06 0.175444 -0.038197 0.213641
3.07 0.168149 -0.038227 0.206376
3.08 0.161123 -0.0380811 0.199204
3.09 0.15437 -0.0377637 0.192134
3.1 0.147896 -0.0372756 0.185172
3.11 0.141704 -0.0366194 0.178323
3.12 0.135795 -0.0357981 0.171593
3.13 0.130169 -0.0348146 0.164984
3.14 0.124824 -0.0336723 0.158496
3.15 0.119753 -0.0323784 0.152131
3.16 0.114952 -0.030936 0.145888
3.17 0.11041 -0.0293539 0.139764
3.18 0.106118 -0.0276378 0.133756
3.19 0.102064 -0.0257955 0.12786
3.2 0.0982343 -0.0238355 0.12207
3.21 0.0946134 -0.0217671 0.11638
3.22 0.0911858 -0.019599 0.110785
3.23 0.0879364 -0.0173387 0.105275
3.24 0.0848434 -0.0149997 0.0998431
3.25 0.0818878 -0.0125924 0.0944802
3.26 0.0790495 -0.0101278 0.0891773
3.27 0.076308 -0.00761668 0.0839247
3.28 0.0736426 -0.00507019 0.0787128
3.29 0.0710321 -0.00249962 0.0735317
3.3 0.0684553 8.37614e-05 0.0683715
3.31 0.0658912 0.0026688 0.0632224
3.32 0.063319 0.00524443 0.0580746
3.33 0.060718 0.00779943 0.0529186
3.34 0.0580683 0.0103231 0.0477452
3.35 0.0553505 0.0128047 0.0425458
3.36 0.0525461 0.015234 0.0373121
3.37 0.0496364 0.0176001 0.0320363
3.38 0.0466041 0.0198927 0.0267114
3.39 0.0434348 0.0221036 0.0213312
3.4 0.0401142 0.0242242 0.01589
3.41 0.0366294 0.0262461 0.0103833
3.42 0.0329691 0.028162 0.00480706
3.43 0.0291232 0.0299646 -0.000841447
3.44 0.0250833 0.0316475 -0.00656415
3.45 0.0208425 0.0332044 -0.0123619
3.46 0.0163958 0.0346304 -0.0182346
3.47 0.0117395 0.0359205 -0.024181
3.48 0.00687203 0.0370709 -0.0301988
3.49 0.00179317 0.0380778 -0.0362847
3.5 -0.0034954 0.0389387 -0.0424341
3.51 -0.00899032 0.0396513 -0.0486417
3.52 -0.0146895 0.0402112 -0.0549007
3.53 -0.0205836 0.0406202 -0.0612038
3.54 -0.0266637 0.0408785 -0.0675422
3.55 -0.0329197 0.0409867 -0.0739064
3.56 -0.0393402 0.0409457 -0.0802859
3.57 -0.0459123 0.0407571 -0.0866694
3.58 -0.0526219 0.0404229 -0.0930448
3.59 -0.0594534 0.0399456 -0.099399
3.6 -0.0663901 0.0393284 -0.105718
3.61 -0.0734143 0.0385747 -0.111989
3.62 -0.0805072 0.0376885 -0.118196
3.63 -0.0876494 0.0366739 -0.124323
3.64 -0.0948205 0.0355356 -0.130356
3.65 -0.102 0.0342781 -0.136278
3.66 -0.109165 0.0329081 -0.142073
3.67 -0.116294 0.0314307 -0.147725
3.68 -0.123365 0.0298515 -0.153216
3.69 -0.130355 0.0281771 -0.158532
3.7 -0.137243 0.0264121 -0.163655
3.71 -0.144006 0.0245637 -0.16857
3.72 -0.150623 0.022637 -0.17326
3.73 -0.157071 0.0206396 -0.177711
3.74 -0.16333 0.0185768 -0.181907
3.75 -0.169381 0.0164532 -0.185834
3.76 -0.175202 0.0142771 -0.189479
3.77 -0.180775 0.0120536 -0.192829
3.78 -0.186083 0.00978759 -0.195871
3.79 -0.191109 0.00748482 -0.198594
3.8 -0.195836 0.00515196 -0.200988
3.81 -0.200247 0.00279668 -0.203044
3.82 -0.204329 0.000423719 -0.204753
3.83 -0.208073 -0.00196507 -0.206108
3.84 -0.211468 -0.00436468 -0.207103
3.85 -0.214505 -0.00677092 -0.207734
3.86 -0.217176 -0.00917936 -0.207997
3.87 -0.219475 -0.0115863 -0.207889
3.88 -0.221398 -0.0139888 -0.207409
3.89 -0.222942 -0.0163835 -0.206558
3.9 -0.224105 -0.018767 -0.205338
3.91 -0.224887 -0.0211363 -0.203751
3.92 -0.22529 -0.0234892 -0.201801
3.93 -0.225316 -0.0258224 -0.199494
3.94 -0.224971 -0.0281351 -0.196836
3.95 -0.22426 -0.0304243 -0.193836
3.96 -0.223185 -0.0326827 -0.190502
3.97 -0.22176 -0.0349142 -0.186846
3.98 -0.219995 -0.0371171 -0.182878
3.99 -0.217903 -0.0392918 -0.178611
4 -0.215494 -0.0414348 -0.174059
4.01 -0.212783 -0.0435465 -0.169237
4.02 -0.209784 -0.0456253 -0.164159
4.03 -0.206511 -0.0476689 -0.158842
4.04 -0.202982 -0.0496781 -0.153304
4.05 -0.199212 -0.0516502 -0.147562
4.06 -0.195219 -0.0535848 -0.141634
4.07 -0.19102 -0.0554798 -0.13554
4.08 -0.186634 -0.0573348 -0.129299
4.09 -0.182079 -0.059148 -0.122931
4.1 -0.177373 -0.0609175 -0.116456
4.11 -0.172533 -0.0626398 -0.109893
4.12 -0.167581 -0.0643167 -0.103264
4.13 -0.162534 -0.0659448 -0.0965892
4.14 -0.157411 -0.0675228 -0.0898882
4.15 -0.15223 -0.0690485 -0.0831815
4.16 -0.147008 -0.070519 -0.076489
4.17 -0.141762 -0.0719318 -0.0698302
4.18 -0.136509 -0.0732847 -0.0632243
4.19 -0.131263 -0.0745731 -0.0566899
4.2 -0.126041 -0.0757958 -0.0502452
4.21 -0.120855 -0.0769473 -0.0439077
4.22 -0.11572 -0.0780261 -0.0376939
4.23 -0.110648 -0.079028 -0.03162
4.24 -0.105649 -0.0799478 -0.0257012
4.25 -0.100737 -0.0807855 -0.0199515
4.26 -0.095919 -0.0815346 -0.0143844
4.27 -0.0912036 -0.0821914 -0.00901222
4.28 -0.0865977 -0.0827515 -0.00384623
4.29 -0.0821073 -0.0832106 0.00110332
4.3 -0.0777376 -0.0835649 0.00582727
4.31 -0.0734923 -0.0838099 0.0103176
4.32 -0.0693742 -0.0839415 0.0145673
4.33 -0.0653852 -0.0839559 0.0185707
4.34 -0.0615257 -0.0838489 0.0223232
4.35 -0.0577956 -0.0836168 0.0258212
4.36 -0.0541936 -0.0832561 0.0290625
4.37 -0.0507175 -0.0827633 0.0320458
4.38 -0.0473641 -0.0821351 0.034771
4.39 -0.0441297 -0.0813689 0.0372392
4.4 -0.0410113 -0.0804637 0.0394524
4.41 -0.0380016 -0.0794154 0.0414138
4.42 -0.0350943 -0.0782217 0.0431274
4.43 -0.0322829 -0.0768811 0.0445982
4.44 -0.0295603 -0.0753926 0.0458323
4.45 -0.0269188 -0.0737552 0.0468364
4.46 -0.0243508 -0.0719691 0.0476183
4.47 -0.0218479 -0.070034 0.0481861
4.48 -0.019402 -0.0679511 0.0485491
4.49 -0.0170045 -0.0657214 0.0487169
4.5 -0.014647 -0.0633468 0.0486998
4.51 -0.0123211 -0.0608296 0.0485085
4.52 -0.0100186 -0.0581727 0.0481541
4.53 -0.00773119 -0.0553795 0.0476484
4.54 -0.0054512 -0.0524542 0.047003
4.55 -0.00317093 -0.0494009 0.04623
4.56 -0.000883237 -0.046225 0.0453417
4.57 0.00141847 -0.0429319 0.0443504
4.58 0.00374026 -0.0395281 0.0432684
4.59 0.00608761 -0.0360203 0.042108
4.6 0.00846539 -0.0324159 0.0408813
4.61 0.0108778 -0.0287225 0.0396003
4.62 0.0133283 -0.0249486 0.0382769
4.63 0.0158197 -0.0211028 0.0369225
4.64 0.0183539 -0.0171943 0.0355482
4.65 0.0209323 -0.0132324 0.0341647
4.66 0.0235551 -0.0092273 0.0327824
4.67 0.026222 -0.00518902 0.031411
4.68 0.0289319 -0.00112795 0.0300599
4.69 0.0316832 0.0029456 0.0287376
4.7 0.0344727 0.00702034 0.0274524
4.71 0.0372966 0.011085 0.0262116
4.72 0.0401506 0.0151284 0.0250222
4.73 0.0430296 0.0191393 0.0238903
4.74 0.0459278 0.0231065 0.0228213
4.75 0.0488389 0.0270189 0.02182
4.76 0.0517558 0.0308652 0.0208906
4.77 0.0546709 0.0346346 0.0200363
4.78 0.0575761 0.0383162 0.0192599
4.79 0.060463 0.0418997 0.0185633
4.8 0.0633225 0.0453746 0.0179479
4.81 0.0661454 0.0487312 0.0174142
4.82 0.0689222 0.0519599 0.0169623
4.83 0.0716429 0.0550514 0.0165915
4.84 0.0742967 0.0579962 0.0163005
4.85 0.0768743 0.0607867 0.0160876
4.86 0.079366 0.0634155 0.0159505
4.87 0.0817618 0.0658757 0.0158861
4.88 0.0840521 0.0681608 0.0158913
4.89 0.0862273 0.070265 0.0159623
4.9 0.0882784 0.0721834 0.016095
4.91 0.0901963 0.0739114 0.0162849
4.92 0.0919728 0.0754456 0.0165272
4.93 0.0935998 0.0767828 0.016817
4.94 0.09507 0.0779211 0.0171489
4.95 0.0963765 0.0788588 0.0175177
4.96 0.0975131 0.0795952 0.0179179
4.97 0.0984744 0.0801307 0.0183437
4.98 0.0992539 0.0804641 0.0187898
4.99 0.0998475 0.0805969 0.0192506
5 0.100254 0.0805336 0.0197204
5.01 0.10047 0.0802759 0.0201941
5.02 0.100496 0.0798297 0.0206663
5.03 0.10033 0.0791981 0.0211319
5.04 0.0999721 0.0783859 0.0215862
5.05 0.0994244 0.0773998 0.0220246
5.06 0.0986886 0.0762457 0.0224429
5.07 0.0977677 0.0749307 0.022837
5.08 0.0966656 0.0734623 0.0232033
5.09 0.095387 0.0718483 0.0235387
5.1 0.0939374 0.0700972 0.0238402
5.11 0.0923232 0.0682178 0.0241054
5.12 0.0905515 0.0662193 0.0243322
5.13 0.0886279 0.0641089 0.024519
5.14 0.0865633 0.0618987 0.0246646
5.15 0.0843672 0.059599 0.0247682
5.16 0.0820494 0.0572198 0.0248296
5.17 0.0796205 0.0547718 0.0248487
5.18 0.0770911 0.0522649 0.0248262
5.19 0.0744726 0.0497096 0.024763
5.2 0.0717767 0.0471164 0.0246603
5.21 0.0690152 0.0444954 0.0245198
5.22 0.0662002 0.0418564 0.0243438
5.23 0.0633442 0.0392098 0.0241344
5.24 0.0604593 0.0365648 0.0238945
5.25 0.0575581 0.033931 0.0236271
5.26 0.0546529 0.0313176 0.0233353
5.27 0.0517559 0.0287331 0.0230228
5.28 0.0488795 0.0261864 0.0226931
5.29 0.0460355 0.0236854 0.0223501
5.3 0.0432351 0.0212373 0.0219978
5.31 0.0404893 0.0188491 0.0216402
5.32 0.0378086 0.0165271 0.0212815
5.33 0.035203 0.0142772 0.0209258
5.34 0.0326818 0.0121046 0.0205772
5.35 0.0302539 0.0100142 0.0202397
5.36 0.0279272 0.00800989 0.0199173
5.37 0.0257092 0.00609532 0.0196139
5.38 0.0236064 0.00427331 0.0193331
5.39 0.0216246 0.0025462 0.0190784
5.4 0.0197688 0.000915716 0.0188531
5.41 0.0180432 -0.00061693 0.0186601
5.42 0.0164524 -0.00204986 0.0185023
5.43 0.0149985 -0.00338336 0.0183819
5.44 0.0136818 -0.00461923 0.018301
5.45 0.0125028 -0.00575866 0.0182615
5.46 0.0114614 -0.00680309 0.0182645
5.47 0.0105562 -0.00775487 0.0183111
5.48 0.00978516 -0.00861659 0.0184018
5.49 0.00914539 -0.00939126 0.0185366
5.5 0.00863313 -0.0100823 0.0187155
5.51 0.00824387 -0.0106936 0.0189375
5.52 0.00797233 -0.0112292 0.0192016
5.53 0.00781255 -0.0116936 0.0195061
5.54 0.00775786 -0.0120913 0.0198491
5.55 0.00780101 -0.0124272 0.0202282
5.56 0.00793416 -0.0127064 0.0206406
5.57 0.00815024 -0.0129327 0.021083
5.58 0.00843888 -0.013113 0.0215518
5.59 0.00879081 -0.0132525 0.0220433
5.6 0.0091965 -0.0133565 0.022553
5.61 0.00964615 -0.0134303 0.0230765
5.62 0.0101298 -0.0134791 0.0236089
5.63 0.0106373 -0.0135079 0.0241452
5.64 0.0111584 -0.0135216 0.02468
5.65 0.0116832 -0.0135247 0.0252079
5.66 0.0122013 -0.013522 0.0257233
5.67 0.012703 -0.0135174 0.0262204
5.68 0.0131785 -0.013515 0.0266935
5.69 0.0136183 -0.0135183 0.0271366
5.7 0.0140134 -0.0135307 0.0275441
5.71 0.0143546 -0.0135554 0.02791
5.72 0.0146332 -0.0135956 0.0282288
5.73 0.014842 -0.0136528 0.0284948
5.74 0.0149739 -0.0137288 0.0287027
5.75 0.0150225 -0.0138246 0.0288471
5.76 0.0149817 -0.0139416 0.0289233
5.77 0.0148466 -0.0140798 0.0289264
5.78 0.0146124 -0.0142398 0.0288522
5.79 0.0142757 -0.0144208 0.0286965
5.8 0.0138334 -0.0146224 0.0284558
5.81 0.0132834 -0.0148434 0.0281268
5.82 0.0126245 -0.0150821 0.0277066
5.83 0.0118561 -0.015337 0.0271931
5.84 0.0109785 -0.0156057 0.0265842
5.85 0.00999294 -0.0158858 0.0258787
5.86 0.00890004 -0.0161757 0.0250758
5.87 0.00770344 -0.0164716 0.024175
5.88 0.00640732 -0.0167695 0.0231768
5.89 0.00501604 -0.0170658 0.0220818
5.9 0.00353469 -0.0173568 0.0208915
5.91 0.00196905 -0.0176387 0.0196078
5.92 0.000325568 -0.0179075 0.0182331
5.93 -0.0013887 -0.0181592 0.0167705
5.94 -0.00316611 -0.0183896 0.0152235
5.95 -0.00499852 -0.0185949 0.0135963
5.96 -0.00687729 -0.0187708 0.0118935
5.97 -0.00879337 -0.0189136 0.0101203
5.98 -0.0107374 -0.0190195 0.0082821
5.99 -0.0126996 -0.0190847 0.00638507
6 -0.0146701 -0.0191058 0.00443567
6.01 -0.0166386 -0.0190793 0.00244074
6.02 -0.0185947 -0.0190022 0.000407509
6.03 -0.0205282 -0.0188717 -0.00165647
6.04 -0.0224288 -0.0186854 -0.00374338
6.05 -0.0242866 -0.0184415 -0.00584512
6.06 -0.0260914 -0.018138 -0.0079534
6.07 -0.0278336 -0.0177738 -0.0100598
6.08 -0.0295039 -0.0173482 -0.0121557
6.09 -0.0310931 -0.0168607 -0.0142324
6.1 -0.0325926 -0.0163113 -0.0162813
6.11 -0.0339941 -0.0157004 -0.0182937
6.12 -0.0352901 -0.0150292 -0.0202609
6.13 -0.0364734 -0.0142989 -0.0221745
6.14 -0.0375376 -0.0135114 -0.0240262
6.15 -0.0384759 -0.0126683 -0.0258076
6.16 -0.0392826 -0.0117716 -0.027511
6.17 -0.0399547 -0.010826 -0.0291287
6.18 -0.0404887 -0.00983528 -0.0306534
6.19 -0.0408819 -0.00880375 -0.0320782
6.2 -0.0411321 -0.00773571 -0.0333964
6.21 -0.0412384 -0.00663636 -0.034602
6.22 -0.0412003 -0.0055108 -0.0356895
6.23 -0.0410185 -0.00436485 -0.0366537
6.24 -0.0406943 -0.00320437 -0.0374899
6.25 -0.0402299 -0.00203556 -0.0381943
6.26 -0.0396283 -0.000864855 -0.0387634
6.27 -0.0388934 0.000301049 -0.0391944
6.28 -0.0380297 0.00145547 -0.0394852
6.29 -0.0370426 0.00259146 -0.0396341
6.3 -0.0359367 0.00370352 -0.0396402
6.31 -0.03472 0.00478343 -0.0395034
6.32 -0.0334006 0.00582351 -0.0392241
6.33 -0.0319864 0.00681693 -0.0388033
6.34 -0.0304862 0.00775665 -0.0382428
6.35 -0.0289089 0.00863615 -0.0375451
6.36 -0.0272643 0.00944868 -0.036713
6.37 -0.0255621 0.0101882 -0.0357503
6.38 -0.0238127 0.0108485 -0.0346612
6.39 -0.0220267 0.011424 -0.0334507
6.4 -0.0202147 0.0119093 -0.032124
6.41 -0.0183877 0.0122996 -0.0306873
6.42 -0.0165567 0.0125901 -0.0291468
6.43 -0.0147325 0.0127772 -0.0275097
6.44 -0.0129263 0.0128569 -0.0257832
6.45 -0.0111492 0.012826 -0.0239752
6.46 -0.00941178 0.012682 -0.0220937
6.47 -0.00772419 0.0124232 -0.0201474
6.48 -0.00609645 0.0120484 -0.0181449
6.49 -0.00453815 0.011557 -0.0160952
6.5 -0.00305846 0.010949 -0.0140075
6.51 -0.00166604 0.0102251 -0.0118912
6.52 -0.00036898 0.00938665 -0.00975563
6.53 0.000825209 0.00843554 -0.00761033
6.54 0.00190967 0.00737444 -0.00546477
6.55 0.00287825 0.00620664 -0.00332839
6.56 0.00372549 0.00493602 -0.00121053
6.57 0.00444673 0.00356714 0.000879589
6.58 0.00503808 0.00210513 0.00293295
6.59 0.00549513 0.000554376 0.00494075
6.6 0.00581579 -0.00107868 0.00689447
6.61 0.00599985 -0.00278605 0.0087859
6.62 0.00604682 -0.00456035 0.0106072
6.63 0.00595709 -0.00639373 0.0123508
6.64 0.00573188 -0.00827792 0.0140098
6.65 0.00537329 -0.0102042 0.0155775
6.66 0.00488424 -0.0121637 0.0170479
6.67 0.00426849 -0.0141469 0.0184154
6.68 0.0035306 -0.0161444 0.019675
6.69 0.00267589 -0.0181462 0.0208221
6.7 0.00171043 -0.0201426 0.021853
6.71 0.000641 -0.0221233 0.0227643
6.72 -0.000524943 -0.0240784 0.0235534
6.73 -0.00177933 -0.0259976 0.0242183
6.74 -0.00311469 -0.0278721 0.0247574
6.75 -0.00452043 -0.0296905 0.0251701
6.76 -0.00598677 -0.0314429 0.0254562
6.77 -0.00750362 -0.0331197 0.0256161
6.78 -0.00906056 -0.0347115 0.0256509
6.79 -0.0106469 -0.0362093 0.0255624
6.8 -0.0122516 -0.0376045 0.0253529
6.81 -0.0138637 -0.0388888 0.0250251
6.82 -0.015472 -0.0400545 0.0245825
6.83 -0.0170652 -0.0410943 0.0240291
6.84 -0.0186322 -0.0420016 0.0233694
6.85 -0.0201618 -0.04277 0.0226082
6.86 -0.0216433 -0.0433943 0.021751
6.87 -0.0230659 -0.0438695 0.0208036
6.88 -0.0244189 -0.044191 0.0197721
6.89 -0.0256914 -0.0443546 0.0186632
6.9 -0.0268748 -0.0443585 0.0174837
6.91 -0.02796 -0.0442007 0.0162407
6.92 -0.0289384 -0.0438799 0.0149415
6.93 -0.0298021 -0.0433958 0.0135937
6.94 -0.0305438 -0.0427489 0.0122051
6.95 -0.0311568 -0.0419401 0.0107833
6.96 -0.0316353 -0.0409715 0.0093362
6.97 -0.031974 -0.0398457 0.00787175
6.98 -0.0321685 -0.0385663 0.00639776
6.99 -0.0322152 -0.0371372 0.00492205
7 -0.0321115 -0.0355638 0.00345228
7.01 -0.0318553 -0.0338513 0.00199601
7.02 -0.0314455 -0.0320061 0.000560595
7.03 -0.0308803 -0.0300335 -0.000846814
7.04 -0.0301611 -0.0279418 -0.00221933
7.05 -0.0292904 -0.02574 -0.00355035
7.06 -0.0282708 -0.0234372 -0.0048336
7.07 -0.0271055 -0.0210424 -0.00606315
7.08 -0.0257985 -0.0185651 -0.00723343
7.09 -0.0243548 -0.0160155 -0.00833932
7.1 -0.0227799 -0.0134038 -0.00937607
7.11 -0.0210804 -0.010741 -0.0103394
7.12 -0.0192633 -0.00803775 -0.0112256
7.13 -0.0173363 -0.00530518 -0.0120311
7.14 -0.0153078 -0.00255452 -0.0127533
7.15 -0.0131868 0.000202886 -0.0133897
7.16 -0.0109826 0.00295589 -0.0139385
7.17 -0.00870531 0.00569304 -0.0143983
7.18 -0.00636419 0.00840425 -0.0147684
7.19 -0.00397131 0.0110771 -0.0150484
7.2 -0.00153768 0.0137008 -0.0152385
7.21 0.000925515 0.0162648 -0.0153393
7.22 0.00340689 0.0187589 -0.015352
7.23 0.00589497 0.0211732 -0.0152782
7.24 0.00837826 0.0234982 -0.01512
7.25 0.0108453 0.0257251 -0.0148798
7.26 0.0132846 0.0278452 -0.0145606
7.27 0.0156851 0.0298508 -0.0141657
7.28 0.0180356 0.0317344 -0.0136988
7.29 0.0203255 0.0334893 -0.0131638
7.3 0.0225444 0.0351095 -0.0125651
7.31 0.0246822 0.0365895 -0.0119073
7.32 0.0267287 0.0379239 -0.0111952
7.33 0.0286741 0.039108 -0.0104339
7.34 0.030511 0.0401397 -0.00962871
7.35 0.0322314 0.0410164 -0.00878502
7.36 0.0338282 0.0417366 -0.00790837
7.37 0.0352946 0.042299 -0.00700441
7.38 0.0366249 0.0427037 -0.0060788
7.39 0.0378138 0.0429511 -0.00513727
7.4 0.0388569 0.0430424 -0.0041855
7.41 0.0397506 0.0429798 -0.00322915
7.42 0.040492 0.0427658 -0.00227379
7.43 0.0410791 0.042404 -0.00132488
7.44 0.0415107 0.0418985 -0.000387753
7.45 0.0417864 0.041254 0.000532436
7.46 0.0419065 0.0404758 0.00143072
7.47 0.0418701 0.0395677 0.00230236
7.48 0.0416807 0.0385379 0.00314284
7.49 0.0413418 0.0373939 0.00394795
7.5 0.040857 0.0361433 0.00471373
7.51 0.0402305 0.034794 0.00543655
7.52 0.0394672 0.0333541 0.00611309
7.53 0.0385729 0.0318325 0.00674037
7.54 0.0375537 0.0302379 0.00731577
7.55 0.0364166 0.0285796 0.00783702
7.56 0.0351689 0.0268667 0.00830221
7.57 0.0338184 0.0251086 0.00870982
7.58 0.0323737 0.023315 0.00905869
7.59 0.0308433 0.0214953 0.00934803
7.6 0.0292364 0.0196589 0.00957746
7.61 0.0275622 0.0178153 0.00974693
7.62 0.0258299 0.0159731 0.00985676
7.63 0.0240502 0.0141425 0.00990766
7.64 0.0222331 0.0123325 0.00990064
7.65 0.0203887 0.0105516 0.00983708
7.66 0.0185269 0.00880824 0.00971866
7.67 0.0166578 0.00711043 0.00954737
7.68 0.0147912 0.00546571 0.00932549
7.69 0.0129368 0.00388125 0.00905555
7.7 0.011104 0.00236365 0.00874035
7.71 0.00930226 0.000919348 0.00838291
7.72 0.00754033 -0.000446122 0.00798645
7.73 0.00582683 -0.00172754 0.00755437
7.74 0.00416991 -0.00292032 0.00709023
7.75 0.00257727 -0.00402043 0.0065977
7.76 0.00105684 -0.00502376 0.0060806
7.77 -0.000384459 -0.00592724 0.00554278
7.78 -0.00174119 -0.00672937 0.00498818
7.79 -0.00300784 -0.0074286 0.00442076
7.8 -0.00417948 -0.00802394 0.00384446
7.81 -0.00525185 -0.00851509 0.00326324
7.82 -0.00622131 -0.00890228 0.00268097
7.83 -0.0070849 -0.00918638 0.00210148
7.84 -0.00784033 -0.00936883 0.0015285
7.85 -0.00848599 -0.00945162 0.000965634
7.86 -0.00902095 -0.0094373 0.000416354
7.87 -0.00944496 -0.00932894 -0.000116023
7.88 -0.00975844 -0.00913008 -0.000628359
7.89 -0.00996248 -0.00884477 -0.00111771
7.9 -0.0100588 -0.00847747 -0.00158133
7.91 -0.0100482 -0.00803149 -0.00201671
7.92 -0.00993506 -0.00751348 -0.00242158
7.93 -0.00972326 -0.00692935 -0.00279391
7.94 -0.00941694 -0.00628503 -0.00313191
7.95 -0.00902077 -0.00558668 -0.00343409
7.96 -0.0085399 -0.00484069 -0.00369921
7.97 -0.00797993 -0.00405365 -0.00392628
7.98 -0.00734689 -0.00323225 -0.00411464
7.99 -0.00664715 -0.0023833 -0.00426385
8 -0.00588744 -0.00151366 -0.00437378
