# Generated on Sun Sep  5 13:29:20 2021 by yr2369.
# This file was created by PDFgui.
#S 1
#L r  Gtrunc  Gdiff  Gcalc
1.79 -0.193438 -0.0352229 -0.158215
1.8 -0.199439 -0.0285221 -0.170917
1.81 -0.206017 -0.0222088 -0.183808
1.82 -0.213146 -0.0162989 -0.196847
1.83 -0.220795 -0.0108055 -0.209989
1.84 -0.228931 -0.00574141 -0.22319
1.85 -0.237515 -0.00111506 -0.2364
1.86 -0.246503 0.00306848 -0.249571
1.87 -0.25585 0.00680382 -0.262654
1.88 -0.265504 0.0100914 -0.275595
1.89 -0.275414 0.0129297 -0.288344
1.9 -0.285523 0.0153224 -0.300845
1.91 -0.295771 0.0172757 -0.313047
1.92 -0.306095 0.0187984 -0.324893
1.93 -0.316429 0.0199022 -0.336331
1.94 -0.326708 0.020598 -0.347306
1.95 -0.336864 0.0208999 -0.357764
1.96 -0.346827 0.0208247 -0.367652
1.97 -0.356527 0.0203899 -0.376917
1.98 -0.365894 0.0196142 -0.385508
1.99 -0.374858 0.0185175 -0.393376
2 -0.383347 0.0171232 -0.40047
2.01 -0.391292 0.0154535 -0.406746
2.02 -0.398624 0.0135326 -0.412157
2.03 -0.405275 0.0113857 -0.416661
2.04 -0.411178 0.00903966 -0.420218
2.05 -0.416269 0.00652078 -0.42279
2.06 -0.420471 0.00387123 -0.424342
2.07 -0.42374 0.00110318 -0.424843
2.08 -0.42602 -0.00175605 -0.424264
2.09 -0.427259 -0.00467979 -0.422579
2.1 -0.427408 -0.00764087 -0.419767
2.11 -0.426423 -0.0106135 -0.415809
2.12 -0.424264 -0.0135721 -0.410692
2.13 -0.420896 -0.0164924 -0.404404
2.14 -0.416287 -0.0193488 -0.396938
2.15 -0.410413 -0.0221199 -0.388293
2.16 -0.403253 -0.0247832 -0.37847
2.17 -0.394791 -0.027317 -0.367474
2.18 -0.385019 -0.0297034 -0.355316
2.19 -0.373933 -0.0319243 -0.342009
2.2 -0.361521 -0.0339493 -0.327572
2.21 -0.347793 -0.0357661 -0.312027
2.22 -0.332773 -0.0373719 -0.295401
2.23 -0.316482 -0.0387572 -0.277725
2.24 -0.298945 -0.0399122 -0.259033
2.25 -0.280192 -0.0408284 -0.239364
2.26 -0.260261 -0.0415015 -0.21876
2.27 -0.239192 -0.0419253 -0.197267
2.28 -0.217034 -0.0420994 -0.174935
2.29 -0.193838 -0.0420219 -0.151816
2.3 -0.169664 -0.0416966 -0.127967
2.31 -0.144572 -0.0411246 -0.103447
2.32 -0.118629 -0.0403109 -0.0783181
2.33 -0.0919073 -0.0392635 -0.0526438
2.34 -0.064481 -0.0379897 -0.0264913
2.35 -0.0364201 -0.0364906 7.04522e-05
2.36 -0.00781728 -0.0347882 0.0269709
2.37 0.0212412 -0.0328964 0.0541376
2.38 0.0506676 -0.0308295 0.0814971
2.39 0.0803722 -0.0286024 0.108975
2.4 0.110263 -0.0262317 0.136495
2.41 0.140248 -0.0237335 0.163982
2.42 0.170232 -0.0211269 0.191359
2.43 0.200121 -0.0184298 0.218551
2.44 0.229819 -0.0156626 0.245482
2.45 0.259233 -0.0128433 0.272076
2.46 0.288269 -0.00999184 0.298261
2.47 0.316833 -0.00712939 0.323962
2.48 0.344835 -0.00427467 0.34911
2.49 0.37218 -0.00145316 0.373633
2.5 0.398774 0.00130862 0.397465
2.51 0.424541 0.00399985 0.420541
2.52 0.449399 0.00660116 0.442798
2.53 0.47327 0.00909441 0.464176
2.54 0.49608 0.0114624 0.484618
2.55 0.51776 0.0136898 0.50407
2.56 0.538242 0.0157588 0.522483
2.57 0.557466 0.0176561 0.53981
2.58 0.575376 0.0193684 0.556008
2.59 0.59192 0.0208827 0.571037
2.6 0.607053 0.0221889 0.584864
2.61 0.620734 0.0232767 0.597457
2.62 0.632928 0.0241375 0.60879
2.63 0.643607 0.0247655 0.618842
2.64 0.65273 0.0251372 0.627593
2.65 0.660286 0.0252551 0.635031
2.66 0.666275 0.0251277 0.641147
2.67 0.670694 0.0247563 0.645938
2.68 0.673542 0.0241398 0.649402
2.69 0.674828 0.0232825 0.651546
2.7 0.674564 0.0221873 0.652377
2.71 0.67277 0.0208609 0.651909
2.72 0.669471 0.0193107 0.65016
2.73 0.664696 0.017544 0.647152
2.74 0.658481 0.0155711 0.64291
2.75 0.650868 0.0134045 0.637464
2.76 0.6419 0.0110537 0.630846
2.77 0.63163 0.00853504 0.623095
2.78 0.620111 0.00586131 0.61425
2.79 0.607382 0.00302816 0.604354
2.8 0.593527 7.33149e-05 0.593454
2.81 0.578615 -0.00298325 0.581598
2.82 0.562713 -0.00612604 0.568839
2.83 0.545894 -0.00933583 0.55523
2.84 0.528234 -0.0125924 0.540826
2.85 0.509807 -0.0158793 0.525686
2.86 0.490694 -0.0191746 0.509869
2.87 0.470972 -0.0224615 0.493434
2.88 0.450724 -0.0257184 0.476442
2.89 0.43003 -0.0289271 0.458957
2.9 0.408972 -0.0320681 0.44104
2.91 0.38763 -0.0351239 0.422754
2.92 0.366085 -0.038076 0.404161
2.93 0.344417 -0.0409065 0.385323
2.94 0.322705 -0.0435979 0.366303
2.95 0.301028 -0.0461318 0.34716
2.96 0.27946 -0.0484937 0.327954
2.97 0.258074 -0.050669 0.308743
2.98 0.236939 -0.052645 0.289584
2.99 0.216121 -0.0544108 0.270532
3 0.195685 -0.0559541 0.251639
3.01 0.175691 -0.0572657 0.232957
3.02 0.156194 -0.0583387 0.214533
3.03 0.137248 -0.0591651 0.196413
3.04 0.118902 -0.0597388 0.178641
3.05 0.101199 -0.0600572 0.161256
3.06 0.0841808 -0.0601158 0.144297
3.07 0.0678816 -0.0599148 0.127796
3.08 0.0523433 -0.0594433 0.111787
3.09 0.0375869 -0.0587084 0.0962953
3.1 0.02363 -0.0577171 0.0813471
3.11 0.0104895 -0.056474 0.0669635
3.12 -0.00182221 -0.0549847 0.0531625
3.13 -0.0132976 -0.0532564 0.0399588
3.14 -0.0239335 -0.0512975 0.027364
3.15 -0.0337314 -0.0491175 0.0153861
3.16 -0.0426969 -0.0467269 0.00403003
3.17 -0.0508401 -0.0441376 -0.00670249
3.18 -0.0581751 -0.0413622 -0.0168129
3.19 -0.0647199 -0.0384144 -0.0263055
3.2 -0.0704963 -0.0353084 -0.0351879
3.21 -0.0755297 -0.0320597 -0.04347
3.22 -0.0798476 -0.0286828 -0.0511648
3.23 -0.0834721 -0.0251845 -0.0582876
3.24 -0.08645 -0.0215939 -0.0648561
3.25 -0.0888187 -0.0179283 -0.0708904
3.26 -0.0906178 -0.0142055 -0.0764123
3.27 -0.0918891 -0.0104431 -0.081446
3.28 -0.0926759 -0.00665912 -0.0860168
3.29 -0.0930233 -0.00287145 -0.0901519
3.3 -0.0929771 0.000902448 -0.0938795
3.31 -0.0925845 0.00464482 -0.0972293
3.32 -0.0918929 0.00833861 -0.100232
3.33 -0.0909502 0.011967 -0.102917
3.34 -0.0898042 0.0155136 -0.105318
3.35 -0.0885024 0.0189628 -0.107465
3.36 -0.0870919 0.0222993 -0.109391
3.37 -0.0856185 0.025509 -0.111128
3.38 -0.0841286 0.0285771 -0.112706
3.39 -0.0826664 0.0314901 -0.114157
3.4 -0.0812738 0.0342365 -0.11551
3.41 -0.079991 0.0368052 -0.116796
3.42 -0.0788561 0.0391866 -0.118043
3.43 -0.077905 0.0413718 -0.119277
3.44 -0.077171 0.0433531 -0.120524
3.45 -0.0766852 0.0451238 -0.121809
3.46 -0.0764754 0.0466785 -0.123154
3.47 -0.076567 0.0480128 -0.12458
3.48 -0.0769822 0.0491233 -0.126106
3.49 -0.0777402 0.0500079 -0.127748
3.5 -0.078857 0.0506655 -0.129522
3.51 -0.0803454 0.0510961 -0.131442
3.52 -0.0822209 0.0512951 -0.133516
3.53 -0.0844854 0.0512688 -0.135754
3.54 -0.0871405 0.051022 -0.138162
3.55 -0.090186 0.0505588 -0.140745
3.56 -0.0936184 0.0498845 -0.143503
3.57 -0.0974312 0.049005 -0.146436
3.58 -0.101615 0.0479271 -0.149542
3.59 -0.106156 0.0466596 -0.152816
3.6 -0.111041 0.0452087 -0.15625
3.61 -0.116251 0.0435843 -0.159835
3.62 -0.121765 0.0417964 -0.163561
3.63 -0.12756 0.039855 -0.167415
3.64 -0.133612 0.0377693 -0.171381
3.65 -0.139893 0.0355508 -0.175444
3.66 -0.146374 0.0332106 -0.179585
3.67 -0.153027 0.0307573 -0.183784
3.68 -0.159816 0.0282059 -0.188022
3.69 -0.166707 0.0255686 -0.192276
3.7 -0.173666 0.0228564 -0.196522
3.71 -0.180658 0.0200805 -0.200739
3.72 -0.187647 0.0172524 -0.204899
3.73 -0.194597 0.0143829 -0.20898
3.74 -0.201471 0.0114835 -0.212955
3.75 -0.208235 0.00856265 -0.216798
3.76 -0.214851 0.00563249 -0.220483
3.77 -0.221285 0.00270139 -0.223986
3.78 -0.227502 -0.000221015 -0.227281
3.79 -0.233468 -0.00312567 -0.230342
3.8 -0.239151 -0.00600493 -0.233146
3.81 -0.244517 -0.00884839 -0.235669
3.82 -0.249536 -0.0116487 -0.237887
3.83 -0.254182 -0.0144017 -0.23978
3.84 -0.258429 -0.0171017 -0.241327
3.85 -0.262254 -0.0197449 -0.242509
3.86 -0.265634 -0.0223261 -0.243308
3.87 -0.26855 -0.0248425 -0.243708
3.88 -0.270984 -0.0272906 -0.243693
3.89 -0.272921 -0.0296683 -0.243253
3.9 -0.274349 -0.0319746 -0.242374
3.91 -0.275257 -0.0342074 -0.24105
3.92 -0.275637 -0.0363661 -0.239271
3.93 -0.275485 -0.0384515 -0.237033
3.94 -0.274798 -0.0404639 -0.234334
3.95 -0.273576 -0.0424042 -0.231172
3.96 -0.271813 -0.0442652 -0.227548
3.97 -0.269523 -0.0460577 -0.223465
3.98 -0.266713 -0.0477833 -0.21893
3.99 -0.263394 -0.0494456 -0.213948
4 -0.259579 -0.0510482 -0.208531
4.01 -0.255281 -0.0525925 -0.202689
4.02 -0.250517 -0.0540821 -0.196435
4.03 -0.245307 -0.0555216 -0.189785
4.04 -0.23967 -0.0569128 -0.182757
4.05 -0.233628 -0.0582589 -0.175369
4.06 -0.227207 -0.0595653 -0.167642
4.07 -0.22043 -0.0608328 -0.159597
4.08 -0.213324 -0.0620649 -0.151259
4.09 -0.205917 -0.0632648 -0.142652
4.1 -0.198236 -0.0644333 -0.133803
4.11 -0.190309 -0.0655712 -0.124738
4.12 -0.182171 -0.0666855 -0.115485
4.13 -0.17385 -0.0677753 -0.106075
4.14 -0.165378 -0.068843 -0.096535
4.15 -0.156786 -0.0698895 -0.0868965
4.16 -0.148104 -0.0709144 -0.0771896
4.17 -0.139363 -0.071918 -0.067445
4.18 -0.130592 -0.0728985 -0.0576935
4.19 -0.121821 -0.0738554 -0.0479656
4.2 -0.113078 -0.0747861 -0.0382919
4.21 -0.104391 -0.0756887 -0.0287023
4.22 -0.0957874 -0.0765609 -0.0192265
4.23 -0.0872919 -0.0773985 -0.00989338
4.24 -0.078929 -0.078198 -0.000731019
4.25 -0.0707237 -0.0789571 0.00823336
4.26 -0.0626972 -0.0796708 0.0169736
4.27 -0.0548681 -0.0803328 0.0254647
4.28 -0.0472546 -0.0809374 0.0336828
4.29 -0.039873 -0.0814787 0.0416057
4.3 -0.0327378 -0.0819503 0.0492125
4.31 -0.0258619 -0.0823456 0.0564837
4.32 -0.0192562 -0.0826578 0.0634016
4.33 -0.0129296 -0.0828799 0.0699503
4.34 -0.00688931 -0.0830047 0.0761154
4.35 -0.00114056 -0.0830251 0.0818846
4.36 0.00431324 -0.0829339 0.0872472
4.37 0.00947056 -0.0827239 0.0921945
4.38 0.0143316 -0.0823881 0.0967197
4.39 0.0188983 -0.0819196 0.100818
4.4 0.0231694 -0.0813167 0.104486
4.41 0.0271555 -0.0805676 0.107723
4.42 0.0308636 -0.0796663 0.11053
4.43 0.0343022 -0.0786068 0.112909
4.44 0.0374808 -0.077384 0.114865
4.45 0.0404106 -0.0759931 0.116404
4.46 0.0431038 -0.0744296 0.117533
4.47 0.0455735 -0.0726901 0.118264
4.48 0.0478337 -0.0707716 0.118605
4.49 0.0498995 -0.0686718 0.118571
4.5 0.0517864 -0.066389 0.118175
4.51 0.0535104 -0.0639227 0.117433
4.52 0.055088 -0.0612729 0.116361
4.53 0.056536 -0.0584404 0.114976
4.54 0.0578707 -0.0554275 0.113298
4.55 0.059109 -0.0522369 0.111346
4.56 0.0602689 -0.0488709 0.10914
4.57 0.0613671 -0.0453336 0.106701
4.58 0.0624196 -0.0416305 0.10405
4.59 0.0634423 -0.0377676 0.10121
4.6 0.0644501 -0.0337522 0.0982023
4.61 0.0654575 -0.029592 0.0950495
4.62 0.066478 -0.0252959 0.0917739
4.63 0.0675245 -0.0208734 0.0883979
4.64 0.0686084 -0.0163351 0.0849435
4.65 0.0697407 -0.0116917 0.0814324
4.66 0.0709306 -0.00695558 0.0778862
4.67 0.0721867 -0.00213888 0.0743256
4.68 0.0735161 0.00274525 0.0707709
4.69 0.0749256 0.00768407 0.0672415
4.7 0.0764192 0.0126629 0.0637563
4.71 0.0779997 0.0176666 0.0603331
4.72 0.0796687 0.0226801 0.0569886
4.73 0.0814267 0.027688 0.0537387
4.74 0.0832729 0.0326747 0.0505982
4.75 0.0852048 0.0376244 0.0475804
4.76 0.087219 0.0425211 0.0446979
4.77 0.0893106 0.0473489 0.0419617
4.78 0.0914737 0.0520922 0.0393815
4.79 0.093701 0.0567351 0.0369659
4.8 0.0959841 0.0612621 0.034722
4.81 0.0983138 0.0656582 0.0326556
4.82 0.10068 0.0699087 0.0307713
4.83 0.103071 0.0739989 0.0290721
4.84 0.105474 0.077914 0.02756
4.85 0.107878 0.0816425 0.0262355
4.86 0.110268 0.0851701 0.0250979
4.87 0.11263 0.0884849 0.0241451
4.88 0.11495 0.0915758 0.0233742
4.89 0.117214 0.0944332 0.0227808
4.9 0.119407 0.0970474 0.0223596
4.91 0.121513 0.0994087 0.0221043
4.92 0.123519 0.101512 0.0220074
4.93 0.125409 0.103348 0.0220609
4.94 0.127169 0.104913 0.0222557
4.95 0.128784 0.106202 0.0225821
4.96 0.130242 0.107212 0.0230297
4.97 0.131529 0.107942 0.0235875
4.98 0.13263 0.108386 0.0242441
4.99 0.133535 0.108547 0.0249878
5 0.134232 0.108426 0.0258064
5.01 0.134714 0.108027 0.0266875
5.02 0.13497 0.107351 0.0276187
5.03 0.134993 0.106406 0.0285875
5.04 0.134775 0.105194 0.0295814
5.05 0.134313 0.103725 0.0305882
5.06 0.1336 0.102004 0.0315956
5.07 0.132633 0.100041 0.0325919
5.08 0.131412 0.0978463 0.0335657
5.09 0.129935 0.0954292 0.0345058
5.1 0.128203 0.0928011 0.0354019
5.11 0.126218 0.0899741 0.0362439
5.12 0.123983 0.0869605 0.0370225
5.13 0.1215 0.0837708 0.0377292
5.14 0.118777 0.080421 0.038356
5.15 0.115823 0.0769272 0.0388958
5.16 0.112645 0.0733027 0.0393423
5.17 0.109255 0.069565 0.03969
5.18 0.105661 0.0657268 0.0399342
5.19 0.101877 0.0618057 0.0400713
5.2 0.0979151 0.0578167 0.0400984
5.21 0.0937885 0.053775 0.0400135
5.22 0.0895122 0.0496966 0.0398156
5.23 0.0851012 0.0455967 0.0395045
5.24 0.0805717 0.0414908 0.0390809
5.25 0.0759402 0.0373937 0.0385465
5.26 0.0712237 0.0333202 0.0379035
5.27 0.0664393 0.029284 0.0371553
5.28 0.0616047 0.0252989 0.0363058
5.29 0.0567388 0.0213791 0.0353597
5.3 0.0518595 0.0175372 0.0343223
5.31 0.0469847 0.0137849 0.0331998
5.32 0.0421322 0.0101335 0.0319987
5.33 0.0373196 0.00659348 0.0307261
5.34 0.0325641 0.00317438 0.0293897
5.35 0.0278825 -0.000114966 0.0279975
5.36 0.0232911 -0.00326662 0.0265577
5.37 0.0188055 -0.0062736 0.0250791
5.38 0.0144409 -0.00912955 0.0235704
5.39 0.0102113 -0.0118294 0.0220407
5.4 0.00613002 -0.014369 0.020499
5.41 0.0022096 -0.0167447 0.0189543
5.42 -0.00153658 -0.0189522 0.0174156
5.43 -0.00509852 -0.0209903 0.0158918
5.44 -0.00846831 -0.0228598 0.0143915
5.45 -0.0116379 -0.0245611 0.0129232
5.46 -0.0146004 -0.0260953 0.0114949
5.47 -0.0173502 -0.0274646 0.0101144
5.48 -0.0198829 -0.0286718 0.00878893
5.49 -0.0221953 -0.0297206 0.00752529
5.5 -0.0242856 -0.0306154 0.00632977
5.51 -0.0261532 -0.0313612 0.00520804
5.52 -0.0277987 -0.0319639 0.0041652
5.53 -0.029224 -0.0324297 0.00320567
5.54 -0.0304322 -0.0327654 0.00233319
5.55 -0.0314275 -0.0329783 0.00155083
5.56 -0.0322156 -0.0330765 0.000860885
5.57 -0.0327993 -0.0330643 0.00026495
5.58 -0.0331901 -0.032954 -0.000236148
5.59 -0.0333966 -0.0327543 -0.000642333
5.6 -0.0334284 -0.0324741 -0.00095428
5.61 -0.0332961 -0.0321227 -0.00117341
5.62 -0.0330107 -0.0317088 -0.00130189
5.63 -0.0325843 -0.0312417 -0.00134259
5.64 -0.0320294 -0.0307303 -0.00129908
5.65 -0.0313591 -0.0301835 -0.0011756
5.66 -0.030587 -0.02961 -0.000977035
5.67 -0.0297271 -0.0290182 -0.000708871
5.68 -0.0287935 -0.0284163 -0.000377151
5.69 -0.0278007 -0.0278123 1.15591e-05
5.7 -0.0267631 -0.0272133 0.000450224
5.71 -0.0256951 -0.0266265 0.000931387
5.72 -0.0246114 -0.0260586 0.00144722
5.73 -0.0235265 -0.0255161 0.0019896
5.74 -0.0224544 -0.0250045 0.00255013
5.75 -0.0214086 -0.0245288 0.00312024
5.76 -0.0204021 -0.0240933 0.00369122
5.77 -0.0194476 -0.0237019 0.0042543
5.78 -0.0185569 -0.0233576 0.0048007
5.79 -0.0177414 -0.0230631 0.0053217
5.8 -0.0170115 -0.0228202 0.00580871
5.81 -0.016377 -0.0226303 0.00625331
5.82 -0.0158466 -0.022494 0.00664736
5.83 -0.0154284 -0.0224114 0.006983
5.84 -0.0151293 -0.022382 0.00725273
5.85 -0.0149551 -0.0224046 0.00744949
5.86 -0.0149127 -0.0224794 0.0075667
5.87 -0.0150049 -0.0226032 0.00759828
5.88 -0.0152338 -0.0227725 0.00753874
5.89 -0.0156009 -0.0229841 0.00738319
5.9 -0.0161069 -0.0232343 0.00712742
5.91 -0.0167512 -0.0235191 0.00676789
5.92 -0.0175322 -0.023834 0.00630178
5.93 -0.0184472 -0.0241742 0.00572703
5.94 -0.0194924 -0.0245347 0.00504233
5.95 -0.0206631 -0.0249103 0.00424717
5.96 -0.0219537 -0.0252955 0.00334183
5.97 -0.0233575 -0.0256849 0.0023274
5.98 -0.0248669 -0.0260727 0.00120576
5.99 -0.0264737 -0.0264533 -2.03995e-05
6 -0.0281688 -0.0268212 -0.0013476
6.01 -0.0299434 -0.0271718 -0.0027716
6.02 -0.0317854 -0.027498 -0.00428737
6.03 -0.0336838 -0.0277946 -0.00588918
6.04 -0.035627 -0.0280564 -0.00757058
6.05 -0.0376031 -0.0282786 -0.00932445
6.06 -0.0395997 -0.0284566 -0.0111431
6.07 -0.0416042 -0.0285861 -0.0130181
6.08 -0.0436039 -0.0286633 -0.0149406
6.09 -0.0455858 -0.0286846 -0.0169012
6.1 -0.0475373 -0.0286471 -0.0188902
6.11 -0.0494454 -0.0285481 -0.0208973
6.12 -0.0512975 -0.0283854 -0.0229121
6.13 -0.0530813 -0.0281576 -0.0249237
6.14 -0.0547847 -0.0278636 -0.0269211
6.15 -0.0563951 -0.0275017 -0.0288934
6.16 -0.0579007 -0.0270716 -0.0308291
6.17 -0.059292 -0.0265747 -0.0327173
6.18 -0.0605587 -0.0260119 -0.0345468
6.19 -0.0616916 -0.0253851 -0.0363065
6.2 -0.0626819 -0.0246962 -0.0379857
6.21 -0.0635219 -0.0239479 -0.039574
6.22 -0.0642043 -0.0231433 -0.041061
6.23 -0.0647231 -0.0222861 -0.042437
6.24 -0.065073 -0.0213802 -0.0436928
6.25 -0.0652496 -0.0204303 -0.0448193
6.26 -0.0652496 -0.0194411 -0.0458085
6.27 -0.0650705 -0.0184179 -0.0466526
6.28 -0.064711 -0.0173662 -0.0473448
6.29 -0.0641707 -0.0162921 -0.0478786
6.3 -0.0634475 -0.0151987 -0.0482488
6.31 -0.0625452 -0.0140947 -0.0484505
6.32 -0.061467 -0.012987 -0.04848
6.33 -0.0602166 -0.0118824 -0.0483342
6.34 -0.0587985 -0.0107875 -0.048011
6.35 -0.0572183 -0.0097092 -0.0475091
6.36 -0.0554822 -0.0086539 -0.0468283
6.37 -0.0535976 -0.00762844 -0.0459692
6.38 -0.0515723 -0.00663909 -0.0449332
6.39 -0.0494152 -0.00569229 -0.0437229
6.4 -0.0471356 -0.00479398 -0.0423416
6.41 -0.0447438 -0.00395021 -0.0407936
6.42 -0.0422502 -0.00316622 -0.039084
6.43 -0.039666 -0.00244722 -0.0372188
6.44 -0.0370027 -0.00179787 -0.0352048
6.45 -0.0342716 -0.00122185 -0.0330498
6.46 -0.0314862 -0.000724261 -0.0307619
6.47 -0.028659 -0.000308507 -0.0283505
6.48 -0.0258027 2.24921e-05 -0.0258252
6.49 -0.0229299 0.000266536 -0.0231964
6.5 -0.0200534 0.000421792 -0.0204752
6.51 -0.0171858 0.000487139 -0.0176729
6.52 -0.0143395 0.00046211 -0.0148016
6.53 -0.0115268 0.000346725 -0.0118735
6.54 -0.00875964 0.000141692 -0.00890133
6.55 -0.00604962 -0.000151683 -0.00589794
6.56 -0.00340791 -0.000531472 -0.00287644
6.57 -0.000845183 -0.000995127 0.000149944
6.58 0.00162844 -0.0015395 0.00316794
6.59 0.00400237 -0.00216191 0.00616428
6.6 0.00626766 -0.00285815 0.00912581
6.61 0.00841703 -0.00362248 0.0120395
6.62 0.0104431 -0.00444948 0.0148926
6.63 0.0123393 -0.00533324 0.0176725
6.64 0.0140998 -0.00626743 0.0203672
6.65 0.0157197 -0.00724524 0.0229649
6.66 0.0171951 -0.00825932 0.0254544
6.67 0.0185226 -0.00930238 0.027825
6.68 0.0197001 -0.0103664 0.0300665
6.69 0.0207261 -0.0114435 0.0321696
6.7 0.0216002 -0.0125251 0.0341253
6.71 0.0223227 -0.0136032 0.0359259
6.72 0.0228951 -0.0146688 0.0375639
6.73 0.0233195 -0.0157134 0.0390329
6.74 0.0235964 -0.0167311 0.0403275
6.75 0.0237322 -0.0177106 0.0414428
6.76 0.0237316 -0.0186435 0.0423751
6.77 0.0236002 -0.0195212 0.0431214
6.78 0.023344 -0.0203359 0.0436799
6.79 0.0229698 -0.0210796 0.0440494
6.8 0.0224851 -0.0217448 0.0442299
6.81 0.0218979 -0.0223242 0.0442221
6.82 0.0212166 -0.0228113 0.0440279
6.83 0.0204502 -0.0231997 0.0436499
6.84 0.0196081 -0.0234835 0.0430916
6.85 0.0187 -0.0236574 0.0423574
6.86 0.0177358 -0.0237168 0.0414526
6.87 0.0167257 -0.0236575 0.0403832
6.88 0.0156798 -0.0234764 0.0391562
6.89 0.0146087 -0.0231702 0.0377789
6.9 0.0135231 -0.0227366 0.0362597
6.91 0.0124335 -0.022174 0.0346075
6.92 0.0113499 -0.0214817 0.0328316
6.93 0.0102826 -0.0206596 0.0309422
6.94 0.0092412 -0.0197085 0.0289497
6.95 0.00823524 -0.0186298 0.026865
6.96 0.00727383 -0.0174255 0.0246993
6.97 0.00636568 -0.0160986 0.0224643
6.98 0.00551902 -0.0146526 0.0201716
6.99 0.00474157 -0.0130917 0.0178333
7 0.0040405 -0.0114209 0.0154614
7.01 0.00342236 -0.00964558 0.0130679
7.02 0.00289309 -0.00777199 0.0106651
7.03 0.00245909 -0.00580567 0.00826476
7.04 0.00212454 -0.00375428 0.00587882
7.05 0.00189261 -0.00162627 0.00351888
7.06 0.00176635 0.000570077 0.00119627
7.07 0.00174805 0.00282604 -0.00107799
7.08 0.00183926 0.00513253 -0.00329327
7.09 0.00204072 0.00748013 -0.00543941
7.1 0.00235245 0.00985914 -0.00750669
7.11 0.00277367 0.0122596 -0.00948597
7.12 0.00330287 0.0146715 -0.0113687
7.13 0.00393777 0.0170846 -0.0131468
7.14 0.00467539 0.0194885 -0.0148132
7.15 0.00551207 0.0218731 -0.016361
7.16 0.00644344 0.024228 -0.0177846
7.17 0.00746453 0.0265432 -0.0190787
7.18 0.00857113 0.02881 -0.0202388
7.19 0.00975541 0.031017 -0.0212615
7.2 0.0110107 0.0331546 -0.0221439
7.21 0.0123297 0.0352137 -0.022884
7.22 0.0137048 0.0371852 -0.0234804
7.23 0.015128 0.0390608 -0.0239328
7.24 0.0165911 0.0408326 -0.0242415
7.25 0.0180852 0.0424928 -0.0244076
7.26 0.0196017 0.0440346 -0.0244329
7.27 0.0211314 0.0454514 -0.02432
7.28 0.0226653 0.0467377 -0.0240724
7.29 0.0241941 0.0478879 -0.0236938
7.3 0.0257086 0.0488977 -0.0231891
7.31 0.0271998 0.0497632 -0.0225634
7.32 0.0286583 0.0504809 -0.0218226
7.33 0.0300747 0.0510477 -0.020973
7.34 0.0314409 0.0514626 -0.0200217
7.35 0.0327484 0.0517242 -0.0189758
7.36 0.0339892 0.0518323 -0.0178431
7.37 0.0351556 0.0517873 -0.0166317
7.38 0.0362403 0.0515904 -0.0153501
7.39 0.0372365 0.0512433 -0.0140068
7.4 0.0381378 0.0507484 -0.0126106
7.41 0.0389383 0.050109 -0.0111707
7.42 0.0396328 0.0493288 -0.00969595
7.43 0.0402166 0.0484122 -0.00819559
7.44 0.0406856 0.0473643 -0.0066787
7.45 0.0410363 0.0461906 -0.0051543
7.46 0.0412658 0.0448971 -0.00363131
7.47 0.0413703 0.0434888 -0.00211848
7.48 0.0413493 0.0419736 -0.000624343
7.49 0.0412027 0.0403599 0.000842834
7.5 0.0409301 0.038655 0.00227509
7.51 0.0405323 0.0368675 0.0036648
7.52 0.0400102 0.0350054 0.00500475
7.53 0.0393658 0.0330777 0.00628813
7.54 0.0386014 0.0310928 0.0075086
7.55 0.0377202 0.0290599 0.00866029
7.56 0.0367258 0.0269879 0.00973787
7.57 0.0356223 0.0248858 0.0107365
7.58 0.0344146 0.0227626 0.011652
7.59 0.0331079 0.0206272 0.0124807
7.6 0.0317078 0.0184884 0.0132194
7.61 0.0302204 0.0163546 0.0138658
7.62 0.0286513 0.0142335 0.0144178
7.63 0.0270088 0.0121345 0.0148743
7.64 0.0253001 0.0100656 0.0152345
7.65 0.0235328 0.0080344 0.0154984
7.66 0.0217146 0.00604812 0.0156665
7.67 0.0198535 0.00411369 0.0157398
7.68 0.0179574 0.00223736 0.01572
7.69 0.0160347 0.000425354 0.0156093
7.7 0.0140933 -0.00131713 0.0154104
7.71 0.0121417 -0.00298479 0.0151265
7.72 0.0101878 -0.00457338 0.0147612
7.73 0.0082398 -0.00607879 0.0143186
7.74 0.00630562 -0.00749761 0.0138032
7.75 0.00439299 -0.00882696 0.0132199
7.76 0.0025098 -0.0100642 0.012574
7.77 0.000663565 -0.0112072 0.0118707
7.78 -0.00113901 -0.0122551 0.0111161
7.79 -0.00289124 -0.0132071 0.0103159
7.8 -0.00458683 -0.0140632 0.00947633
7.81 -0.00621985 -0.0148236 0.00860371
7.82 -0.00778478 -0.0154892 0.00770437
7.83 -0.00927653 -0.0160613 0.00678474
7.84 -0.0106905 -0.0165417 0.00585123
7.85 -0.0120224 -0.0169327 0.00491026
7.86 -0.0132688 -0.0172369 0.00396814
7.87 -0.0144263 -0.0174574 0.00303109
7.88 -0.0154923 -0.0175975 0.00210518
7.89 -0.0164647 -0.017661 0.00119627
7.9 -0.0173418 -0.0176518 0.000310032
7.91 -0.018121 -0.0175729 -0.000548128
7.92 -0.0188028 -0.0174297 -0.00137309
7.93 -0.0193875 -0.0172275 -0.00216005
7.94 -0.0198755 -0.016971 -0.00290452
7.95 -0.0202677 -0.0166653 -0.00360242
7.96 -0.0205653 -0.0163153 -0.00425
7.97 -0.0207703 -0.0159263 -0.00484396
7.98 -0.0208847 -0.0155033 -0.00538138
7.99 -0.0209114 -0.0150516 -0.0058598
8 -0.0208532 -0.014576 -0.00627719
