# Generated on Sun Sep  5 13:49:43 2021 by yr2369.
# This file was created by PDFgui.
#S 1
#L r  Gtrunc  Gdiff  Gcalc
1.79 -0.233378 -0.0395686 -0.193809
1.8 -0.242094 -0.0315005 -0.210594
1.81 -0.251448 -0.0238296 -0.227618
1.82 -0.2614 -0.0165782 -0.244822
1.83 -0.271901 -0.00976215 -0.262139
1.84 -0.282899 -0.00339721 -0.279502
1.85 -0.294336 0.00250472 -0.296841
1.86 -0.30615 0.00793358 -0.314084
1.87 -0.318275 0.0128815 -0.331157
1.88 -0.330641 0.0173431 -0.347984
1.89 -0.343173 0.0213169 -0.36449
1.9 -0.355793 0.0248035 -0.380596
1.91 -0.368421 0.0278048 -0.396226
1.92 -0.380972 0.0303276 -0.4113
1.93 -0.393359 0.0323811 -0.42574
1.94 -0.405496 0.0339736 -0.43947
1.95 -0.417295 0.0351164 -0.452411
1.96 -0.428667 0.0358232 -0.46449
1.97 -0.439523 0.0361091 -0.475632
1.98 -0.449772 0.0359931 -0.485765
1.99 -0.459327 0.0354925 -0.49482
2 -0.468101 0.0346275 -0.502728
2.01 -0.476006 0.0334218 -0.509428
2.02 -0.482961 0.0318958 -0.514857
2.03 -0.488882 0.0300764 -0.518958
2.04 -0.493693 0.0279865 -0.521679
2.05 -0.497314 0.0256571 -0.522971
2.06 -0.499658 0.023131 -0.522789
2.07 -0.500676 0.0204175 -0.521094
2.08 -0.500307 0.0175433 -0.51785
2.09 -0.498495 0.0145349 -0.51303
2.1 -0.495189 0.0114197 -0.506609
2.11 -0.490345 0.00822361 -0.498569
2.12 -0.483922 0.00497537 -0.488897
2.13 -0.475891 0.00169773 -0.477589
2.14 -0.466223 -0.00158051 -0.464642
2.15 -0.454903 -0.00483836 -0.450065
2.16 -0.441917 -0.00804959 -0.433867
2.17 -0.427262 -0.0111927 -0.416069
2.18 -0.410941 -0.0142459 -0.396695
2.19 -0.392965 -0.0171892 -0.375776
2.2 -0.373338 -0.0199894 -0.353349
2.21 -0.352086 -0.0226291 -0.329457
2.22 -0.329259 -0.0251089 -0.30415
2.23 -0.304898 -0.0274146 -0.277483
2.24 -0.279052 -0.0295341 -0.249518
2.25 -0.251777 -0.0314569 -0.22032
2.26 -0.223136 -0.0331742 -0.189962
2.27 -0.193198 -0.034678 -0.15852
2.28 -0.162039 -0.0359624 -0.126077
2.29 -0.129744 -0.0370262 -0.0927178
2.3 -0.0963997 -0.0378655 -0.0585342
2.31 -0.0621008 -0.0384805 -0.0236203
2.32 -0.0269468 -0.0388727 0.0119259
2.33 0.00895818 -0.039045 0.0480032
2.34 0.0455054 -0.039002 0.0845074
2.35 0.0825888 -0.0387434 0.121332
2.36 0.120083 -0.038286 0.158369
2.37 0.157866 -0.0376419 0.195508
2.38 0.195819 -0.0368187 0.232638
2.39 0.233816 -0.0358303 0.269646
2.4 0.271734 -0.0346877 0.306422
2.41 0.309446 -0.0334058 0.342852
2.42 0.346828 -0.0319972 0.378825
2.43 0.383753 -0.0304785 0.414232
2.44 0.420098 -0.028864 0.448962
2.45 0.455739 -0.0271707 0.48291
2.46 0.490556 -0.0254142 0.51597
2.47 0.524429 -0.0236126 0.548042
2.48 0.557243 -0.0217826 0.579026
2.49 0.588881 -0.0199462 0.608827
2.5 0.619221 -0.0181345 0.637355
2.51 0.648176 -0.0163479 0.664524
2.52 0.675647 -0.0146037 0.690251
2.53 0.701544 -0.012915 0.714459
2.54 0.725779 -0.0112984 0.737077
2.55 0.748272 -0.00976797 0.75804
2.56 0.768951 -0.00833584 0.777287
2.57 0.787748 -0.00701614 0.794764
2.58 0.804605 -0.0058194 0.810424
2.59 0.81947 -0.00475663 0.824227
2.6 0.832299 -0.00383749 0.836136
2.61 0.843056 -0.00307046 0.846126
2.62 0.851713 -0.00246286 0.854176
2.63 0.858251 -0.00202 0.860271
2.64 0.862634 -0.00177112 0.864405
2.65 0.864868 -0.00171046 0.866578
2.66 0.864974 -0.00182421 0.866798
2.67 0.862966 -0.00211245 0.865078
2.68 0.858865 -0.00257508 0.86144
2.69 0.852701 -0.00320966 0.855911
2.7 0.844512 -0.0040123 0.848524
2.71 0.834343 -0.00497849 0.839321
2.72 0.822248 -0.00610089 0.828349
2.73 0.808284 -0.00737506 0.815659
2.74 0.79252 -0.00879029 0.80131
2.75 0.775028 -0.0103382 0.785366
2.76 0.755888 -0.0120077 0.767896
2.77 0.735183 -0.0137893 0.748972
2.78 0.713004 -0.0156699 0.728674
2.79 0.689422 -0.0176608 0.707083
2.8 0.664565 -0.0197198 0.684285
2.81 0.638534 -0.0218349 0.660369
2.82 0.611437 -0.0239904 0.635427
2.83 0.583384 -0.0261707 0.609555
2.84 0.554486 -0.0283617 0.582848
2.85 0.524857 -0.0305476 0.555405
2.86 0.494611 -0.0327142 0.527325
2.87 0.463865 -0.0348448 0.49871
2.88 0.432733 -0.0369263 0.469659
2.89 0.401333 -0.0389414 0.440274
2.9 0.369777 -0.0408785 0.410655
2.91 0.338181 -0.0427209 0.380902
2.92 0.306654 -0.0444577 0.351112
2.93 0.275307 -0.0460743 0.321381
2.94 0.244252 -0.0475531 0.291805
2.95 0.213589 -0.0488857 0.262475
2.96 0.183417 -0.0500621 0.233479
2.97 0.153829 -0.0510752 0.204904
2.98 0.124918 -0.0519141 0.176832
2.99 0.0967669 -0.0525744 0.149341
3 0.069457 -0.0530491 0.122506
3.01 0.0430623 -0.0533342 0.0963965
3.02 0.0176516 -0.0534261 0.0710777
3.03 -0.00671258 -0.0533229 0.0466104
3.04 -0.0299739 -0.0530238 0.0230499
3.05 -0.0520825 -0.0525291 0.000446612
3.06 -0.0729951 -0.0518406 -0.0211545
3.07 -0.092675 -0.0509611 -0.0417139
3.08 -0.111075 -0.0498774 -0.0611976
3.09 -0.128183 -0.0486058 -0.0795772
3.1 -0.143988 -0.0471584 -0.0968296
3.11 -0.158482 -0.0455442 -0.112938
3.12 -0.171662 -0.043772 -0.12789
3.13 -0.183531 -0.0418509 -0.14168
3.14 -0.194101 -0.0397936 -0.154307
3.15 -0.203388 -0.0376116 -0.165776
3.16 -0.211414 -0.0353169 -0.176097
3.17 -0.218208 -0.0329238 -0.185284
3.18 -0.223804 -0.0304463 -0.193358
3.19 -0.228241 -0.0278992 -0.200342
3.2 -0.231563 -0.0252974 -0.206266
3.21 -0.233819 -0.0226569 -0.211162
3.22 -0.23506 -0.0199916 -0.215068
3.23 -0.235331 -0.0173057 -0.218025
3.24 -0.234708 -0.0146311 -0.220077
3.25 -0.233255 -0.0119845 -0.221271
3.26 -0.231039 -0.00938269 -0.221656
3.27 -0.228128 -0.0068413 -0.221287
3.28 -0.224593 -0.00437661 -0.220216
3.29 -0.220505 -0.00200314 -0.218502
3.3 -0.215937 0.000264047 -0.216201
3.31 -0.210963 0.00241001 -0.213373
3.32 -0.205656 0.00442158 -0.210078
3.33 -0.200088 0.00628703 -0.206375
3.34 -0.194333 0.00799273 -0.202326
3.35 -0.188461 0.00952879 -0.19799
3.36 -0.182542 0.0108848 -0.193427
3.37 -0.176645 0.0120504 -0.188695
3.38 -0.170837 0.0130161 -0.183853
3.39 -0.16518 0.0137758 -0.178956
3.4 -0.159735 0.0143228 -0.174058
3.41 -0.154558 0.0146532 -0.169211
3.42 -0.149701 0.0147648 -0.164466
3.43 -0.145215 0.014654 -0.159869
3.44 -0.141144 0.0143212 -0.155465
3.45 -0.137528 0.0137679 -0.151296
3.46 -0.134405 0.0129946 -0.1474
3.47 -0.131807 0.0120043 -0.143811
3.48 -0.12976 0.0108025 -0.140562
3.49 -0.128288 0.00939327 -0.137681
3.5 -0.127407 0.00778492 -0.135192
3.51 -0.127131 0.00598396 -0.133115
3.52 -0.127477 0.00399013 -0.131467
3.53 -0.128441 0.00182028 -0.130261
3.54 -0.130018 -0.000511557 -0.129506
3.55 -0.132202 -0.00299424 -0.129208
3.56 -0.134982 -0.0056154 -0.129367
3.57 -0.138341 -0.00836047 -0.129981
3.58 -0.142259 -0.0112155 -0.131043
3.59 -0.146713 -0.0141672 -0.132546
3.6 -0.151674 -0.0171997 -0.134474
3.61 -0.15711 -0.0202975 -0.136812
3.62 -0.162985 -0.0234443 -0.139541
3.63 -0.169261 -0.0266246 -0.142636
3.64 -0.175897 -0.029823 -0.146074
3.65 -0.182847 -0.0330216 -0.149825
3.66 -0.190067 -0.036207 -0.15386
3.67 -0.197509 -0.0393639 -0.158145
3.68 -0.205119 -0.0424729 -0.162646
3.69 -0.212844 -0.0455175 -0.167327
3.7 -0.220633 -0.0484845 -0.172148
3.71 -0.228431 -0.0513581 -0.177073
3.72 -0.236185 -0.0541253 -0.18206
3.73 -0.243841 -0.0567728 -0.187068
3.74 -0.251345 -0.0592878 -0.192057
3.75 -0.258644 -0.0616587 -0.196985
3.76 -0.265688 -0.0638765 -0.201811
3.77 -0.272424 -0.0659294 -0.206495
3.78 -0.278805 -0.0678104 -0.210995
3.79 -0.284782 -0.0695101 -0.215272
3.8 -0.29031 -0.0710218 -0.219288
3.81 -0.295343 -0.0723364 -0.223007
3.82 -0.299839 -0.0734474 -0.226392
3.83 -0.303765 -0.0743556 -0.229409
3.84 -0.307088 -0.0750596 -0.232028
3.85 -0.309777 -0.0755581 -0.234219
3.86 -0.311804 -0.0758504 -0.235954
3.87 -0.313147 -0.0759393 -0.237208
3.88 -0.313785 -0.075826 -0.237959
3.89 -0.313702 -0.0755142 -0.238188
3.9 -0.312885 -0.0750074 -0.237878
3.91 -0.311326 -0.0743114 -0.237015
3.92 -0.309021 -0.0734331 -0.235588
3.93 -0.305968 -0.0723781 -0.23359
3.94 -0.302172 -0.0711562 -0.231016
3.95 -0.29764 -0.069776 -0.227864
3.96 -0.292369 -0.0682328 -0.224136
3.97 -0.286388 -0.0665512 -0.219837
3.98 -0.279715 -0.0647416 -0.214973
3.99 -0.272372 -0.0628154 -0.209557
4 -0.264385 -0.0607851 -0.2036
4.01 -0.255782 -0.0586625 -0.19712
4.02 -0.246594 -0.0564595 -0.190135
4.03 -0.236855 -0.0541885 -0.182666
4.04 -0.226603 -0.0518637 -0.174739
4.05 -0.215877 -0.0494974 -0.16638
4.06 -0.204716 -0.0471004 -0.157616
4.07 -0.193165 -0.0446871 -0.148478
4.08 -0.181269 -0.0422701 -0.138999
4.09 -0.169072 -0.0398596 -0.129212
4.1 -0.156621 -0.0374672 -0.119154
4.11 -0.143963 -0.0351034 -0.10886
4.12 -0.131149 -0.0327817 -0.0983673
4.13 -0.118229 -0.0305135 -0.0877155
4.14 -0.105251 -0.028308 -0.076943
4.15 -0.0922626 -0.0261734 -0.0660892
4.16 -0.0793114 -0.0241178 -0.0551936
4.17 -0.0664443 -0.0221487 -0.0442956
4.18 -0.0537069 -0.0202725 -0.0334344
4.19 -0.0411435 -0.0184948 -0.0226487
4.2 -0.0287968 -0.0168204 -0.0119764
4.21 -0.0167078 -0.015253 -0.00145484
4.22 -0.00491562 -0.0137957 0.00888009
4.23 0.00654304 -0.0124505 0.0189935
4.24 0.0176337 -0.0112184 0.0288521
4.25 0.028319 -0.0101051 0.0384241
4.26 0.0385715 -0.00910788 0.0476794
4.27 0.0483672 -0.00822268 0.0565899
4.28 0.0576826 -0.00744685 0.0651295
4.29 0.0664972 -0.00677692 0.0732741
4.3 0.0747936 -0.00620853 0.0810021
4.31 0.0825572 -0.00573689 0.0882941
4.32 0.089777 -0.00535598 0.095133
4.33 0.0964447 -0.00505955 0.101504
4.34 0.102555 -0.00484087 0.107396
4.35 0.108107 -0.00469137 0.112798
4.36 0.113102 -0.00460279 0.117705
4.37 0.117542 -0.00456877 0.122111
4.38 0.121437 -0.00457747 0.126014
4.39 0.124795 -0.00462159 0.129417
4.4 0.12762 -0.00470027 0.13232
4.41 0.129938 -0.00479308 0.134731
4.42 0.131766 -0.00489096 0.136657
4.43 0.133124 -0.00498407 0.138108
4.44 0.134035 -0.00506176 0.139097
4.45 0.134523 -0.00511445 0.139637
4.46 0.134614 -0.00513249 0.139746
4.47 0.134335 -0.00510704 0.139442
4.48 0.133716 -0.00502797 0.138744
4.49 0.132786 -0.00488764 0.137674
4.5 0.131577 -0.00467684 0.136254
4.51 0.13012 -0.00438856 0.134509
4.52 0.128448 -0.00401487 0.132463
4.53 0.126593 -0.00354972 0.130143
4.54 0.124587 -0.0029878 0.127575
4.55 0.122463 -0.00232335 0.124786
4.56 0.120255 -0.00154998 0.121805
4.57 0.117994 -0.000664529 0.118659
4.58 0.115711 0.000336138 0.115375
4.59 0.113436 0.00145429 0.111982
4.6 0.111197 0.0026905 0.108507
4.61 0.109023 0.00404679 0.104976
4.62 0.106939 0.00552183 0.101417
4.63 0.104969 0.00711402 0.097855
4.64 0.103137 0.0088227 0.0943143
4.65 0.101461 0.0106423 0.0908187
4.66 0.0999625 0.0125718 0.0873907
4.67 0.0986564 0.0146051 0.0840513
4.68 0.0975574 0.016737 0.0808204
4.69 0.096681 0.018965 0.077716
4.7 0.0960351 0.0212802 0.0747549
4.71 0.0956259 0.023674 0.0719519
4.72 0.0954586 0.0261383 0.0693203
4.73 0.0955356 0.0286641 0.0668715
4.74 0.0958574 0.0312424 0.064615
4.75 0.0964217 0.033863 0.0625587
4.76 0.0972244 0.0365161 0.0607083
4.77 0.0982587 0.0391909 0.0590678
4.78 0.0995159 0.0418767 0.0576392
4.79 0.100985 0.044562 0.056423
4.8 0.102654 0.0472367 0.0554173
4.81 0.104507 0.049888 0.054619
4.82 0.106528 0.0525052 0.0540228
4.83 0.1087 0.0550778 0.0536222
4.84 0.111004 0.0575954 0.0534086
4.85 0.113416 0.0600436 0.0533724
4.86 0.115915 0.0624127 0.0535023
4.87 0.118478 0.0646922 0.0537858
4.88 0.12108 0.0668709 0.0542091
4.89 0.123697 0.0689395 0.0547575
4.9 0.126303 0.0708878 0.0554152
4.91 0.128874 0.0727084 0.0561656
4.92 0.131383 0.0743915 0.0569915
4.93 0.133805 0.0759299 0.0578751
4.94 0.136115 0.077317 0.058798
4.95 0.138287 0.0785451 0.0597419
4.96 0.140298 0.0796101 0.0606879
4.97 0.142124 0.0805066 0.0616174
4.98 0.14374 0.0812281 0.0625119
4.99 0.145123 0.08177 0.063353
5 0.146255 0.082132 0.064123
5.01 0.147118 0.0823136 0.0648044
5.02 0.147692 0.0823114 0.0653806
5.03 0.147963 0.0821273 0.0658357
5.04 0.147916 0.0817614 0.0661546
5.05 0.147539 0.0812156 0.0663234
5.06 0.14682 0.0804909 0.0663291
5.07 0.145751 0.0795911 0.0661599
5.08 0.144326 0.0785205 0.0658055
5.09 0.142539 0.0772823 0.0652567
5.1 0.140388 0.0758822 0.0645058
5.11 0.137872 0.0743254 0.0635466
5.12 0.134993 0.0726187 0.0623743
5.13 0.131749 0.0707632 0.0609858
5.14 0.128151 0.0687717 0.0593793
5.15 0.124208 0.0666531 0.0575549
5.16 0.119929 0.0644149 0.0555141
5.17 0.115326 0.0620659 0.0532601
5.18 0.110413 0.0596156 0.0507974
5.19 0.105205 0.0570728 0.0481322
5.2 0.099719 0.0544467 0.0452723
5.21 0.0939743 0.0517476 0.0422267
5.22 0.0879907 0.0489847 0.039006
5.23 0.0817897 0.0461678 0.0356219
5.24 0.0753939 0.0433064 0.0320875
5.25 0.0688271 0.0404102 0.0284169
5.26 0.0621139 0.0374885 0.0246254
5.27 0.0552794 0.0345503 0.0207291
5.28 0.0483494 0.0316041 0.0167453
5.29 0.0413522 0.0286606 0.0126916
5.3 0.0343146 0.0257282 0.00858644
5.31 0.0272636 0.0228147 0.00444886
5.32 0.0202264 0.0199283 0.00029815
5.33 0.0132297 0.0170758 -0.00384607
5.34 0.00630014 0.0142642 -0.00796406
5.35 -0.00053627 0.0114998 -0.0120361
5.36 -0.00725408 0.00878835 -0.0160424
5.37 -0.0138286 0.00613515 -0.0199638
5.38 -0.0202361 0.00354488 -0.023781
5.39 -0.0264538 0.00102177 -0.0274756
5.4 -0.0324602 -0.00143065 -0.0310296
5.41 -0.038235 -0.0038093 -0.0344257
5.42 -0.0437562 -0.0061086 -0.0376476
5.43 -0.0490071 -0.00832732 -0.0406798
5.44 -0.0539737 -0.0104659 -0.0435078
5.45 -0.0586419 -0.0125236 -0.0461183
5.46 -0.0629993 -0.0145 -0.0484993
5.47 -0.0670355 -0.0163957 -0.0506398
5.48 -0.0707417 -0.0182112 -0.0525305
5.49 -0.0741109 -0.0199476 -0.0541633
5.5 -0.0771383 -0.0216068 -0.0555315
5.51 -0.0798208 -0.0231906 -0.0566302
5.52 -0.0821572 -0.0247015 -0.0574557
5.53 -0.0841482 -0.026142 -0.0580062
5.54 -0.0857963 -0.0275151 -0.0582812
5.55 -0.0871059 -0.028824 -0.0582819
5.56 -0.0880833 -0.0300722 -0.0580111
5.57 -0.0887307 -0.0312575 -0.0574732
5.58 -0.0890635 -0.0323896 -0.0566739
5.59 -0.089093 -0.0334724 -0.0556206
5.6 -0.0888321 -0.03451 -0.0543221
5.61 -0.0882948 -0.0355061 -0.0527887
5.62 -0.0874964 -0.0364646 -0.0510318
5.63 -0.0864535 -0.0373893 -0.0490642
5.64 -0.0851837 -0.0382838 -0.0468999
5.65 -0.0837056 -0.0391515 -0.0445541
5.66 -0.0820386 -0.039996 -0.0420426
5.67 -0.0802027 -0.04082 -0.0393827
5.68 -0.0782184 -0.0416265 -0.0365919
5.69 -0.0761069 -0.0424181 -0.0336888
5.7 -0.0738894 -0.043197 -0.0306924
5.71 -0.0715869 -0.0439646 -0.0276223
5.72 -0.0692211 -0.0447228 -0.0244983
5.73 -0.0668141 -0.0454737 -0.0213404
5.74 -0.0643871 -0.0462183 -0.0181688
5.75 -0.0619607 -0.046957 -0.0150037
5.76 -0.0595547 -0.0476897 -0.011865
5.77 -0.0571888 -0.0484163 -0.0087725
5.78 -0.0548813 -0.0491359 -0.00574542
5.79 -0.0526502 -0.0498476 -0.00280261
5.8 -0.0505119 -0.0505496 3.77394e-05
5.81 -0.0484823 -0.0512405 0.00275819
5.82 -0.0465758 -0.0519179 0.00534214
5.83 -0.0448055 -0.0525794 0.00777393
5.84 -0.0431832 -0.0532221 0.0100389
5.85 -0.0417194 -0.053843 0.0121236
5.86 -0.0404254 -0.054441 0.0140156
5.87 -0.0393076 -0.0550117 0.0157041
5.88 -0.0383708 -0.05555 0.0171792
5.89 -0.0376195 -0.0560522 0.0184327
5.9 -0.0370563 -0.0565142 0.0194579
5.91 -0.0366824 -0.0569316 0.0202492
5.92 -0.0364975 -0.0573004 0.0208029
5.93 -0.0364995 -0.0576163 0.0211168
5.94 -0.0366851 -0.0578751 0.02119
5.95 -0.0370492 -0.0580727 0.0210235
5.96 -0.0375856 -0.0582051 0.0206195
5.97 -0.0382864 -0.0582683 0.0199819
5.98 -0.0391426 -0.0582588 0.0191162
5.99 -0.0401439 -0.0581731 0.0180292
6 -0.0412789 -0.058008 0.0167291
6.01 -0.0425368 -0.0577624 0.0152256
6.02 -0.0439016 -0.0574313 0.0135297
6.03 -0.0453589 -0.0570124 0.0116535
6.04 -0.0468935 -0.0565038 0.00961033
6.05 -0.0484894 -0.0559041 0.00741469
6.06 -0.0501303 -0.0552122 0.00508194
6.07 -0.0517993 -0.0544277 0.00262837
6.08 -0.0534792 -0.0535503 7.10655e-05
6.09 -0.0551525 -0.0525803 -0.00257222
6.1 -0.0568019 -0.0515187 -0.00528316
6.11 -0.05841 -0.050367 -0.00804297
6.12 -0.0599594 -0.0491269 -0.0108325
6.13 -0.0614333 -0.0478008 -0.0136325
6.14 -0.062815 -0.0463916 -0.0164234
6.15 -0.0640876 -0.0449018 -0.0191858
6.16 -0.0652348 -0.0433344 -0.0219004
6.17 -0.0662432 -0.041695 -0.0245482
6.18 -0.0670988 -0.0399883 -0.0271105
6.19 -0.0677888 -0.0382196 -0.0295692
6.2 -0.0683011 -0.0363944 -0.0319067
6.21 -0.0686251 -0.034519 -0.0341061
6.22 -0.0687508 -0.0325995 -0.0361513
6.23 -0.06867 -0.0306428 -0.0380272
6.24 -0.0683754 -0.0286557 -0.0397197
6.25 -0.067861 -0.0266453 -0.0412157
6.26 -0.0671224 -0.024619 -0.0425034
6.27 -0.0661564 -0.0225844 -0.043572
6.28 -0.0649612 -0.0205489 -0.0444123
6.29 -0.0635367 -0.0185204 -0.0450163
6.3 -0.0618805 -0.016503 -0.0453775
6.31 -0.0599979 -0.0145073 -0.0454906
6.32 -0.0578936 -0.0125413 -0.0453523
6.33 -0.0555731 -0.0106129 -0.0449602
6.34 -0.053043 -0.00872908 -0.0443139
6.35 -0.0503115 -0.00689715 -0.0434143
6.36 -0.0473877 -0.00512375 -0.042264
6.37 -0.0442822 -0.00341548 -0.0408667
6.38 -0.0410066 -0.00177847 -0.0392281
6.39 -0.0375733 -0.000218205 -0.0373551
6.4 -0.0339962 0.00125976 -0.035256
6.41 -0.0302896 0.00265083 -0.0329404
6.42 -0.0264689 0.00395061 -0.0304195
6.43 -0.0225501 0.00515538 -0.0277055
6.44 -0.0185496 0.00626215 -0.0248117
6.45 -0.014484 0.00726885 -0.0217529
6.46 -0.0103723 0.00817203 -0.0185443
6.47 -0.00623212 0.0089705 -0.0152026
6.48 -0.00208155 0.00966345 -0.011745
6.49 0.00206137 0.0102508 -0.00818948
6.5 0.00617865 0.0107333 -0.00455465
6.51 0.0102524 0.011112 -0.000859627
6.52 0.0142651 0.011389 0.00287607
6.53 0.0181994 0.0115667 0.00663266
6.54 0.0220386 0.0116484 0.0103902
6.55 0.0257664 0.0116378 0.0141286
6.56 0.0293674 0.0115393 0.0178281
6.57 0.0328268 0.0113581 0.0214687
6.58 0.0361305 0.0110994 0.0250311
6.59 0.0392637 0.0107674 0.0284963
6.6 0.0422144 0.0103688 0.0318456
6.61 0.0449729 0.00991176 0.0350611
6.62 0.0475296 0.0094038 0.0381258
6.63 0.0498758 0.00885262 0.0410232
6.64 0.052004 0.00826616 0.0437378
6.65 0.0539081 0.00765274 0.0462554
6.66 0.0555832 0.00702082 0.0485624
6.67 0.0570258 0.00637907 0.0506467
6.68 0.0582335 0.00573605 0.0524974
6.69 0.0592056 0.00510072 0.0541049
6.7 0.0599424 0.0044817 0.0554607
6.71 0.0604456 0.0038876 0.056558
6.72 0.0607182 0.00332694 0.0573913
6.73 0.0607645 0.00280806 0.0579564
6.74 0.0605865 0.00233553 0.058251
6.75 0.0601942 0.00192043 0.0582738
6.76 0.059596 0.00157077 0.0580252
6.77 0.0588007 0.00129345 0.0575073
6.78 0.0578185 0.00109532 0.0567232
6.79 0.0566601 0.000982283 0.0556778
6.8 0.0553374 0.000960025 0.0543774
6.81 0.053863 0.00103356 0.0528294
6.82 0.05225 0.00120706 0.0510429
6.83 0.0505124 0.00148436 0.049028
6.84 0.0486647 0.00186854 0.0467962
6.85 0.0467216 0.00236176 0.0443598
6.86 0.0446983 0.00296562 0.0417327
6.87 0.0426103 0.00368102 0.0389293
6.88 0.0404729 0.00450777 0.0359651
6.89 0.0383018 0.00544525 0.0328566
6.9 0.0361133 0.00649274 0.0296206
6.91 0.0339227 0.00764791 0.0262748
6.92 0.0317452 0.00890782 0.0228374
6.93 0.0295954 0.0102685 0.0193269
6.94 0.0274877 0.0117255 0.0157622
6.95 0.025436 0.0132736 0.0121624
6.96 0.0234534 0.0149069 0.00854654
6.97 0.0215524 0.0166186 0.0049338
6.98 0.0197449 0.0184017 0.00134316
6.99 0.0180415 0.0202481 -0.00220663
7 0.0164526 0.0221498 -0.00569715
7.01 0.014987 0.0240974 -0.00911043
7.02 0.0136528 0.0260818 -0.012429
7.03 0.0124589 0.0280951 -0.0156362
7.04 0.0114105 0.0301263 -0.0187158
7.05 0.0105115 0.0321641 -0.0216526
7.06 0.00976561 0.0341978 -0.0244322
7.07 0.00917528 0.0362166 -0.0270413
7.08 0.00874186 0.0382093 -0.0294674
7.09 0.00846556 0.040165 -0.0316995
7.1 0.00834541 0.0420726 -0.0337272
7.11 0.00837935 0.0439212 -0.0355418
7.12 0.00856418 0.0456998 -0.0371356
7.13 0.00889565 0.047398 -0.0385023
7.14 0.00936844 0.0490052 -0.0396368
7.15 0.00997626 0.0505116 -0.0405353
7.16 0.0107119 0.0519075 -0.0411956
7.17 0.0115671 0.0531837 -0.0416166
7.18 0.0125347 0.0543332 -0.0417985
7.19 0.0136029 0.0553459 -0.041743
7.2 0.014761 0.056214 -0.041453
7.21 0.0159979 0.0569307 -0.0409328
7.22 0.017302 0.0574899 -0.0401879
7.23 0.0186611 0.0578858 -0.0392247
7.24 0.0200628 0.0581141 -0.0380513
7.25 0.0214941 0.0581705 -0.0366764
7.26 0.0229422 0.0580524 -0.0351102
7.27 0.0243937 0.0577571 -0.0333634
7.28 0.0258356 0.0572835 -0.0314479
7.29 0.0272548 0.0566312 -0.0293764
7.3 0.0286382 0.0558004 -0.0271622
7.31 0.029973 0.0547926 -0.0248196
7.32 0.0312464 0.0536094 -0.022363
7.33 0.0324455 0.0522531 -0.0198076
7.34 0.0335596 0.0507286 -0.017169
7.35 0.0345775 0.0490404 -0.0144629
7.36 0.035489 0.0471945 -0.0117055
7.37 0.0362843 0.045197 -0.00891271
7.38 0.0369544 0.0430553 -0.00610086
7.39 0.0374911 0.0407771 -0.00328597
7.4 0.0378872 0.0383712 -0.000483952
7.41 0.0381362 0.0358467 0.00228955
7.42 0.0382328 0.0332136 0.00501923
7.43 0.0381723 0.0304821 0.00769023
7.44 0.0379513 0.0276631 0.0102882
7.45 0.0375673 0.0247679 0.0127994
7.46 0.037019 0.0218083 0.0152107
7.47 0.0363036 0.0187938 0.0175098
7.48 0.0354235 0.0157383 0.0196852
7.49 0.034381 0.0126548 0.0217262
7.5 0.033179 0.00955602 0.023623
7.51 0.0318214 0.00645461 0.0253668
7.52 0.0303128 0.00336297 0.0269498
7.53 0.028659 0.000293644 0.0283654
7.54 0.0268667 -0.00274098 0.0296077
7.55 0.0249432 -0.005729 0.0306722
7.56 0.0228971 -0.00865834 0.0315554
7.57 0.0207372 -0.0115178 0.032255
7.58 0.0184736 -0.0142961 0.0327697
7.59 0.0161165 -0.0169827 0.0330992
7.6 0.013677 -0.0195677 0.0332447
7.61 0.0111665 -0.0220415 0.033208
7.62 0.00859637 -0.0243959 0.0329923
7.63 0.00598019 -0.0266215 0.0326017
7.64 0.00333053 -0.0287106 0.0320412
7.65 0.000660234 -0.0306566 0.0313168
7.66 -0.00201776 -0.0324534 0.0304356
7.67 -0.00469046 -0.0340957 0.0294053
7.68 -0.00734492 -0.0355793 0.0282343
7.69 -0.00996831 -0.0369004 0.0269321
7.7 -0.012548 -0.0380565 0.0255085
7.71 -0.0150716 -0.0390458 0.0239742
7.72 -0.0175271 -0.0398671 0.02234
7.73 -0.0199029 -0.0405205 0.0206176
7.74 -0.0221879 -0.0410067 0.0188188
7.75 -0.0243715 -0.0413272 0.0169557
7.76 -0.0264427 -0.0414835 0.0150408
7.77 -0.0283919 -0.0414785 0.0130866
7.78 -0.0302117 -0.0413173 0.0111056
7.79 -0.0318944 -0.0410048 0.00911036
7.8 -0.033433 -0.0405464 0.00711338
7.81 -0.0348215 -0.0399484 0.00512692
7.82 -0.0360548 -0.0392178 0.00316302
7.83 -0.0371285 -0.0383619 0.00123338
7.84 -0.0380395 -0.0373888 -0.00065067
7.85 -0.0387853 -0.036307 -0.00247825
7.86 -0.0393646 -0.0351256 -0.00423902
7.87 -0.039777 -0.0338538 -0.00592319
7.88 -0.040023 -0.0325014 -0.00752162
7.89 -0.040104 -0.0310782 -0.00902582
7.9 -0.0400226 -0.0295945 -0.0104281
7.91 -0.0397796 -0.0280583 -0.0117213
7.92 -0.0393815 -0.026482 -0.0128995
7.93 -0.0388338 -0.0248767 -0.0139571
7.94 -0.0381425 -0.0232527 -0.0148898
7.95 -0.0373143 -0.0216205 -0.0156938
7.96 -0.0363566 -0.0199902 -0.0163664
7.97 -0.0352777 -0.018372 -0.0169057
7.98 -0.0340862 -0.0167754 -0.0173108
7.99 -0.0327915 -0.01521 -0.0175815
8 -0.0314035 -0.0136848 -0.0177187
