# Generated on Sun Sep  5 13:47:48 2021 by yr2369.
# This file was created by PDFgui.
#S 1
#L r  Gtrunc  Gdiff  Gcalc
1.79 -0.151299 -0.0171371 -0.134162
1.8 -0.159895 -0.0136922 -0.146203
1.81 -0.1689 -0.0105277 -0.158372
1.82 -0.178265 -0.00764355 -0.170621
1.83 -0.187939 -0.00503937 -0.1829
1.84 -0.197866 -0.00271169 -0.195154
1.85 -0.20799 -0.000658489 -0.207332
1.86 -0.218252 0.00112397 -0.219376
1.87 -0.22859 0.00264136 -0.231231
1.88 -0.238941 0.00389954 -0.242841
1.89 -0.249238 0.00490782 -0.254146
1.9 -0.259418 0.00567118 -0.265089
1.91 -0.269407 0.00620557 -0.275613
1.92 -0.27914 0.00651814 -0.285658
1.93 -0.288548 0.00662056 -0.295169
1.94 -0.297565 0.00652225 -0.304087
1.95 -0.306121 0.00623765 -0.312359
1.96 -0.314152 0.00577655 -0.319929
1.97 -0.32159 0.0051543 -0.326744
1.98 -0.328372 0.00438311 -0.332755
1.99 -0.334436 0.0034763 -0.337912
2 -0.339721 0.00244858 -0.34217
2.01 -0.34417 0.00131327 -0.345483
2.02 -0.347728 8.45799e-05 -0.347813
2.03 -0.350343 -0.00122319 -0.34912
2.04 -0.351966 -0.0025954 -0.349371
2.05 -0.35255 -0.00401588 -0.348534
2.06 -0.352039 -0.00545575 -0.346583
2.07 -0.350414 -0.00691917 -0.343495
2.08 -0.347641 -0.00839126 -0.33925
2.09 -0.343694 -0.00986089 -0.333833
2.1 -0.338549 -0.0113146 -0.327234
2.11 -0.332191 -0.0127433 -0.319448
2.12 -0.324606 -0.0141346 -0.310471
2.13 -0.315786 -0.0154773 -0.300309
2.14 -0.305732 -0.0167645 -0.288968
2.15 -0.294445 -0.0179844 -0.276461
2.16 -0.281936 -0.0191309 -0.262805
2.17 -0.268218 -0.0201947 -0.248023
2.18 -0.253313 -0.0211711 -0.232142
2.19 -0.237246 -0.0220535 -0.215193
2.2 -0.220037 -0.0228258 -0.197211
2.21 -0.201726 -0.0234876 -0.178238
2.22 -0.182363 -0.0240438 -0.158319
2.23 -0.161996 -0.0244933 -0.137503
2.24 -0.140677 -0.0248348 -0.115842
2.25 -0.118463 -0.0250682 -0.0933948
2.26 -0.0954143 -0.0251929 -0.0702214
2.27 -0.0715969 -0.0252104 -0.0463865
2.28 -0.0470801 -0.0251224 -0.0219577
2.29 -0.0219372 -0.0249317 0.00299449
2.3 0.00375515 -0.0246413 0.0283965
2.31 0.0299171 -0.0242554 0.0541725
2.32 0.056466 -0.0237783 0.0802443
2.33 0.0833169 -0.0232153 0.106532
2.34 0.110382 -0.0225724 0.132954
2.35 0.137574 -0.0218542 0.159428
2.36 0.164798 -0.0210721 0.18587
2.37 0.191963 -0.0202325 0.212196
2.38 0.218976 -0.0193442 0.23832
2.39 0.245746 -0.0184136 0.26416
2.4 0.272181 -0.0174488 0.28963
2.41 0.298191 -0.0164567 0.314648
2.42 0.323684 -0.0154472 0.339131
2.43 0.348572 -0.0144278 0.363
2.44 0.372768 -0.0134067 0.386175
2.45 0.396189 -0.0123904 0.408579
2.46 0.418752 -0.0113878 0.43014
2.47 0.440377 -0.0104075 0.450784
2.48 0.46099 -0.00945514 0.470445
2.49 0.480513 -0.00854394 0.489057
2.5 0.498865 -0.00769358 0.506559
2.51 0.515998 -0.00689468 0.522893
2.52 0.531853 -0.006153 0.538006
2.53 0.546376 -0.00547365 0.55185
2.54 0.559518 -0.00486132 0.564379
2.55 0.571234 -0.00432143 0.575555
2.56 0.581486 -0.00385735 0.585343
2.57 0.590242 -0.00347149 0.593713
2.58 0.597474 -0.00316745 0.600641
2.59 0.603162 -0.00294611 0.606108
2.6 0.60729 -0.00280971 0.6101
2.61 0.609848 -0.00275991 0.612608
2.62 0.610834 -0.00279581 0.61363
2.63 0.610251 -0.00291694 0.613168
2.64 0.60809 -0.00314029 0.61123
2.65 0.604373 -0.00345719 0.60783
2.66 0.599133 -0.00385334 0.602986
2.67 0.592396 -0.00432662 0.596723
2.68 0.584195 -0.00487305 0.589068
2.69 0.574568 -0.00548862 0.580057
2.7 0.563558 -0.00616916 0.569727
2.71 0.551214 -0.00690911 0.558123
2.72 0.537589 -0.00770339 0.545292
2.73 0.52274 -0.00854713 0.531287
2.74 0.506731 -0.00943246 0.516163
2.75 0.489626 -0.0103552 0.499981
2.76 0.471497 -0.0113068 0.482804
2.77 0.452416 -0.0122817 0.464698
2.78 0.432459 -0.0132734 0.445732
2.79 0.411694 -0.0142857 0.42598
2.8 0.390217 -0.0152971 0.405514
2.81 0.368111 -0.0163008 0.384412
2.82 0.345462 -0.0172885 0.36275
2.83 0.322355 -0.0182543 0.340609
2.84 0.298879 -0.0191892 0.318068
2.85 0.275119 -0.0200889 0.295208
2.86 0.251163 -0.0209461 0.272109
2.87 0.227099 -0.0217535 0.248853
2.88 0.203012 -0.0225065 0.225518
2.89 0.178987 -0.0231993 0.202186
2.9 0.155107 -0.0238274 0.178934
2.91 0.131455 -0.0243847 0.15584
2.92 0.10811 -0.0248672 0.132977
2.93 0.0851516 -0.0252683 0.11042
2.94 0.0626577 -0.0255808 0.0882385
2.95 0.0406948 -0.0258062 0.066501
2.96 0.0193299 -0.0259426 0.0452725
2.97 -0.00137346 -0.0259884 0.0246149
2.98 -0.0213559 -0.0259426 0.00458669
2.99 -0.0405621 -0.0258049 -0.0147572
3 -0.0589412 -0.0255754 -0.0333658
3.01 -0.0764469 -0.025255 -0.0511919
3.02 -0.0930377 -0.024845 -0.0681927
3.03 -0.108677 -0.0243475 -0.0843295
3.04 -0.123332 -0.023764 -0.099568
3.05 -0.136977 -0.0230983 -0.113879
3.06 -0.149591 -0.0223547 -0.127236
3.07 -0.161155 -0.0215346 -0.13962
3.08 -0.171646 -0.0206311 -0.151015
3.09 -0.181065 -0.0196561 -0.161409
3.1 -0.189416 -0.0186204 -0.170796
3.11 -0.196703 -0.0175299 -0.179173
3.12 -0.202936 -0.0163921 -0.186544
3.13 -0.208128 -0.0152129 -0.192915
3.14 -0.212296 -0.0139979 -0.198298
3.15 -0.215464 -0.0127556 -0.202708
3.16 -0.217657 -0.0114913 -0.206166
3.17 -0.218908 -0.0102144 -0.208694
3.18 -0.219251 -0.00893153 -0.210319
3.19 -0.218723 -0.00764876 -0.211074
3.2 -0.217367 -0.00637486 -0.210992
3.21 -0.215228 -0.00511745 -0.210111
3.22 -0.21235 -0.00388026 -0.20847
3.23 -0.208776 -0.00266341 -0.206113
3.24 -0.20457 -0.0014856 -0.203084
3.25 -0.199786 -0.000353459 -0.199433
3.26 -0.19448 0.000726261 -0.195206
3.27 -0.188709 0.00174735 -0.190456
3.28 -0.18253 0.00270487 -0.185235
3.29 -0.176002 0.00359289 -0.179595
3.3 -0.169184 0.00440617 -0.17359
3.31 -0.162134 0.00514088 -0.167275
3.32 -0.154912 0.00579132 -0.160703
3.33 -0.147574 0.00635563 -0.15393
3.34 -0.140179 0.00682853 -0.147008
3.35 -0.13278 0.00721002 -0.13999
3.36 -0.125433 0.00749611 -0.132929
3.37 -0.118192 0.00768359 -0.125876
3.38 -0.111107 0.00777178 -0.118879
3.39 -0.104226 0.00776027 -0.111986
3.4 -0.0975945 0.0076492 -0.105244
3.41 -0.0912551 0.00743947 -0.0986946
3.42 -0.0852475 0.00713252 -0.09238
3.43 -0.0796086 0.00673006 -0.0863387
3.44 -0.0743718 0.00623458 -0.0806064
3.45 -0.0695674 0.00564886 -0.0752163
3.46 -0.065222 0.00497634 -0.0701983
3.47 -0.0613588 0.00422079 -0.0655796
3.48 -0.0579974 0.00338639 -0.0613838
3.49 -0.0551535 0.00247791 -0.0576314
3.5 -0.0528393 0.00150031 -0.0543396
3.51 -0.0510632 0.000458958 -0.0515222
3.52 -0.0498381 -0.000648689 -0.0491894
3.53 -0.0491586 -0.00181027 -0.0473483
3.54 -0.04902 -0.00301753 -0.0460025
3.55 -0.0494159 -0.00426386 -0.045152
3.56 -0.0503366 -0.00554268 -0.0447939
3.57 -0.0517689 -0.00684714 -0.0449218
3.58 -0.0536964 -0.00817036 -0.045526
3.59 -0.0560995 -0.0095053 -0.0465942
3.6 -0.0589559 -0.0108452 -0.0481107
3.61 -0.0622403 -0.012183 -0.0500573
3.62 -0.0659251 -0.0135122 -0.0524129
3.63 -0.06998 -0.0148259 -0.0551541
3.64 -0.0743728 -0.0161179 -0.0582549
3.65 -0.0790692 -0.0173816 -0.0616876
3.66 -0.084034 -0.018612 -0.065422
3.67 -0.0892315 -0.0198051 -0.0694264
3.68 -0.0946187 -0.020951 -0.0736677
3.69 -0.100156 -0.0220449 -0.0781111
3.7 -0.105803 -0.023082 -0.082721
3.71 -0.111518 -0.0240574 -0.0874606
3.72 -0.117259 -0.0249664 -0.0922926
3.73 -0.122987 -0.0258077 -0.0971793
3.74 -0.128658 -0.0265754 -0.102083
3.75 -0.134233 -0.0272685 -0.106965
3.76 -0.139672 -0.0278848 -0.111787
3.77 -0.144935 -0.0284216 -0.116513
3.78 -0.149984 -0.0288777 -0.121106
3.79 -0.154783 -0.0292529 -0.12553
3.8 -0.159296 -0.0295461 -0.12975
3.81 -0.163486 -0.0297536 -0.133732
3.82 -0.167322 -0.0298767 -0.137445
3.83 -0.170776 -0.0299179 -0.140858
3.84 -0.173822 -0.0298798 -0.143942
3.85 -0.176434 -0.0297632 -0.146671
3.86 -0.178591 -0.0295718 -0.149019
3.87 -0.180272 -0.0293072 -0.150965
3.88 -0.18146 -0.0289726 -0.152487
3.89 -0.182141 -0.0285718 -0.153569
3.9 -0.182303 -0.0281082 -0.154195
3.91 -0.181937 -0.0275855 -0.154352
3.92 -0.181037 -0.0270078 -0.154029
3.93 -0.1796 -0.0263798 -0.15322
3.94 -0.177626 -0.0257062 -0.15192
3.95 -0.175117 -0.0249912 -0.150126
3.96 -0.17207 -0.0242313 -0.147839
3.97 -0.168501 -0.0234393 -0.145062
3.98 -0.164422 -0.0226214 -0.141801
3.99 -0.159846 -0.0217822 -0.138064
4 -0.154789 -0.020927 -0.133862
4.01 -0.149269 -0.0200603 -0.129209
4.02 -0.143306 -0.0191866 -0.124119
4.03 -0.136924 -0.018312 -0.118612
4.04 -0.130147 -0.0174405 -0.112707
4.05 -0.123 -0.0165751 -0.106425
4.06 -0.115513 -0.015722 -0.099791
4.07 -0.107713 -0.0148826 -0.0928304
4.08 -0.0996335 -0.0140633 -0.0855702
4.09 -0.0913045 -0.0132655 -0.078039
4.1 -0.0827583 -0.0124918 -0.0702665
4.11 -0.074028 -0.0117443 -0.0622837
4.12 -0.0651505 -0.0110283 -0.0541222
4.13 -0.0561603 -0.0103458 -0.0458145
4.14 -0.0470921 -0.00969837 -0.0373937
4.15 -0.0379807 -0.00908751 -0.0288932
4.16 -0.0288605 -0.00851404 -0.0203465
4.17 -0.0197657 -0.00797861 -0.0117871
4.18 -0.0107298 -0.00748133 -0.00324847
4.19 -0.00178572 -0.00702211 0.00523639
4.2 0.00703453 -0.00660045 0.013635
4.21 0.0157 -0.0062155 0.0219155
4.22 0.024181 -0.00586598 0.030047
4.23 0.0324489 -0.0055506 0.0379995
4.24 0.0404769 -0.00526734 0.0457442
4.25 0.048236 -0.00501773 0.0532537
4.26 0.0557034 -0.00479848 0.0605019
4.27 0.0628589 -0.00460527 0.0674642
4.28 0.0696827 -0.00443503 0.0741177
4.29 0.0761567 -0.00428473 0.0804414
4.3 0.0822647 -0.00415131 0.086416
4.31 0.087993 -0.00403112 0.0920241
4.32 0.0933297 -0.0039207 0.0972504
4.33 0.0982649 -0.00381664 0.102082
4.34 0.102791 -0.00371531 0.106506
4.35 0.106903 -0.00361259 0.110516
4.36 0.110597 -0.0035054 0.114102
4.37 0.113872 -0.00338991 0.117262
4.38 0.116728 -0.00326342 0.119991
4.39 0.119169 -0.00312132 0.12229
4.4 0.121193 -0.00296711 0.12416
4.41 0.122812 -0.00279234 0.125604
4.42 0.124037 -0.00259154 0.126629
4.43 0.124877 -0.00236316 0.12724
4.44 0.125344 -0.00210452 0.127449
4.45 0.125453 -0.00181172 0.127265
4.46 0.125216 -0.00148552 0.126702
4.47 0.124652 -0.0011213 0.125773
4.48 0.123777 -0.000718893 0.124496
4.49 0.12261 -0.000276496 0.122886
4.5 0.12117 0.00020644 0.120964
4.51 0.119477 0.000730347 0.118747
4.52 0.117552 0.00129567 0.116256
4.53 0.115416 0.00190199 0.113514
4.54 0.11309 0.00254817 0.110542
4.55 0.110596 0.0032335 0.107363
4.56 0.107958 0.00395881 0.103999
4.57 0.105198 0.00472264 0.100475
4.58 0.102338 0.00552336 0.0968146
4.59 0.099399 0.00635831 0.0930407
4.6 0.0964028 0.00722575 0.0891771
4.61 0.0933699 0.00812287 0.085247
4.62 0.0903203 0.00904675 0.0812735
4.63 0.0872733 0.00999425 0.077279
4.64 0.0842473 0.010962 0.0732853
4.65 0.08126 0.0119465 0.0693135
4.66 0.0783277 0.0129439 0.0653838
4.67 0.0754659 0.0139503 0.0615156
4.68 0.0726888 0.0149618 0.057727
4.69 0.0700111 0.0159758 0.0540353
4.7 0.0674437 0.0169873 0.0504564
4.71 0.0649966 0.0179917 0.0470049
4.72 0.0626789 0.0189846 0.0436943
4.73 0.0604982 0.0199618 0.0405364
4.74 0.0584608 0.0209189 0.0375419
4.75 0.0565716 0.0218518 0.0347198
4.76 0.0548341 0.0227563 0.0320778
4.77 0.0532504 0.0236285 0.0296219
4.78 0.0518215 0.0244647 0.0273568
4.79 0.0505468 0.0252611 0.0252857
4.8 0.0494245 0.0260143 0.0234102
4.81 0.0484516 0.0267212 0.0217304
4.82 0.0476239 0.0273786 0.0202453
4.83 0.0469365 0.0279843 0.0189522
4.84 0.0463846 0.0285374 0.0178472
4.85 0.0459587 0.0290335 0.0169252
4.86 0.0456505 0.0294708 0.0161797
4.87 0.0454507 0.0298475 0.0156032
4.88 0.0453497 0.0301625 0.0151872
4.89 0.0453369 0.0304149 0.014922
4.9 0.0454013 0.030604 0.0147973
4.91 0.0455313 0.0307296 0.0148017
4.92 0.0457152 0.030792 0.0149232
4.93 0.0459407 0.0307912 0.0151495
4.94 0.0461956 0.0307284 0.0154672
4.95 0.0464675 0.0306044 0.0158631
4.96 0.0467439 0.0304205 0.0163234
4.97 0.0470125 0.0301785 0.016834
4.98 0.0472611 0.0298802 0.0173809
4.99 0.0474773 0.0295272 0.0179501
5 0.04765 0.0291223 0.0185277
5.01 0.0477681 0.028668 0.0191001
5.02 0.0478213 0.0281676 0.0196537
5.03 0.0477995 0.0276239 0.0201756
5.04 0.0476936 0.0270402 0.0206534
5.05 0.047495 0.0264199 0.0210751
5.06 0.0471959 0.0257664 0.0214295
5.07 0.0467896 0.0250835 0.0217061
5.08 0.0462697 0.0243745 0.0218952
5.09 0.0456312 0.0236433 0.0219879
5.1 0.0448697 0.0228934 0.0219763
5.11 0.043982 0.0221286 0.0218534
5.12 0.0429655 0.0213522 0.0216133
5.13 0.0418168 0.0205657 0.0212511
5.14 0.0405371 0.0197742 0.0207629
5.15 0.0391274 0.0189814 0.020146
5.16 0.037589 0.0181903 0.0193987
5.17 0.0359243 0.0174038 0.0185205
5.18 0.0341367 0.0166248 0.0175119
5.19 0.0322302 0.0158555 0.0163747
5.2 0.0302098 0.0150984 0.0151114
5.21 0.0280813 0.0143555 0.0137258
5.22 0.0258511 0.0136284 0.0122227
5.23 0.0235264 0.0129186 0.0106078
5.24 0.021115 0.0122272 0.00888785
5.25 0.0186253 0.0115551 0.00707024
5.26 0.0160661 0.0109027 0.00516337
5.27 0.0134466 0.0102703 0.00317631
5.28 0.0107762 0.00965736 0.00111884
5.29 0.0080658 0.00906446 -0.000998657
5.3 0.00532564 0.0084909 -0.00316526
5.31 0.00256614 0.00793574 -0.0053696
5.32 -0.000202194 0.00739772 -0.00759992
5.33 -0.00296883 0.00687533 -0.00984416
5.34 -0.00572328 0.00636681 -0.0120901
5.35 -0.0084552 0.00587012 -0.0143253
5.36 -0.0111544 0.00538305 -0.0165375
5.37 -0.013811 0.00490312 -0.0187141
5.38 -0.0164154 0.0044277 -0.0208431
5.39 -0.0189583 0.0039541 -0.0229124
5.4 -0.021431 0.00347931 -0.0249103
5.41 -0.0238252 0.00300033 -0.0268255
5.42 -0.026132 0.0025152 -0.0286472
5.43 -0.0283444 0.0020206 -0.030365
5.44 -0.0304565 0.00151272 -0.0319692
5.45 -0.0324625 0.000988307 -0.0334508
5.46 -0.034357 0.000444448 -0.0348014
5.47 -0.0361358 -0.000122188 -0.0360136
5.48 -0.037795 -0.000714393 -0.0370806
5.49 -0.0393316 -0.00133498 -0.0379966
5.5 -0.0407434 -0.00198664 -0.0387568
5.51 -0.042029 -0.00267192 -0.0393571
5.52 -0.0431875 -0.00339288 -0.0397946
5.53 -0.0442191 -0.00415168 -0.0400674
5.54 -0.0451244 -0.00494988 -0.0401745
5.55 -0.0459051 -0.00578913 -0.040116
5.56 -0.0465632 -0.00667033 -0.0398929
5.57 -0.0470997 -0.00759242 -0.0395073
5.58 -0.0475201 -0.00855781 -0.0389623
5.59 -0.0478288 -0.00956684 -0.038262
5.6 -0.0480303 -0.010619 -0.0374113
5.61 -0.04813 -0.0117138 -0.0364162
5.62 -0.0481336 -0.0128502 -0.0352834
5.63 -0.0480472 -0.0140266 -0.0340206
5.64 -0.0478775 -0.0152413 -0.0326362
5.65 -0.0476311 -0.0164919 -0.0311392
5.66 -0.0473153 -0.0177757 -0.0295396
5.67 -0.0469374 -0.0190897 -0.0278477
5.68 -0.0465048 -0.0204304 -0.0260744
5.69 -0.0460252 -0.0217941 -0.0242311
5.7 -0.0455062 -0.0231766 -0.0223296
5.71 -0.0449552 -0.0245732 -0.020382
5.72 -0.0443799 -0.0259793 -0.0184006
5.73 -0.0437879 -0.0273899 -0.016398
5.74 -0.0431865 -0.0287997 -0.0143868
5.75 -0.0425826 -0.0302032 -0.0123794
5.76 -0.041983 -0.0315946 -0.0103884
5.77 -0.0413938 -0.0329677 -0.0084261
5.78 -0.0408211 -0.0343165 -0.00650459
5.79 -0.0402704 -0.0356348 -0.00463563
5.8 -0.0397466 -0.036916 -0.00283058
5.81 -0.0392544 -0.038154 -0.00110036
5.82 -0.0387978 -0.0393425 0.000544669
5.83 -0.0383801 -0.0404748 0.00209474
5.84 -0.0380044 -0.0415452 0.00354076
5.85 -0.0376729 -0.0425472 0.00487432
5.86 -0.0373878 -0.0434756 0.00608782
5.87 -0.03715 -0.0443245 0.00717446
5.88 -0.0369595 -0.0450878 0.00812832
5.89 -0.0368163 -0.0457606 0.00894434
5.9 -0.0367193 -0.0463377 0.00961843
5.91 -0.0366674 -0.0468148 0.0101474
5.92 -0.0366583 -0.0471875 0.0105292
5.93 -0.0366896 -0.0474521 0.0107625
5.94 -0.0367581 -0.0476052 0.0108471
5.95 -0.0368603 -0.0476441 0.0107838
5.96 -0.0369919 -0.0475664 0.0105745
5.97 -0.0371484 -0.0473702 0.0102218
5.98 -0.0373249 -0.0470544 0.00972947
5.99 -0.0375158 -0.0466179 0.00910212
6 -0.0377157 -0.046061 0.0083453
6.01 -0.0379183 -0.0453837 0.00746539
6.02 -0.0381173 -0.0445869 0.00646961
6.03 -0.0383064 -0.0436724 0.00536595
6.04 -0.0384789 -0.042642 0.00416313
6.05 -0.0386282 -0.0414987 0.00287052
6.06 -0.0387477 -0.0402458 0.0014981
6.07 -0.0388307 -0.0388871 5.64114e-05
6.08 -0.0388707 -0.0374271 -0.00144355
6.09 -0.0388613 -0.0358709 -0.00299038
6.1 -0.0387962 -0.0342239 -0.00457233
6.11 -0.0386694 -0.032492 -0.00617742
6.12 -0.0384751 -0.0306816 -0.00779347
6.13 -0.038208 -0.0287998 -0.00940819
6.14 -0.0378631 -0.0268538 -0.0110093
6.15 -0.0374349 -0.0248504 -0.0125845
6.16 -0.036919 -0.0227972 -0.0141218
6.17 -0.0363126 -0.0207035 -0.0156091
6.18 -0.0356126 -0.0185776 -0.017035
6.19 -0.0348163 -0.0164283 -0.018388
6.2 -0.0339218 -0.0142644 -0.0196574
6.21 -0.0329276 -0.0120947 -0.0208329
6.22 -0.031833 -0.00992836 -0.0219046
6.23 -0.0306377 -0.00777421 -0.0228635
6.24 -0.0293423 -0.00564131 -0.023701
6.25 -0.0279478 -0.00353838 -0.0244094
6.26 -0.0264559 -0.00147407 -0.0249818
6.27 -0.0248691 0.00054303 -0.0254121
6.28 -0.0231904 0.00250468 -0.0256951
6.29 -0.0214233 0.00440304 -0.0258263
6.3 -0.019571 0.00623154 -0.0258025
6.31 -0.0176393 0.00798191 -0.0256212
6.32 -0.0156339 0.00964701 -0.0252809
6.33 -0.0135607 0.0112205 -0.0247812
6.34 -0.0114261 0.0126963 -0.0241224
6.35 -0.00923697 0.0140693 -0.0233063
6.36 -0.00700054 0.0153346 -0.0223351
6.37 -0.00472447 0.0164879 -0.0212124
6.38 -0.00241673 0.0175258 -0.0199426
6.39 -8.55707e-05 0.0184453 -0.0185309
6.4 0.00226051 0.019244 -0.0169835
6.41 0.00461285 0.0199204 -0.0153075
6.42 0.00696263 0.0204735 -0.0135109
6.43 0.00930097 0.0209031 -0.0116021
6.44 0.0116188 0.0212094 -0.0095906
6.45 0.0139068 0.0213932 -0.00748637
6.46 0.0161564 0.0214564 -0.00530003
6.47 0.0183588 0.0214015 -0.00304275
6.48 0.0205057 0.0212318 -0.00072614
6.49 0.0225888 0.020951 0.00163775
6.5 0.0246 0.0205634 0.00403657
6.51 0.0265317 0.020074 0.00645767
6.52 0.0283768 0.0194886 0.00888824
6.53 0.0301282 0.0188128 0.0113154
6.54 0.0317797 0.0180536 0.0137261
6.55 0.0333254 0.017218 0.0161074
6.56 0.0347599 0.0163132 0.0184467
6.57 0.0360784 0.0153472 0.0207312
6.58 0.0372768 0.0143282 0.0229486
6.59 0.0383501 0.0132632 0.0250869
6.6 0.0392956 0.012161 0.0271346
6.61 0.040112 0.0110315 0.0290805
6.62 0.0407977 0.00988369 0.030914
6.63 0.0413519 0.00872667 0.0326252
6.64 0.0417742 0.00756937 0.0342048
6.65 0.0420651 0.00642089 0.0356442
6.66 0.0422257 0.00529015 0.0369356
6.67 0.0422577 0.00418585 0.0380718
6.68 0.0421634 0.00311647 0.0390469
6.69 0.041946 0.00209049 0.0398555
6.7 0.041609 0.00111577 0.0404932
6.71 0.0411567 0.000200043 0.0409567
6.72 0.0405938 -0.000649522 0.0412433
6.73 0.0399255 -0.00142622 0.0413517
6.74 0.0391562 -0.00212514 0.0412813
6.75 0.0382936 -0.00273901 0.0410326
6.76 0.0373446 -0.00326238 0.040607
6.77 0.0363162 -0.00369064 0.0400068
6.78 0.0352157 -0.00401982 0.0392355
6.79 0.0340507 -0.0042466 0.0382973
6.8 0.0328291 -0.00436824 0.0371973
6.81 0.0315589 -0.00438278 0.0359417
6.82 0.0302481 -0.0042891 0.0345372
6.83 0.0289051 -0.00408645 0.0329915
6.84 0.027538 -0.00377514 0.0313131
6.85 0.0261551 -0.00335598 0.0295111
6.86 0.0247644 -0.0028307 0.0275951
6.87 0.023374 -0.00220155 0.0255755
6.88 0.0219918 -0.00147146 0.0234633
6.89 0.0206258 -0.000643746 0.0212695
6.9 0.0192831 0.000276983 0.0190061
6.91 0.0179708 0.0012858 0.016685
6.92 0.0166955 0.00237701 0.0143185
6.93 0.0154636 0.00354456 0.011919
6.94 0.0142809 0.00478165 0.00949925
6.95 0.0131528 0.00608105 0.00707175
6.96 0.0120842 0.00743506 0.00464914
6.97 0.0110795 0.0088356 0.0022439
6.98 0.0101427 0.0102743 -0.000131626
6.99 0.00927696 0.0117423 -0.00246536
7 0.00848517 0.0132307 -0.00474552
7.01 0.00776947 0.0147302 -0.0069607
7.02 0.00713146 0.0162314 -0.00909992
7.03 0.00657309 0.0177258 -0.0111527
7.04 0.00609437 0.0192035 -0.0131092
7.05 0.00569458 0.0206545 -0.01496
7.06 0.00537297 0.0220694 -0.0166964
7.07 0.00512821 0.0234387 -0.0183105
7.08 0.00495843 0.0247535 -0.0197951
7.09 0.00486123 0.0260049 -0.0211437
7.1 0.00483372 0.0271844 -0.0223507
7.11 0.00487252 0.0282837 -0.0234112
7.12 0.00497381 0.0292951 -0.0243213
7.13 0.00513334 0.0302112 -0.0250779
7.14 0.00534649 0.0310253 -0.0256788
7.15 0.00560829 0.0317309 -0.0261227
7.16 0.00591346 0.0323225 -0.0264091
7.17 0.00625646 0.032795 -0.0265385
7.18 0.00663198 0.0331443 -0.0265123
7.19 0.00703337 0.033366 -0.0263327
7.2 0.00745453 0.0334571 -0.0260026
7.21 0.00788927 0.0334152 -0.0255259
7.22 0.00833136 0.0332386 -0.0249073
7.23 0.00877458 0.0329267 -0.0241521
7.24 0.00921272 0.0324792 -0.0232665
7.25 0.0096397 0.0318969 -0.0222572
7.26 0.0100496 0.0311813 -0.0211317
7.27 0.0104365 0.0303344 -0.0198979
7.28 0.0107949 0.0293592 -0.0185643
7.29 0.0111195 0.0282595 -0.01714
7.3 0.0114053 0.0270396 -0.0156343
7.31 0.0116475 0.0257046 -0.0140571
7.32 0.0118414 0.0242597 -0.0124183
7.33 0.0119828 0.0227112 -0.0107284
7.34 0.0120686 0.0210663 -0.00899774
7.35 0.0120958 0.0193327 -0.00723694
7.36 0.0120618 0.0175184 -0.00545665
7.37 0.0119644 0.0156319 -0.00366748
7.38 0.011802 0.013682 -0.00188
7.39 0.0115734 0.011678 -0.000104595
7.4 0.011278 0.00962949 0.00164851
7.41 0.0109156 0.00754623 0.00336937
7.42 0.0104867 0.00543835 0.00504835
7.43 0.00999201 0.00331584 0.00667617
7.44 0.00943304 0.00118907 0.00824397
7.45 0.00881162 -0.000931756 0.00974338
7.46 0.0081301 -0.0030364 0.0111665
7.47 0.00739055 -0.00511548 0.012506
7.48 0.0065968 -0.00715841 0.0137552
7.49 0.00575278 -0.00915517 0.014908
7.5 0.00486257 -0.0110962 0.0159588
7.51 0.00393055 -0.0129724 0.016903
7.52 0.00296145 -0.0147749 0.0177364
7.53 0.00196029 -0.0164954 0.0184557
7.54 0.000932332 -0.0181259 0.0190582
7.55 -0.000116942 -0.0196591 0.0195422
7.56 -0.00118188 -0.0210882 0.0199063
7.57 -0.00225669 -0.022407 0.0201503
7.58 -0.00333549 -0.0236099 0.0202744
7.59 -0.00441235 -0.024692 0.0202797
7.6 -0.00548132 -0.0256492 0.0201679
7.61 -0.00653644 -0.026478 0.0199415
7.62 -0.00757147 -0.0271751 0.0196036
7.63 -0.00858092 -0.0277389 0.019158
7.64 -0.00955923 -0.0281682 0.0186089
7.65 -0.010501 -0.0284624 0.0179614
7.66 -0.0114012 -0.0286222 0.017221
7.67 -0.0122549 -0.0286484 0.0163935
7.68 -0.0130575 -0.0285429 0.0154854
7.69 -0.0138049 -0.0283086 0.0145037
7.7 -0.0144932 -0.0279486 0.0134554
7.71 -0.0151189 -0.027467 0.0123481
7.72 -0.015679 -0.0268686 0.0111896
7.73 -0.016171 -0.0261589 0.00998791
7.74 -0.0165926 -0.0253438 0.00875118
7.75 -0.0169421 -0.0244298 0.00748768
7.76 -0.0172179 -0.0234236 0.00620574
7.77 -0.0174191 -0.0223328 0.00491368
7.78 -0.0175462 -0.021166 0.00361979
7.79 -0.0175997 -0.0199319 0.00233224
7.8 -0.0175803 -0.0186394 0.00105906
7.81 -0.0174893 -0.0172974 -0.000191918
7.82 -0.0173287 -0.0159156 -0.00141313
7.83 -0.0171006 -0.0145033 -0.00259727
7.84 -0.0168079 -0.0130705 -0.00373741
7.85 -0.0164536 -0.0116266 -0.00482696
7.86 -0.0160415 -0.0101817 -0.00585976
7.87 -0.0155755 -0.00874541 -0.00683009
7.88 -0.0150599 -0.00732718 -0.00773272
7.89 -0.0144995 -0.00593658 -0.00856292
7.9 -0.0138992 -0.00458271 -0.00931649
7.91 -0.0132638 -0.00327401 -0.00998979
7.92 -0.0125993 -0.00201958 -0.0105797
7.93 -0.0119117 -0.000827892 -0.0110838
7.94 -0.0112066 0.00029354 -0.0115001
7.95 -0.0104901 0.00133731 -0.0118274
7.96 -0.00976811 0.00229681 -0.0120649
7.97 -0.0090467 0.00316585 -0.0122126
7.98 -0.00833187 0.00393892 -0.0122708
7.99 -0.00762958 0.00461113 -0.0122407
8 -0.00694569 0.00517823 -0.0121239
