# Generated on Sun Sep  5 13:48:00 2021 by yr2369.
# This file was created by PDFgui.
#S 1
#L r  Gtrunc  Gdiff  Gcalc
1.79 -0.127738 -0.00428925 -0.123449
1.8 -0.13536 -0.000987935 -0.134372
1.81 -0.143446 0.00201664 -0.145463
1.82 -0.151959 0.00472114 -0.15668
1.83 -0.160857 0.00712534 -0.167982
1.84 -0.170096 0.00922929 -0.179325
1.85 -0.179629 0.0110344 -0.190663
1.86 -0.189406 0.0125438 -0.20195
1.87 -0.199375 0.0137614 -0.213136
1.88 -0.209481 0.0146928 -0.224174
1.89 -0.219668 0.0153442 -0.235012
1.9 -0.229877 0.015724 -0.245601
1.91 -0.240045 0.0158441 -0.255889
1.92 -0.250112 0.0157134 -0.265825
1.93 -0.260014 0.0153449 -0.275359
1.94 -0.269688 0.0147507 -0.284439
1.95 -0.279072 0.0139425 -0.293014
1.96 -0.288101 0.0129358 -0.301037
1.97 -0.296714 0.0117432 -0.308457
1.98 -0.304846 0.0103823 -0.315228
1.99 -0.312437 0.00886734 -0.321304
2 -0.319427 0.00721418 -0.326641
2.01 -0.325757 0.00543964 -0.331197
2.02 -0.331371 0.00355965 -0.334931
2.03 -0.336213 0.00159251 -0.337806
2.04 -0.340233 -0.000446916 -0.339786
2.05 -0.343377 -0.00253701 -0.34084
2.06 -0.345588 -0.0046502 -0.340938
2.07 -0.346837 -0.00678381 -0.340053
2.08 -0.347084 -0.00892086 -0.338163
2.09 -0.346294 -0.0110459 -0.335248
2.1 -0.344437 -0.0131451 -0.331292
2.11 -0.341485 -0.0152026 -0.326282
2.12 -0.337417 -0.0172059 -0.320211
2.13 -0.332215 -0.0191417 -0.313073
2.14 -0.325865 -0.0209967 -0.304868
2.15 -0.318359 -0.0227593 -0.2956
2.16 -0.309695 -0.02442 -0.285275
2.17 -0.299874 -0.0259684 -0.273906
2.18 -0.288903 -0.0273957 -0.261507
2.19 -0.276795 -0.0286951 -0.2481
2.2 -0.263555 -0.0298478 -0.233707
2.21 -0.249208 -0.0308508 -0.218357
2.22 -0.23379 -0.0317083 -0.202082
2.23 -0.217335 -0.0324187 -0.184916
2.24 -0.199879 -0.0329785 -0.1669
2.25 -0.181465 -0.0333876 -0.148077
2.26 -0.162138 -0.0336445 -0.128494
2.27 -0.14195 -0.0337511 -0.108199
2.28 -0.120955 -0.0337084 -0.0872466
2.29 -0.0992133 -0.0335207 -0.0656926
2.3 -0.0767867 -0.0331907 -0.043596
2.31 -0.0537417 -0.0327236 -0.0210181
2.32 -0.0301475 -0.0321248 0.00197726
2.33 -0.0060766 -0.0314008 0.0253242
2.34 0.0183961 -0.0305588 0.0489549
2.35 0.0431974 -0.0296026 0.0728
2.36 0.0682416 -0.0285473 0.0967889
2.37 0.0934471 -0.0274027 0.12085
2.38 0.118732 -0.0261781 0.14491
2.39 0.144013 -0.024884 0.168897
2.4 0.169206 -0.0235312 0.192737
2.41 0.194228 -0.0221295 0.216358
2.42 0.218995 -0.0206904 0.239685
2.43 0.243424 -0.0192248 0.262649
2.44 0.267433 -0.0177436 0.285177
2.45 0.290941 -0.016258 0.307199
2.46 0.313868 -0.0147798 0.328648
2.47 0.336138 -0.0133187 0.349457
2.48 0.357676 -0.0118852 0.369561
2.49 0.378405 -0.0104944 0.388899
2.5 0.398246 -0.00916587 0.407412
2.51 0.417144 -0.00789817 0.425042
2.52 0.435038 -0.00669881 0.441737
2.53 0.451869 -0.00557665 0.457446
2.54 0.467582 -0.00454002 0.472122
2.55 0.482127 -0.00359593 0.485723
2.56 0.49546 -0.00274927 0.498209
2.57 0.507538 -0.0020079 0.509546
2.58 0.518327 -0.00137485 0.519702
2.59 0.527795 -0.000855401 0.52865
2.6 0.535918 -0.000451196 0.536369
2.61 0.542673 -0.000167327 0.54284
2.62 0.548047 -3.38747e-06 0.54805
2.63 0.55203 3.94785e-05 0.551991
2.64 0.554601 -5.54418e-05 0.554656
2.65 0.555768 -0.000280433 0.556048
2.66 0.555547 -0.000624335 0.556171
2.67 0.553951 -0.0010835 0.555035
2.68 0.550996 -0.00165575 0.552652
2.69 0.546705 -0.00233627 0.549041
2.7 0.541106 -0.00311955 0.544226
2.71 0.534231 -0.00400023 0.538231
2.72 0.526116 -0.00497303 0.531089
2.73 0.516803 -0.0060305 0.522834
2.74 0.506338 -0.00716497 0.513503
2.75 0.49477 -0.00836927 0.503139
2.76 0.482153 -0.00963461 0.491788
2.77 0.468543 -0.0109533 0.479496
2.78 0.454002 -0.0123146 0.466317
2.79 0.438577 -0.0137254 0.452302
2.8 0.422351 -0.015159 0.43751
2.81 0.405393 -0.016605 0.421998
2.82 0.387772 -0.0180548 0.405827
2.83 0.369561 -0.0194974 0.389058
2.84 0.350833 -0.0209234 0.371756
2.85 0.331661 -0.0223242 0.353985
2.86 0.312121 -0.0236891 0.33581
2.87 0.292287 -0.02501 0.317297
2.88 0.272235 -0.026277 0.298512
2.89 0.252038 -0.0274831 0.279521
2.9 0.231771 -0.028619 0.26039
2.91 0.211505 -0.0296789 0.241184
2.92 0.191313 -0.0306538 0.221967
2.93 0.171265 -0.031537 0.202802
2.94 0.151433 -0.032318 0.183751
2.95 0.131878 -0.032996 0.164874
2.96 0.112664 -0.033565 0.146229
2.97 0.0938514 -0.0340207 0.127872
2.98 0.075496 -0.0343609 0.109857
2.99 0.0576517 -0.034583 0.0922347
3 0.0403684 -0.0346854 0.0750538
3.01 0.0236927 -0.0346672 0.0583599
3.02 0.00766709 -0.0345283 0.0421953
3.03 -0.00766976 -0.0342692 0.0265995
3.04 -0.0222833 -0.0338916 0.0116083
3.05 -0.036143 -0.0333973 -0.00274573
3.06 -0.0492227 -0.0327892 -0.0164335
3.07 -0.0615006 -0.0320709 -0.0294297
3.08 -0.072948 -0.0312355 -0.0417125
3.09 -0.083558 -0.0302943 -0.0532637
3.1 -0.0933263 -0.0292572 -0.0640691
3.11 -0.102248 -0.02813 -0.074118
3.12 -0.110324 -0.0269208 -0.0834032
3.13 -0.117557 -0.0256354 -0.0919216
3.14 -0.123956 -0.0242826 -0.0996734
3.15 -0.129532 -0.0228697 -0.106662
3.16 -0.134301 -0.0214054 -0.112896
3.17 -0.138282 -0.0198981 -0.118384
3.18 -0.141498 -0.0183571 -0.123141
3.19 -0.143976 -0.0167924 -0.127184
3.2 -0.145743 -0.0152113 -0.130532
3.21 -0.146832 -0.013624 -0.133208
3.22 -0.147277 -0.0120395 -0.135238
3.23 -0.147106 -0.0104579 -0.136648
3.24 -0.146369 -0.00889942 -0.13747
3.25 -0.145108 -0.00737401 -0.137734
3.26 -0.143364 -0.00588889 -0.137475
3.27 -0.141181 -0.0044526 -0.136728
3.28 -0.138606 -0.0030753 -0.135531
3.29 -0.135683 -0.00176295 -0.13392
3.3 -0.132459 -0.000523555 -0.131935
3.31 -0.128981 0.000635615 -0.129617
3.32 -0.125295 0.0017088 -0.127004
3.33 -0.121449 0.00268851 -0.124138
3.34 -0.117486 0.00357231 -0.121058
3.35 -0.113454 0.00435261 -0.117807
3.36 -0.109395 0.00502741 -0.114422
3.37 -0.105353 0.00559214 -0.110945
3.38 -0.101371 0.00604238 -0.107413
3.39 -0.0974879 0.00637684 -0.103865
3.4 -0.0937416 0.00659404 -0.100336
3.41 -0.0901675 0.00669358 -0.0968611
3.42 -0.0867991 0.00667546 -0.0934746
3.43 -0.0836672 0.00654064 -0.0902078
3.44 -0.0808003 0.00629053 -0.0870908
3.45 -0.0782241 0.00592735 -0.0841514
3.46 -0.0759615 0.00545399 -0.0814155
3.47 -0.0740327 0.00487384 -0.0789065
3.48 -0.0724549 0.00419093 -0.0766458
3.49 -0.0712422 0.00341002 -0.0746522
3.5 -0.0704058 0.00253627 -0.0729421
3.51 -0.0699539 0.00157532 -0.0715292
3.52 -0.0698976 0.000527355 -0.070425
3.53 -0.0702343 -0.000596325 -0.069638
3.54 -0.0709617 -0.00178732 -0.0691744
3.55 -0.0720759 -0.00303823 -0.0690377
3.56 -0.0735701 -0.00434128 -0.0692288
3.57 -0.0754346 -0.00568838 -0.0697462
3.58 -0.0776573 -0.00707149 -0.0705858
3.59 -0.0802234 -0.00848228 -0.0717411
3.6 -0.0831158 -0.0099125 -0.0732033
3.61 -0.0863148 -0.0113535 -0.0749613
3.62 -0.0897989 -0.0127971 -0.0770018
3.63 -0.0935445 -0.0142348 -0.0793097
3.64 -0.0975262 -0.0156586 -0.0818676
3.65 -0.101717 -0.0170604 -0.0846566
3.66 -0.106089 -0.018433 -0.087656
3.67 -0.110613 -0.0197693 -0.0908437
3.68 -0.115257 -0.0210608 -0.0941962
3.69 -0.119987 -0.0222983 -0.0976887
3.7 -0.124773 -0.0234774 -0.101296
3.71 -0.129581 -0.0245908 -0.10499
3.72 -0.134379 -0.0256337 -0.108745
3.73 -0.139133 -0.0265999 -0.112533
3.74 -0.143811 -0.0274855 -0.116326
3.75 -0.14838 -0.0282857 -0.120094
3.76 -0.152809 -0.028998 -0.123811
3.77 -0.157067 -0.0296192 -0.127448
3.78 -0.161123 -0.0301462 -0.130977
3.79 -0.164949 -0.0305781 -0.134371
3.8 -0.168517 -0.0309134 -0.137604
3.81 -0.171798 -0.031149 -0.140649
3.82 -0.174766 -0.0312833 -0.143483
3.83 -0.177402 -0.0313211 -0.146081
3.84 -0.179684 -0.0312626 -0.148421
3.85 -0.181593 -0.0311097 -0.150483
3.86 -0.183113 -0.0308659 -0.152247
3.87 -0.184229 -0.030534 -0.153695
3.88 -0.184927 -0.0301161 -0.154811
3.89 -0.185197 -0.0296166 -0.15558
3.9 -0.185032 -0.0290408 -0.155991
3.91 -0.184425 -0.0283924 -0.156033
3.92 -0.183373 -0.0276768 -0.155696
3.93 -0.181875 -0.0268998 -0.154975
3.94 -0.179933 -0.0260677 -0.153865
3.95 -0.177549 -0.025185 -0.152364
3.96 -0.174722 -0.0242512 -0.150471
3.97 -0.171468 -0.0232806 -0.148187
3.98 -0.167797 -0.0222796 -0.145517
3.99 -0.163721 -0.0212544 -0.142467
4 -0.159255 -0.0202125 -0.139043
4.01 -0.154416 -0.0191613 -0.135255
4.02 -0.14922 -0.0181055 -0.131115
4.03 -0.143688 -0.017053 -0.126635
4.04 -0.13784 -0.0160089 -0.121831
4.05 -0.1317 -0.014981 -0.116719
4.06 -0.125291 -0.0139744 -0.111317
4.07 -0.118637 -0.0129937 -0.105643
4.08 -0.111765 -0.0120457 -0.0997193
4.09 -0.104702 -0.0111355 -0.0935665
4.1 -0.097473 -0.0102656 -0.0872074
4.11 -0.0901065 -0.00944099 -0.0806655
4.12 -0.0826325 -0.00866731 -0.0739652
4.13 -0.0750791 -0.0079478 -0.0671313
4.14 -0.0674748 -0.00728559 -0.0601892
4.15 -0.0598475 -0.00668291 -0.0531646
4.16 -0.0522251 -0.00614175 -0.0460834
4.17 -0.0446348 -0.00566338 -0.0389714
4.18 -0.0371035 -0.00524885 -0.0318547
4.19 -0.0296571 -0.00489844 -0.0247587
4.2 -0.0223207 -0.00461198 -0.0177087
4.21 -0.0151185 -0.00438891 -0.0107296
4.22 -0.00807338 -0.00422795 -0.00384543
4.23 -0.00120726 -0.0041276 0.00292034
4.24 0.00545946 -0.00408572 0.00954518
4.25 0.0119049 -0.00410258 0.0160075
4.26 0.0181123 -0.00417442 0.0222867
4.27 0.0240672 -0.00429636 0.0283636
4.28 0.0297554 -0.00446447 0.0342199
4.29 0.0351643 -0.0046746 0.0398389
4.3 0.040283 -0.00492227 0.0452053
4.31 0.0451026 -0.00520249 0.0503051
4.32 0.0496156 -0.00551037 0.055126
4.33 0.0538166 -0.0058405 0.0596571
4.34 0.0577018 -0.00618745 0.0638893
4.35 0.0612692 -0.00654563 0.0678148
4.36 0.0645185 -0.00690937 0.0714279
4.37 0.0674512 -0.00727286 0.0747241
4.38 0.0700704 -0.00763031 0.0777007
4.39 0.0723806 -0.00797617 0.0803568
4.4 0.0743828 -0.00830997 0.0826928
4.41 0.0760906 -0.00862023 0.0847108
4.42 0.0775128 -0.00890179 0.0864146
4.43 0.0786602 -0.00914896 0.0878092
4.44 0.0795442 -0.00935688 0.0889011
4.45 0.0801776 -0.00952065 0.0896983
4.46 0.0805742 -0.00963566 0.0902099
4.47 0.0807487 -0.00969758 0.0904463
4.48 0.0807164 -0.00970264 0.090419
4.49 0.0804935 -0.00964717 0.0901407
4.5 0.0800965 -0.00952817 0.0896247
4.51 0.0795425 -0.00934286 0.0888854
4.52 0.0788488 -0.009089 0.0879378
4.53 0.078033 -0.0087647 0.0867977
4.54 0.077112 -0.00836927 0.0854813
4.55 0.0761036 -0.00790155 0.0840052
4.56 0.0750263 -0.00736001 0.0823863
4.57 0.0738971 -0.00674479 0.0806419
4.58 0.0727327 -0.00605643 0.0787891
4.59 0.0715494 -0.00529584 0.0768452
4.6 0.0703626 -0.00446474 0.0748273
4.61 0.0691874 -0.00356488 0.0727523
4.62 0.0680379 -0.00259872 0.0706366
4.63 0.0669272 -0.00156926 0.0684965
4.64 0.0658678 -0.0004796 0.0663474
4.65 0.064871 0.00066656 0.0642044
4.66 0.063947 0.00186512 0.0620819
4.67 0.0631051 0.00311183 0.0599933
4.68 0.0623533 0.004402 0.0579513
4.69 0.0616999 0.00573212 0.0559678
4.7 0.0611495 0.00709595 0.0540536
4.71 0.0607062 0.00848774 0.0522185
4.72 0.0603731 0.00990182 0.0504713
4.73 0.060152 0.0113323 0.0488197
4.74 0.0600434 0.012773 0.0472704
4.75 0.0600469 0.0142183 0.0458286
4.76 0.0601607 0.0156618 0.0444989
4.77 0.0603818 0.0170976 0.0432842
4.78 0.0607063 0.0185197 0.0421866
4.79 0.0611289 0.0199219 0.041207
4.8 0.0616436 0.0212985 0.0403451
4.81 0.0622434 0.0226439 0.0395995
4.82 0.0629202 0.0239523 0.0389679
4.83 0.0636654 0.0252187 0.0384467
4.84 0.0644701 0.0264385 0.0380316
4.85 0.0653231 0.027606 0.0377171
4.86 0.0662135 0.0287163 0.0374972
4.87 0.06713 0.0297652 0.0373648
4.88 0.068061 0.0307489 0.0373121
4.89 0.0689947 0.031664 0.0373307
4.9 0.0699187 0.0325072 0.0374115
4.91 0.0708209 0.0332758 0.0375451
4.92 0.071689 0.0339676 0.0377214
4.93 0.0725107 0.0345805 0.0379302
4.94 0.073274 0.0351131 0.0381609
4.95 0.0739671 0.0355644 0.0384027
4.96 0.0745785 0.0359338 0.0386447
4.97 0.0750971 0.036221 0.0388761
4.98 0.0755115 0.0364253 0.0390862
4.99 0.0758113 0.036547 0.0392643
5 0.0759882 0.0365882 0.0394
5.01 0.0760337 0.0365504 0.0394833
5.02 0.0759401 0.0364355 0.0395046
5.03 0.0757003 0.0362456 0.0394547
5.04 0.0753084 0.0359833 0.0393251
5.05 0.0747593 0.0356517 0.0391076
5.06 0.0740488 0.0352538 0.038795
5.07 0.0731738 0.034793 0.0383808
5.08 0.0721321 0.0342731 0.037859
5.09 0.0709227 0.033698 0.0372247
5.1 0.0695455 0.0330717 0.0364738
5.11 0.0680016 0.0323985 0.0356031
5.12 0.066293 0.0316828 0.0346102
5.13 0.0644203 0.0309265 0.0334938
5.14 0.0623897 0.0301362 0.0322535
5.15 0.060207 0.029317 0.03089
5.16 0.0578781 0.0284735 0.0294046
5.17 0.05541 0.0276101 0.0277999
5.18 0.0528106 0.0267313 0.0260793
5.19 0.0500885 0.0258413 0.0242472
5.2 0.0472531 0.0249444 0.0223087
5.21 0.0443146 0.0240444 0.0202702
5.22 0.0412836 0.0231453 0.0181383
5.23 0.0381716 0.0222506 0.015921
5.24 0.0349903 0.0213637 0.0136266
5.25 0.031752 0.0204877 0.0112643
5.26 0.0284691 0.0196254 0.00884374
5.27 0.0251546 0.0187792 0.00637537
5.28 0.0218214 0.0179515 0.00386994
5.29 0.0184831 0.0171444 0.00133867
5.3 0.0151529 0.0163598 -0.00120687
5.31 0.0118439 0.0155987 -0.00375483
5.32 0.00856881 0.014862 -0.00629317
5.33 0.00534045 0.0141502 -0.00880973
5.34 0.00217113 0.0134635 -0.0112923
5.35 -0.000927162 0.0128016 -0.0137288
5.36 -0.00394291 0.0121642 -0.0161071
5.37 -0.00686513 0.0115503 -0.0184155
5.38 -0.0096834 0.0109589 -0.0206423
5.39 -0.012388 0.0103883 -0.0227763
5.4 -0.0149698 0.00983708 -0.0248069
5.41 -0.0174206 0.00930306 -0.0267237
5.42 -0.0197313 0.00878566 -0.028517
5.43 -0.0218957 0.00828201 -0.0301777
5.44 -0.023909 0.00778852 -0.0316975
5.45 -0.0257666 0.00730216 -0.0330688
5.46 -0.0274645 0.0068201 -0.0342846
5.47 -0.029 0.00633905 -0.035339
5.48 -0.0303712 0.0058558 -0.036227
5.49 -0.0315771 0.00536719 -0.0369443
5.5 -0.0326178 0.00486989 -0.0374877
5.51 -0.0334943 0.00436063 -0.0378549
5.52 -0.0342087 0.00383608 -0.0380448
5.53 -0.0347639 0.00329308 -0.038057
5.54 -0.0351636 0.00272867 -0.0378923
5.55 -0.0354127 0.00213974 -0.0375524
5.56 -0.0355167 0.00152355 -0.0370402
5.57 -0.0354795 0.000879942 -0.0363594
5.58 -0.0353109 0.000203848 -0.0355147
5.59 -0.0350188 -0.000506974 -0.0345118
5.6 -0.0346118 -0.00125456 -0.0333572
5.61 -0.0340987 -0.00204026 -0.0320584
5.62 -0.0334894 -0.00286572 -0.0306237
5.63 -0.0327938 -0.00373179 -0.029062
5.64 -0.0320224 -0.00463919 -0.0273832
5.65 -0.0311859 -0.0055882 -0.0255977
5.66 -0.0302953 -0.00657876 -0.0237165
5.67 -0.0293618 -0.0076105 -0.0217513
5.68 -0.0283966 -0.00868256 -0.019714
5.69 -0.027411 -0.00979378 -0.0176172
5.7 -0.0264163 -0.0109427 -0.0154736
5.71 -0.0254235 -0.0121273 -0.0132962
5.72 -0.024444 -0.0133457 -0.0110983
5.73 -0.0234883 -0.0145953 -0.008893
5.74 -0.0225666 -0.0158729 -0.00669374
5.75 -0.0216889 -0.0171752 -0.00451369
5.76 -0.0208644 -0.0184985 -0.00236594
5.77 -0.020102 -0.0198387 -0.000263313
5.78 -0.0194099 -0.0211915 0.00178164
5.79 -0.0187957 -0.0225525 0.00375678
5.8 -0.0182662 -0.0239166 0.00565039
5.81 -0.0178278 -0.0252791 0.00745131
5.82 -0.0174857 -0.0266346 0.00914894
5.83 -0.0172445 -0.0279779 0.0107334
5.84 -0.017108 -0.0293033 0.0121953
5.85 -0.0170791 -0.0306056 0.0135265
5.86 -0.0171613 -0.0318804 0.0147191
5.87 -0.0173548 -0.0331213 0.0157665
5.88 -0.0176592 -0.0343219 0.0166627
5.89 -0.018074 -0.035477 0.017403
5.9 -0.0185974 -0.0365807 0.0179833
5.91 -0.0192272 -0.0376279 0.0184007
5.92 -0.0199599 -0.0386132 0.0186533
5.93 -0.0207915 -0.0395316 0.0187401
5.94 -0.021717 -0.0403782 0.0186612
5.95 -0.0227309 -0.0411488 0.0184179
5.96 -0.0238266 -0.0418388 0.0180122
5.97 -0.0249972 -0.0424445 0.0174473
5.98 -0.0262348 -0.0429621 0.0167273
5.99 -0.0275312 -0.0433885 0.0158573
6 -0.0288776 -0.0437209 0.0148433
6.01 -0.030265 -0.0439573 0.0136923
6.02 -0.0316831 -0.0440951 0.012412
6.03 -0.0331215 -0.0441325 0.011011
6.04 -0.03457 -0.0440684 0.00949843
6.05 -0.0360179 -0.0439023 0.00788442
6.06 -0.0374546 -0.0436342 0.00617955
6.07 -0.0388693 -0.0432643 0.00439499
6.08 -0.0402511 -0.0427935 0.00254242
6.09 -0.0415894 -0.0422233 0.00063393
6.1 -0.0428735 -0.0415555 -0.00131803
6.11 -0.0440931 -0.0407924 -0.00330074
6.12 -0.045238 -0.0399367 -0.00530127
6.13 -0.0462985 -0.0389919 -0.00730658
6.14 -0.0472651 -0.0379615 -0.00930359
6.15 -0.048128 -0.0368488 -0.0112792
6.16 -0.0488783 -0.0356577 -0.0132206
6.17 -0.0495093 -0.0343944 -0.0151149
6.18 -0.0500138 -0.033064 -0.0169498
6.19 -0.0503853 -0.0316723 -0.018713
6.2 -0.0506179 -0.030225 -0.0203929
6.21 -0.0507066 -0.0287284 -0.0219782
6.22 -0.0506472 -0.0271888 -0.0234584
6.23 -0.050436 -0.0256128 -0.0248232
6.24 -0.0500706 -0.0240071 -0.0260635
6.25 -0.0495491 -0.0223786 -0.0271705
6.26 -0.0488705 -0.020734 -0.0281365
6.27 -0.0480349 -0.0190806 -0.0289543
6.28 -0.047043 -0.0174251 -0.0296179
6.29 -0.0458966 -0.0157746 -0.030122
6.3 -0.044596 -0.0141336 -0.0304624
6.31 -0.0431464 -0.0125106 -0.0306358
6.32 -0.0415526 -0.0109129 -0.0306397
6.33 -0.0398197 -0.0093467 -0.030473
6.34 -0.0379537 -0.00781846 -0.0301352
6.35 -0.035961 -0.00633385 -0.0296272
6.36 -0.033849 -0.00489857 -0.0289504
6.37 -0.0316258 -0.00351803 -0.0281078
6.38 -0.0292998 -0.00219697 -0.0271028
6.39 -0.0268802 -0.000939943 -0.0259403
6.4 -0.0243768 0.000248799 -0.0246256
6.41 -0.0217996 0.00136571 -0.0231653
6.42 -0.0191593 0.00240741 -0.0215667
6.43 -0.0164668 0.00337112 -0.0198379
6.44 -0.013733 0.00425483 -0.0179878
6.45 -0.0109694 0.00505665 -0.0160261
6.46 -0.00818812 0.00577473 -0.0139629
6.47 -0.00540081 0.00640828 -0.0118091
6.48 -0.00261915 0.00695701 -0.00957616
6.49 0.00014523 0.00742116 -0.00727593
6.5 0.0028808 0.00780146 -0.00492066
6.51 0.00557622 0.00809915 -0.00252293
6.52 0.00822038 0.00831595 -9.55706e-05
6.53 0.0108025 0.00845411 0.00234839
6.54 0.013312 0.00851615 0.00479585
6.55 0.0157389 0.00850524 0.00723366
6.56 0.0180736 0.00842487 0.00964873
6.57 0.0203071 0.00827901 0.0120281
6.58 0.0224309 0.00807193 0.014359
6.59 0.0244357 0.00780681 0.0166289
6.6 0.0263143 0.0074886 0.0188257
6.61 0.0280613 0.00712363 0.0209377
6.62 0.0296708 0.00671726 0.0229535
6.63 0.0311377 0.0062751 0.0248626
6.64 0.0324578 0.00580304 0.0266548
6.65 0.0336275 0.00530692 0.0283206
6.66 0.0346443 0.00479298 0.0298513
6.67 0.0355061 0.00426707 0.031239
6.68 0.0362119 0.00373536 0.0324765
6.69 0.0367616 0.00320404 0.0335576
6.7 0.0371555 0.00267887 0.0344766
6.71 0.0373952 0.00216595 0.0352292
6.72 0.0374828 0.00167099 0.0358118
6.73 0.0374212 0.00119953 0.0362217
6.74 0.0372117 0.000754557 0.0364571
6.75 0.036861 0.000343481 0.0365175
6.76 0.0363746 -2.84461e-05 0.036403
6.77 0.0357581 -0.000356841 0.0361149
6.78 0.0350179 -0.000637475 0.0356554
6.79 0.0341611 -0.000866353 0.0350275
6.8 0.0331951 -0.0010401 0.0342352
6.81 0.0321279 -0.00115564 0.0332835
6.82 0.0309679 -0.00121033 0.0321782
6.83 0.029724 -0.00120188 0.0309259
6.84 0.0284051 -0.00112877 0.0295339
6.85 0.0270207 -0.000989606 0.0280103
6.86 0.0255805 -0.0007835 0.026364
6.87 0.0240941 -0.000510288 0.0246044
6.88 0.0225714 -0.000170086 0.0227415
6.89 0.0210222 0.00023637 0.0207858
6.9 0.019457 0.00070859 0.0187484
6.91 0.0178856 0.00124499 0.0166406
6.92 0.0163177 0.00184356 0.0144741
6.93 0.0147628 0.00250184 0.012261
6.94 0.0132304 0.00321717 0.0100132
6.95 0.0117293 0.00398608 0.00774322
6.96 0.0102683 0.00480506 0.00546324
6.97 0.00885574 0.00567014 0.0031856
6.98 0.00749949 0.006577 0.000922491
6.99 0.00620701 0.00752104 -0.00131403
7 0.00498526 0.00849742 -0.00351216
7.01 0.00384065 0.00950103 -0.00566038
7.02 0.00277907 0.0105266 -0.00774751
7.03 0.00180688 0.0115697 -0.00976283
7.04 0.000928403 0.0126245 -0.0116961
7.05 0.000147062 0.0136845 -0.0135375
7.06 -0.000533783 0.0147441 -0.0152779
7.07 -0.00111143 0.0157974 -0.0169088
7.08 -0.00158383 0.0168386 -0.0184224
7.09 -0.00194963 0.017862 -0.0198116
7.1 -0.0022081 0.0188618 -0.0210699
7.11 -0.00235922 0.0198326 -0.0221918
7.12 -0.00240359 0.020769 -0.0231726
7.13 -0.00234246 0.0216657 -0.0240082
7.14 -0.00217771 0.0225178 -0.0246955
7.15 -0.00191184 0.0233206 -0.0252324
7.16 -0.00154793 0.0240695 -0.0256174
7.17 -0.00108959 0.0247605 -0.0258501
7.18 -0.000539464 0.0253912 -0.0259307
7.19 9.60285e-05 0.0259566 -0.0258605
7.2 0.00081172 0.0264533 -0.0256416
7.21 0.00160201 0.0268787 -0.0252767
7.22 0.00246092 0.0272305 -0.0247696
7.23 0.00338209 0.0275067 -0.0241246
7.24 0.00435888 0.0277059 -0.023347
7.25 0.00538436 0.027827 -0.0224426
7.26 0.00645138 0.0278693 -0.0214179
7.27 0.00755262 0.0278328 -0.0202801
7.28 0.00868061 0.0277175 -0.0190369
7.29 0.00982779 0.0275244 -0.0176966
7.3 0.0109866 0.0272543 -0.0162677
7.31 0.0121493 0.0269089 -0.0147596
7.32 0.0133084 0.0264899 -0.0131815
7.33 0.0144561 0.0259995 -0.0115434
7.34 0.0155851 0.0254402 -0.00985515
7.35 0.0166882 0.0248152 -0.00812705
7.36 0.0177584 0.0241278 -0.00636937
7.37 0.0187891 0.0233816 -0.00459248
7.38 0.0197738 0.0225805 -0.00280674
7.39 0.0207063 0.0217287 -0.00102245
7.4 0.0215809 0.0208307 0.00075023
7.41 0.0223921 0.0198908 0.0025013
7.42 0.0231349 0.0189139 0.00422102
7.43 0.0238048 0.0179049 0.00589995
7.44 0.0243974 0.0168684 0.00752896
7.45 0.0249093 0.0158099 0.00909936
7.46 0.025337 0.0147341 0.0106029
7.47 0.0256766 0.0136448 0.0120318
7.48 0.0259266 0.0125478 0.0133788
7.49 0.0260857 0.0114485 0.0146372
7.5 0.0261527 0.0103517 0.015801
7.51 0.0261266 0.00926192 0.0168647
7.52 0.0260074 0.00818389 0.0178235
7.53 0.0257952 0.00712186 0.0186733
7.54 0.0254908 0.00608003 0.0194108
7.55 0.0250952 0.00506213 0.0200331
7.56 0.0246102 0.00407195 0.0205383
7.57 0.0240378 0.00311276 0.020925
7.58 0.0233805 0.00218762 0.0211929
7.59 0.022641 0.00129909 0.0213419
7.6 0.0218228 0.00044979 0.021373
7.61 0.0209291 -0.000358621 0.0212877
7.62 0.019963 -0.00112527 0.0210883
7.63 0.0189299 -0.00184765 0.0207775
7.64 0.0178343 -0.00252475 0.0203591
7.65 0.0166809 -0.003156 0.0198369
7.66 0.0154746 -0.00374116 0.0192158
7.67 0.0142205 -0.00428036 0.0185009
7.68 0.0129239 -0.004774 0.0176979
7.69 0.01159 -0.00522303 0.016813
7.7 0.0102244 -0.00562845 0.0158528
7.71 0.00883242 -0.00599185 0.0148243
7.72 0.00741963 -0.00631495 0.0137346
7.73 0.0059915 -0.0065998 0.0125913
7.74 0.00455346 -0.00684872 0.0114022
7.75 0.0031109 -0.00706426 0.0101752
7.76 0.00166914 -0.00724915 0.00891829
7.77 0.000233507 -0.00740618 0.00763969
7.78 -0.00119101 -0.00753849 0.00634748
7.79 -0.00259957 -0.00764937 0.0050498
7.8 -0.00398751 -0.00774216 0.00375465
7.81 -0.00535039 -0.00782033 0.00246994
7.82 -0.00668398 -0.00788736 0.00120338
7.83 -0.00798432 -0.0079468 -3.75204e-05
7.84 -0.00924767 -0.00800213 -0.00124554
7.85 -0.0104706 -0.00805683 -0.00241377
7.86 -0.0116498 -0.00811417 -0.00353563
7.87 -0.0127826 -0.00817767 -0.00460493
7.88 -0.0138662 -0.00825027 -0.00561593
7.89 -0.0148983 -0.00833501 -0.00656329
7.9 -0.0158769 -0.00843469 -0.00744221
7.91 -0.0167994 -0.00855107 -0.00824833
7.92 -0.0176651 -0.00868722 -0.00897788
7.93 -0.0184729 -0.00884532 -0.00962758
7.94 -0.019222 -0.00902727 -0.0101947
7.95 -0.0199118 -0.00923459 -0.0106772
7.96 -0.0205421 -0.00946864 -0.0110735
7.97 -0.0211127 -0.0097302 -0.0113825
7.98 -0.0216239 -0.01002 -0.0116039
7.99 -0.0220761 -0.0103382 -0.0117379
8 -0.0224699 -0.0106847 -0.0117852
