# Generated on Sun Sep  5 13:48:08 2021 by yr2369.
# This file was created by PDFgui.
#S 1
#L r  Gtrunc  Gdiff  Gcalc
1.79 -0.127289 -0.0161001 -0.111189
1.8 -0.133047 -0.0126813 -0.120366
1.81 -0.139156 -0.00947317 -0.129683
1.82 -0.145588 -0.00647974 -0.139108
1.83 -0.152316 -0.00370735 -0.148609
1.84 -0.159308 -0.00115877 -0.158149
1.85 -0.166531 0.00116295 -0.167694
1.86 -0.173948 0.00325766 -0.177206
1.87 -0.181522 0.00512424 -0.186646
1.88 -0.189212 0.00676474 -0.195977
1.89 -0.196977 0.00818054 -0.205158
1.9 -0.204775 0.00937351 -0.214149
1.91 -0.212559 0.0103502 -0.222909
1.92 -0.220283 0.011116 -0.231399
1.93 -0.227901 0.0116763 -0.239577
1.94 -0.235366 0.0120377 -0.247404
1.95 -0.242629 0.0122092 -0.254838
1.96 -0.249643 0.0121983 -0.261841
1.97 -0.25636 0.0120143 -0.268374
1.98 -0.262732 0.0116674 -0.274399
1.99 -0.268713 0.0111668 -0.27988
2 -0.274256 0.0105243 -0.28478
2.01 -0.279316 0.00975083 -0.289067
2.02 -0.283849 0.00885811 -0.292707
2.03 -0.287812 0.00785863 -0.295671
2.04 -0.291165 0.00676384 -0.297929
2.05 -0.293867 0.00558832 -0.299455
2.06 -0.295872 0.00435388 -0.300226
2.07 -0.297155 0.00306375 -0.300219
2.08 -0.297685 0.00172968 -0.299415
2.09 -0.297434 0.000363055 -0.297797
2.1 -0.296375 -0.00102298 -0.295352
2.11 -0.294485 -0.00241642 -0.292069
2.12 -0.291746 -0.00380735 -0.287939
2.13 -0.28814 -0.00518283 -0.282957
2.14 -0.283657 -0.00653484 -0.277122
2.15 -0.278285 -0.00785026 -0.270435
2.16 -0.272021 -0.00912182 -0.262899
2.17 -0.264862 -0.0103391 -0.254523
2.18 -0.256812 -0.0114954 -0.245317
2.19 -0.247876 -0.0125819 -0.235294
2.2 -0.238055 -0.0135828 -0.224472
2.21 -0.227365 -0.014494 -0.212871
2.22 -0.215832 -0.0153182 -0.200514
2.23 -0.203477 -0.0160505 -0.187426
2.24 -0.190325 -0.0166867 -0.173638
2.25 -0.176405 -0.017224 -0.159181
2.26 -0.16175 -0.0176607 -0.144089
2.27 -0.146396 -0.0179957 -0.1284
2.28 -0.130382 -0.0182282 -0.112154
2.29 -0.113751 -0.0183591 -0.0953919
2.3 -0.0965463 -0.0183875 -0.0781588
2.31 -0.0788175 -0.0183167 -0.0605008
2.32 -0.0606148 -0.0181489 -0.0424659
2.33 -0.0419912 -0.0178871 -0.0241041
2.34 -0.0230017 -0.017535 -0.00546669
2.35 -0.00369948 -0.0170933 0.0133938
2.36 0.0158513 -0.0165724 0.0324237
2.37 0.0355897 -0.0159787 0.0515684
2.38 0.0554544 -0.0153183 0.0707727
2.39 0.0753832 -0.0145976 0.0899808
2.4 0.0953133 -0.0138236 0.109137
2.41 0.115182 -0.0130031 0.128185
2.42 0.134925 -0.0121445 0.14707
2.43 0.15448 -0.011255 0.165735
2.44 0.173785 -0.0103419 0.184127
2.45 0.192777 -0.00941437 0.202191
2.46 0.211397 -0.00847881 0.219876
2.47 0.229584 -0.00754481 0.237129
2.48 0.24728 -0.0066205 0.2539
2.49 0.264428 -0.00571467 0.270143
2.5 0.280966 -0.00484302 0.285809
2.51 0.29685 -0.00400533 0.300855
2.52 0.312032 -0.0032076 0.31524
2.53 0.326464 -0.00245825 0.328922
2.54 0.340104 -0.00176224 0.341866
2.55 0.352911 -0.00112626 0.354037
2.56 0.364848 -0.000555814 0.365404
2.57 0.375882 -5.535e-05 0.375937
2.58 0.385982 0.000369626 0.385612
2.59 0.395123 0.000716469 0.394407
2.6 0.403282 0.000981316 0.402301
2.61 0.41044 0.00116102 0.409279
2.62 0.416583 0.00125412 0.415329
2.63 0.421699 0.00125777 0.420441
2.64 0.42577 0.00115976 0.42461
2.65 0.428799 0.000965518 0.427833
2.66 0.430793 0.000681069 0.430112
2.67 0.431758 0.000308116 0.43145
2.68 0.431703 -0.000151946 0.431855
2.69 0.430642 -0.000695962 0.431338
2.7 0.428592 -0.00132095 0.429913
2.71 0.425572 -0.00202504 0.427597
2.72 0.421607 -0.00280332 0.42441
2.73 0.416725 -0.00365079 0.420376
2.74 0.410957 -0.00456221 0.415519
2.75 0.404335 -0.00553396 0.409869
2.76 0.396897 -0.0065589 0.403456
2.77 0.388682 -0.00763125 0.396313
2.78 0.379732 -0.00874436 0.388476
2.79 0.370079 -0.0099036 0.379983
2.8 0.359782 -0.0110891 0.370871
2.81 0.348891 -0.0122918 0.361183
2.82 0.337455 -0.0135048 0.35096
2.83 0.325524 -0.0147217 0.340246
2.84 0.313151 -0.0159339 0.329085
2.85 0.300388 -0.0171348 0.317523
2.86 0.287289 -0.0183164 0.305605
2.87 0.273908 -0.0194711 0.293379
2.88 0.260299 -0.0205915 0.280891
2.89 0.246514 -0.0216723 0.268186
2.9 0.232608 -0.0227049 0.255313
2.91 0.218632 -0.0236843 0.242316
2.92 0.204639 -0.024603 0.229242
2.93 0.190679 -0.0254556 0.216135
2.94 0.176803 -0.026235 0.203038
2.95 0.163058 -0.0269366 0.189995
2.96 0.14949 -0.0275557 0.177046
2.97 0.136142 -0.0280891 0.164231
2.98 0.123056 -0.0285329 0.151589
2.99 0.110271 -0.0288845 0.139156
3 0.0978237 -0.0291418 0.126966
3.01 0.0857483 -0.0293029 0.115051
3.02 0.0740761 -0.0293669 0.103443
3.03 0.0628357 -0.0293332 0.0921689
3.04 0.0520529 -0.0292018 0.0812547
3.05 0.0417504 -0.0289733 0.0707237
3.06 0.0319477 -0.0286491 0.0605968
3.07 0.0226615 -0.028231 0.0508925
3.08 0.0139124 -0.0277141 0.0416265
3.09 0.00570667 -0.0271055 0.0328122
3.1 -0.00195127 -0.0264115 0.0244602
3.11 -0.00905741 -0.0256362 0.0165788
3.12 -0.0156107 -0.0247841 0.00917343
3.13 -0.0216131 -0.0238604 0.00224729
3.14 -0.0270694 -0.0228703 -0.00419906
3.15 -0.0319873 -0.0218199 -0.0101674
3.16 -0.036377 -0.020715 -0.015662
3.17 -0.0402514 -0.0195622 -0.0206892
3.18 -0.043626 -0.0183683 -0.0252577
3.19 -0.0465183 -0.0171401 -0.0293782
3.2 -0.0489483 -0.0158848 -0.0330635
3.21 -0.0509377 -0.0146097 -0.036328
3.22 -0.0525097 -0.0133214 -0.0391883
3.23 -0.0536842 -0.0120221 -0.0416621
3.24 -0.0544951 -0.0107261 -0.043769
3.25 -0.0549707 -0.00944108 -0.0455296
3.26 -0.0551403 -0.00817429 -0.046966
3.27 -0.055034 -0.00693289 -0.0481011
3.28 -0.0546829 -0.00572413 -0.0489588
3.29 -0.0541182 -0.00455464 -0.0495636
3.3 -0.0533717 -0.00343107 -0.0499406
3.31 -0.0524752 -0.0023597 -0.0501155
3.32 -0.0514605 -0.00134653 -0.050114
3.33 -0.050359 -0.000397108 -0.0499619
3.34 -0.0492018 0.000483276 -0.0496851
3.35 -0.0480193 0.0012898 -0.0493091
3.36 -0.0468409 0.00201826 -0.0488592
3.37 -0.0456959 0.00266406 -0.04836
3.38 -0.0446124 0.00322312 -0.0478355
3.39 -0.0436162 0.00369292 -0.0473091
3.4 -0.042732 0.00407106 -0.0468031
3.41 -0.0419829 0.00435578 -0.0463387
3.42 -0.0413901 0.00454602 -0.0459361
3.43 -0.0409734 0.0046409 -0.0456143
3.44 -0.0407504 0.00464039 -0.0453908
3.45 -0.0407369 0.00454484 -0.0452817
3.46 -0.0409466 0.0043552 -0.0453018
3.47 -0.0413912 0.00407284 -0.045464
3.48 -0.0420802 0.00369972 -0.0457799
3.49 -0.0430209 0.00323834 -0.0462592
3.5 -0.0442185 0.00269159 -0.0469101
3.51 -0.0456759 0.00206293 -0.0477388
3.52 -0.047398 0.00135209 -0.0487501
3.53 -0.0493803 0.000566461 -0.0499468
3.54 -0.0516183 -0.000288294 -0.05133
3.55 -0.0541065 -0.00120724 -0.0528993
3.56 -0.0568373 -0.002185 -0.0546523
3.57 -0.0598012 -0.00321599 -0.0565852
3.58 -0.0629868 -0.00429428 -0.0586925
3.59 -0.0663812 -0.00541401 -0.0609672
3.6 -0.0699695 -0.00656878 -0.0634007
3.61 -0.0737356 -0.00775242 -0.0659832
3.62 -0.0776617 -0.00895837 -0.0687033
3.63 -0.081729 -0.0101803 -0.0715487
3.64 -0.0859174 -0.0114117 -0.0745057
3.65 -0.0902058 -0.0126462 -0.0775596
3.66 -0.0945724 -0.0138776 -0.0806948
3.67 -0.0989947 -0.0150997 -0.083895
3.68 -0.103448 -0.0163051 -0.0871429
3.69 -0.107909 -0.0174881 -0.0904209
3.7 -0.112354 -0.0186433 -0.0937107
3.71 -0.116758 -0.0197642 -0.0969938
3.72 -0.121097 -0.0208456 -0.100251
3.73 -0.125349 -0.0218844 -0.103465
3.74 -0.129489 -0.0228746 -0.106614
3.75 -0.133494 -0.0238118 -0.109682
3.76 -0.137342 -0.0246927 -0.112649
3.77 -0.141011 -0.0255132 -0.115498
3.78 -0.144482 -0.0262722 -0.11821
3.79 -0.147733 -0.0269647 -0.120768
3.8 -0.150747 -0.02759 -0.123157
3.81 -0.153504 -0.0281439 -0.12536
3.82 -0.155987 -0.0286239 -0.127363
3.83 -0.158184 -0.029032 -0.129152
3.84 -0.160082 -0.0293676 -0.130714
3.85 -0.16167 -0.0296315 -0.132039
3.86 -0.162937 -0.0298229 -0.133114
3.87 -0.163877 -0.0299451 -0.133932
3.88 -0.164481 -0.0299968 -0.134484
3.89 -0.164747 -0.0299825 -0.134764
3.9 -0.16467 -0.0299024 -0.134768
3.91 -0.164249 -0.0297591 -0.13449
3.92 -0.163485 -0.029556 -0.133929
3.93 -0.162381 -0.0292969 -0.133084
3.94 -0.16094 -0.0289842 -0.131956
3.95 -0.159168 -0.028622 -0.130546
3.96 -0.157067 -0.0282088 -0.128858
3.97 -0.15465 -0.027753 -0.126897
3.98 -0.15193 -0.0272614 -0.124669
3.99 -0.148917 -0.0267367 -0.12218
4 -0.145626 -0.0261851 -0.119441
4.01 -0.142069 -0.025609 -0.11646
4.02 -0.138264 -0.0250153 -0.113249
4.03 -0.134227 -0.024408 -0.109819
4.04 -0.129975 -0.0237911 -0.106184
4.05 -0.125526 -0.0231687 -0.102357
4.06 -0.120901 -0.0225471 -0.0983539
4.07 -0.116119 -0.0219297 -0.0941893
4.08 -0.111199 -0.0213195 -0.0898795
4.09 -0.106163 -0.0207218 -0.0854412
4.1 -0.101031 -0.0201395 -0.0808915
4.11 -0.0958248 -0.0195769 -0.0762479
4.12 -0.0905654 -0.0190374 -0.071528
4.13 -0.0852741 -0.0185244 -0.0667497
4.14 -0.0799714 -0.0180405 -0.0619309
4.15 -0.0746774 -0.0175879 -0.0570895
4.16 -0.069412 -0.017169 -0.052243
4.17 -0.0641941 -0.016785 -0.0474091
4.18 -0.0590422 -0.0164375 -0.0426047
4.19 -0.0539738 -0.0161273 -0.0378465
4.2 -0.0490056 -0.0158549 -0.0331507
4.21 -0.0441534 -0.0156208 -0.0285326
4.22 -0.0394317 -0.0154244 -0.0240073
4.23 -0.0348542 -0.0152655 -0.0195887
4.24 -0.030433 -0.015143 -0.01529
4.25 -0.0261816 -0.015058 -0.0111236
4.26 -0.0221088 -0.0150079 -0.00710088
4.27 -0.0182221 -0.01499 -0.00323214
4.28 -0.0145284 -0.0150017 0.000473297
4.29 -0.0110333 -0.0150405 0.0040072
4.3 -0.00774123 -0.0151037 0.00736248
4.31 -0.00465488 -0.015188 0.0105332
4.32 -0.00177574 -0.0152902 0.0135145
4.33 0.000896085 -0.0154067 0.0163028
4.34 0.00336187 -0.0155338 0.0188956
4.35 0.00562419 -0.0156675 0.0212917
4.36 0.00768691 -0.015804 0.0234909
4.37 0.00955509 -0.0159391 0.0254942
4.38 0.011235 -0.0160687 0.0273037
4.39 0.0127339 -0.0161886 0.0289225
4.4 0.0140574 -0.0162975 0.0303549
4.41 0.0152182 -0.0163878 0.031606
4.42 0.0162265 -0.0164555 0.032682
4.43 0.0170934 -0.0164965 0.0335899
4.44 0.0178308 -0.0165067 0.0343375
4.45 0.018451 -0.0164823 0.0349333
4.46 0.0189669 -0.0164198 0.0353867
4.47 0.019392 -0.0163154 0.0357074
4.48 0.0197397 -0.0161662 0.0359059
4.49 0.0200241 -0.0159688 0.0359929
4.5 0.020259 -0.0157208 0.0359798
4.51 0.0204584 -0.0154196 0.035878
4.52 0.0206362 -0.015063 0.0356992
4.53 0.0208061 -0.0146492 0.0354553
4.54 0.0209816 -0.0141764 0.035158
4.55 0.0211762 -0.013643 0.0348192
4.56 0.0214022 -0.0130484 0.0344506
4.57 0.0216716 -0.012392 0.0340636
4.58 0.0219958 -0.0116736 0.0336694
4.59 0.0223851 -0.0108937 0.0332788
4.6 0.0228494 -0.0100527 0.0329021
4.61 0.0233977 -0.00915164 0.0325493
4.62 0.0240377 -0.00819196 0.0322297
4.63 0.0247765 -0.00717524 0.0319517
4.64 0.02562 -0.00610356 0.0317236
4.65 0.0265732 -0.00497913 0.0315523
4.66 0.0276397 -0.00380479 0.0314445
4.67 0.0288223 -0.00258336 0.0314057
4.68 0.0301225 -0.00131808 0.0314406
4.69 0.0315422 -1.09203e-05 0.0315531
4.7 0.0330795 0.00133326 0.0317462
4.71 0.0347319 0.00270993 0.032022
4.72 0.0364963 0.00411488 0.0323814
4.73 0.0383684 0.00554364 0.0328248
4.74 0.040343 0.00699179 0.0333512
4.75 0.0424136 0.00845449 0.0339591
4.76 0.0445731 0.00992724 0.0346459
4.77 0.046813 0.011405 0.035408
4.78 0.0491243 0.0128831 0.0362412
4.79 0.0514969 0.0143565 0.0371404
4.8 0.0539201 0.0158205 0.0380996
4.81 0.0563824 0.0172703 0.0391121
4.82 0.0588718 0.018701 0.0401708
4.83 0.0613757 0.0201082 0.0412675
4.84 0.0638808 0.0214869 0.0423939
4.85 0.0663733 0.0228325 0.0435408
4.86 0.0688398 0.024141 0.0446988
4.87 0.0712661 0.025408 0.0458581
4.88 0.0736385 0.0266299 0.0470086
4.89 0.075943 0.0278031 0.0481399
4.9 0.0781658 0.0289243 0.0492415
4.91 0.0802932 0.0299904 0.0503028
4.92 0.0823118 0.0309986 0.0513132
4.93 0.0842087 0.0319463 0.0522624
4.94 0.0859712 0.0328314 0.0531398
4.95 0.0875875 0.0336521 0.0539354
4.96 0.0890461 0.0344066 0.0546395
4.97 0.0903364 0.0350938 0.0552426
4.98 0.0914466 0.0357109 0.0557357
4.99 0.0923675 0.0362571 0.0561104
5 0.0930925 0.0367338 0.0563587
5.01 0.0936144 0.0371409 0.0564735
5.02 0.093927 0.0374788 0.0564482
5.03 0.0940252 0.0377482 0.056277
5.04 0.0939049 0.03795 0.0559549
5.05 0.0935632 0.0380855 0.0554777
5.06 0.0929981 0.0381559 0.0548422
5.07 0.0922089 0.0381631 0.0540458
5.08 0.0911962 0.038109 0.0530872
5.09 0.0899616 0.0379958 0.0519658
5.1 0.0885078 0.0378257 0.0506821
5.11 0.0868387 0.0376013 0.0492374
5.12 0.0849593 0.0373252 0.0476341
5.13 0.0828728 0.0369971 0.0458757
5.14 0.0805891 0.0366228 0.0439663
5.15 0.078117 0.0362058 0.0419112
5.16 0.0754658 0.0357492 0.0397166
5.17 0.0726456 0.0352562 0.0373894
5.18 0.0696675 0.0347299 0.0349376
5.19 0.0665432 0.0341734 0.0323698
5.2 0.0632853 0.0335898 0.0296955
5.21 0.0599071 0.0329822 0.0269249
5.22 0.0564222 0.0323535 0.0240687
5.23 0.0528451 0.0317066 0.0211385
5.24 0.0491905 0.0310443 0.0181462
5.25 0.0454734 0.0303692 0.0151042
5.26 0.0417092 0.0296838 0.0120254
5.27 0.0379134 0.0289904 0.00892296
5.28 0.0341017 0.0282914 0.00581029
5.29 0.0302902 0.0275892 0.00270101
5.3 0.0264944 0.0268856 -0.000391183
5.31 0.0227296 0.0261821 -0.00345254
5.32 0.0190108 0.0254802 -0.0064694
5.33 0.0153526 0.0247808 -0.0094282
5.34 0.0117694 0.024085 -0.0123156
5.35 0.00827492 0.0233936 -0.0151187
5.36 0.00488222 0.0227068 -0.0178246
5.37 0.00160381 0.0220251 -0.0204213
5.38 -0.00154854 0.0213483 -0.0228969
5.39 -0.00456386 0.0206765 -0.0252403
5.4 -0.00743204 0.0200091 -0.0274412
5.41 -0.0101438 0.0193457 -0.0294895
5.42 -0.0126891 0.0186874 -0.0313765
5.43 -0.015061 0.0180327 -0.0330937
5.44 -0.0172544 0.0173796 -0.034634
5.45 -0.0192643 0.0167266 -0.0359909
5.46 -0.0210865 0.0160724 -0.0371589
5.47 -0.0227181 0.0154154 -0.0381335
5.48 -0.024157 0.0147542 -0.0389112
5.49 -0.0254026 0.014087 -0.0394896
5.5 -0.0264551 0.0134122 -0.0398673
5.51 -0.0273158 0.012728 -0.0400438
5.52 -0.0279872 0.0120328 -0.04002
5.53 -0.0284728 0.0113247 -0.0397975
5.54 -0.028777 0.0106021 -0.0393791
5.55 -0.0289053 0.00986336 -0.0387687
5.56 -0.028864 0.00910702 -0.037971
5.57 -0.0286577 0.00833426 -0.036992
5.58 -0.0282976 0.00754063 -0.0358382
5.59 -0.0277925 0.00672501 -0.0345175
5.6 -0.0271522 0.00588611 -0.0330383
5.61 -0.026387 0.00502297 -0.03141
5.62 -0.0255077 0.00413491 -0.0296426
5.63 -0.0245258 0.00322122 -0.027747
5.64 -0.0234529 0.00228177 -0.0257347
5.65 -0.0223014 0.00131617 -0.0236176
5.66 -0.0210837 0.000324574 -0.0214083
5.67 -0.0198124 -0.000692652 -0.0191197
5.68 -0.0185003 -0.00173497 -0.0167653
5.69 -0.0171603 -0.00280165 -0.0143586
5.7 -0.015805 -0.00389147 -0.0119135
5.71 -0.0144474 -0.00500345 -0.00944395
5.72 -0.0131002 -0.00613629 -0.00696391
5.73 -0.0117756 -0.00728819 -0.00448741
5.74 -0.0104855 -0.00845718 -0.00202832
5.75 -0.00924135 -0.00964102 0.000399669
5.76 -0.00805402 -0.0108371 0.00278312
5.77 -0.00693391 -0.0120429 0.00510896
5.78 -0.0058908 -0.0132553 0.00736449
5.79 -0.00493378 -0.0144713 0.00953754
5.8 -0.00407124 -0.0156877 0.0116164
5.81 -0.00331078 -0.016901 0.0135902
5.82 -0.00265922 -0.0181077 0.0154484
5.83 -0.0021225 -0.0193041 0.0171816
5.84 -0.00170571 -0.0204864 0.0187807
5.85 -0.00141302 -0.0216509 0.0202379
5.86 -0.00124934 -0.0227954 0.0215461
5.87 -0.00121607 -0.023915 0.0226989
5.88 -0.00131383 -0.0250051 0.0236912
5.89 -0.00154297 -0.0260617 0.0245187
5.9 -0.00190291 -0.027081 0.0251781
5.91 -0.00239214 -0.0280592 0.025667
5.92 -0.00300822 -0.0289925 0.0259843
5.93 -0.00374782 -0.0298774 0.0261296
5.94 -0.00460673 -0.0307104 0.0261037
5.95 -0.00557991 -0.0314883 0.0259084
5.96 -0.00666153 -0.032208 0.0255464
5.97 -0.00784497 -0.0328665 0.0250215
5.98 -0.00912292 -0.0334613 0.0243384
5.99 -0.0104874 -0.03399 0.0235026
6 -0.0119299 -0.0344505 0.0225206
6.01 -0.0134422 -0.0348418 0.0213996
6.02 -0.0150133 -0.0351612 0.0201479
6.03 -0.0166332 -0.0354074 0.0187742
6.04 -0.0182913 -0.0355792 0.0172879
6.05 -0.019977 -0.0356763 0.0156993
6.06 -0.0216793 -0.0356983 0.014019
6.07 -0.0233872 -0.0356454 0.0122582
6.08 -0.0250895 -0.035518 0.0104285
6.09 -0.0267751 -0.035317 0.00854187
6.1 -0.0284327 -0.0350432 0.00661049
6.11 -0.0300516 -0.0346984 0.00464684
6.12 -0.0316209 -0.0342844 0.00266349
6.13 -0.0331301 -0.0338032 0.000673078
6.14 -0.0345691 -0.0332573 -0.00131178
6.15 -0.0359275 -0.0326489 -0.00327855
6.16 -0.0371954 -0.0319805 -0.00521489
6.17 -0.038365 -0.0312563 -0.00710868
6.18 -0.0394281 -0.03048 -0.00894811
6.19 -0.0403772 -0.0296554 -0.0107218
6.2 -0.0412054 -0.0287868 -0.0124186
6.21 -0.0419065 -0.0278782 -0.0140283
6.22 -0.0424751 -0.0269342 -0.0155409
6.23 -0.0429066 -0.0259596 -0.016947
6.24 -0.0431972 -0.0249589 -0.0182383
6.25 -0.0433438 -0.0239372 -0.0194066
6.26 -0.0433443 -0.0228992 -0.0204451
6.27 -0.0431973 -0.0218498 -0.0213475
6.28 -0.0429025 -0.0207942 -0.0221083
6.29 -0.0424602 -0.0197373 -0.0227229
6.3 -0.0418695 -0.0186817 -0.0231878
6.31 -0.0411343 -0.017634 -0.0235003
6.32 -0.040258 -0.0165995 -0.0236585
6.33 -0.0392446 -0.0155829 -0.0236617
6.34 -0.0380985 -0.0145886 -0.0235099
6.35 -0.0368251 -0.0136209 -0.0232042
6.36 -0.0354304 -0.0126839 -0.0227465
6.37 -0.0339212 -0.0117814 -0.0221398
6.38 -0.0323048 -0.010917 -0.0213878
6.39 -0.0305892 -0.0100941 -0.0204951
6.4 -0.0287829 -0.00931549 -0.0194674
6.41 -0.0268948 -0.00858394 -0.0183109
6.42 -0.0249344 -0.00790185 -0.0170325
6.43 -0.0229114 -0.00727114 -0.0156403
6.44 -0.0208359 -0.00669344 -0.0141425
6.45 -0.0187179 -0.00616969 -0.0125482
6.46 -0.0165688 -0.00570165 -0.0108671
6.47 -0.0143992 -0.00528979 -0.00910941
6.48 -0.01222 -0.00493442 -0.00728558
6.49 -0.0100417 -0.00463509 -0.00540661
6.5 -0.00787505 -0.00439127 -0.00348378
6.51 -0.0057306 -0.004202 -0.0015286
6.52 -0.00361865 -0.0040659 0.000447245
6.53 -0.00154927 -0.00398123 0.00243196
6.54 0.000467799 -0.00394591 0.00441371
6.55 0.00242317 -0.00395755 0.00638072
6.56 0.0043079 -0.00401338 0.00832128
6.57 0.00611349 -0.0041104 0.0102239
6.58 0.00783201 -0.00424527 0.0120773
6.59 0.00945506 -0.00441542 0.0138705
6.6 0.0109758 -0.0046171 0.0155929
6.61 0.012389 -0.00484538 0.0172344
6.62 0.0136892 -0.00509605 0.0187852
6.63 0.0148718 -0.0053646 0.0202364
6.64 0.0159326 -0.0056467 0.0215793
6.65 0.0168687 -0.00593737 0.0228061
6.66 0.0176774 -0.00623215 0.0239096
6.67 0.018357 -0.00652628 0.0248833
6.68 0.0189069 -0.00681468 0.0257216
6.69 0.0193266 -0.00709297 0.0264196
6.7 0.0196171 -0.00735609 0.0269732
6.71 0.0197796 -0.00759965 0.0273792
6.72 0.0198164 -0.00781898 0.0276354
6.73 0.0197303 -0.00800983 0.0277401
6.74 0.0195231 -0.0081698 0.0276929
6.75 0.019201 -0.00829298 0.027494
6.76 0.0187691 -0.00837545 0.0271445
6.77 0.0182332 -0.00841342 0.0266466
6.78 0.0175993 -0.00840379 0.0260031
6.79 0.0168742 -0.00834349 0.0252177
6.8 0.0160651 -0.00822982 0.0242949
6.81 0.0151797 -0.00806041 0.0232401
6.82 0.014226 -0.00783329 0.0220593
6.83 0.0132124 -0.00754684 0.0207592
6.84 0.0121476 -0.00719977 0.0193474
6.85 0.0110404 -0.00679134 0.0178317
6.86 0.00990012 -0.00632084 0.016221
6.87 0.00873578 -0.00578838 0.0145242
6.88 0.00755667 -0.00519429 0.012751
6.89 0.00637225 -0.00453912 0.0109114
6.9 0.00519192 -0.00382381 0.00901573
6.91 0.00402478 -0.00304993 0.00707471
6.92 0.00287976 -0.00221941 0.00509917
6.93 0.00176558 -0.00133455 0.00310013
6.94 0.000690664 -0.000398073 0.00108874
6.95 -0.000336881 0.000586978 -0.000923859
6.96 -0.00130932 0.00161721 -0.00292653
6.97 -0.00221933 0.00268892 -0.00490825
6.98 -0.00306006 0.00379808 -0.00685814
6.99 -0.00382516 0.00494039 -0.00876555
7 -0.00450881 0.00611132 -0.0106201
7.01 -0.00510575 0.00730608 -0.0124118
7.02 -0.00561134 0.00851969 -0.014131
7.03 -0.00602039 0.00974816 -0.0157686
7.04 -0.00632994 0.0109858 -0.0173157
7.05 -0.00653795 0.0122264 -0.0187644
7.06 -0.00664241 0.0134646 -0.020107
7.07 -0.00664201 0.0146946 -0.0213366
7.08 -0.00653612 0.015911 -0.0224471
7.09 -0.0063248 0.017108 -0.0234328
7.1 -0.00600881 0.0182802 -0.024289
7.11 -0.00558956 0.019422 -0.0250116
7.12 -0.00506915 0.0205281 -0.0255972
7.13 -0.00445031 0.0215931 -0.0260435
7.14 -0.00373643 0.0226121 -0.0263486
7.15 -0.00293148 0.0235801 -0.0265116
7.16 -0.00204001 0.0244925 -0.0265325
7.17 -0.00106712 0.0253448 -0.0264119
7.18 -1.71775e-05 0.0261342 -0.0261514
7.19 0.00110221 0.0268552 -0.025753
7.2 0.00228448 0.0275044 -0.0252199
7.21 0.00352269 0.0280785 -0.0245558
7.22 0.00480952 0.0285747 -0.0237652
7.23 0.00613736 0.0289904 -0.0228531
7.24 0.00749836 0.0293236 -0.0218252
7.25 0.00888443 0.0295725 -0.0206881
7.26 0.0102873 0.0297359 -0.0194486
7.27 0.0116987 0.0298129 -0.0181142
7.28 0.0131103 0.0298031 -0.0166928
7.29 0.0145134 0.0297061 -0.0151927
7.3 0.0158999 0.0295226 -0.0136227
7.31 0.0172615 0.0292534 -0.0119919
7.32 0.0185896 0.0288992 -0.0103096
7.33 0.0198761 0.0284614 -0.0085853
7.34 0.0211135 0.0279422 -0.00682868
7.35 0.0222944 0.0273439 -0.00504955
7.36 0.0234118 0.0266695 -0.00325773
7.37 0.024459 0.025922 -0.00146303
7.38 0.0254295 0.0251047 0.000324798
7.39 0.0263176 0.0242214 0.00209615
7.4 0.0271178 0.0232762 0.00384161
7.41 0.0278253 0.0222733 0.00555196
7.42 0.0284355 0.0212172 0.0072183
7.43 0.0289447 0.0201126 0.00883207
7.44 0.0293497 0.0189646 0.0103851
7.45 0.0296477 0.0177782 0.0118695
7.46 0.0298366 0.0165585 0.0132781
7.47 0.0299135 0.0153094 0.0146041
7.48 0.0298784 0.0140371 0.0158413
7.49 0.0297317 0.0127479 0.0169838
7.5 0.0294738 0.0114471 0.0180267
7.51 0.0291056 0.0101401 0.0189655
7.52 0.0286287 0.00883237 0.0197963
7.53 0.0280454 0.00752931 0.0205161
7.54 0.0273583 0.00623605 0.0211222
7.55 0.0265708 0.00495779 0.021613
7.56 0.0256865 0.00369927 0.0219872
7.57 0.02471 0.00246553 0.0222445
7.58 0.0236458 0.00126086 0.0223849
7.59 0.0224993 8.97637e-05 0.0224095
7.6 0.0212761 -0.00104372 0.0223198
7.61 0.019982 -0.00213597 0.022118
7.62 0.0186227 -0.0031841 0.0218068
7.63 0.0172058 -0.00418391 0.0213897
7.64 0.0157384 -0.00513229 0.0208707
7.65 0.0142275 -0.00602676 0.0202543
7.66 0.0126805 -0.00686493 0.0195454
7.67 0.0111047 -0.007645 0.0187497
7.68 0.00950769 -0.00836533 0.017873
7.69 0.00789703 -0.00902467 0.0169217
7.7 0.00628027 -0.00962215 0.0159024
7.71 0.00466492 -0.0101572 0.0148222
7.72 0.00305841 -0.0106298 0.0136882
7.73 0.00146807 -0.0110399 0.012508
7.74 -9.89588e-05 -0.0113881 0.0112891
7.75 -0.00163573 -0.0116751 0.0100394
7.76 -0.00313514 -0.0119018 0.00876662
7.77 -0.00459055 -0.0120692 0.00747866
7.78 -0.0059962 -0.0121795 0.00618333
7.79 -0.00734631 -0.0122347 0.0048884
7.8 -0.00863547 -0.012237 0.00360151
7.81 -0.00985867 -0.0121888 0.00233013
7.82 -0.0110113 -0.0120928 0.00108154
7.83 -0.0120892 -0.011952 -0.000137231
7.84 -0.0130887 -0.0117693 -0.00131945
7.85 -0.0140064 -0.0115477 -0.00245869
7.86 -0.0148398 -0.0112909 -0.0035489
7.87 -0.0155864 -0.011002 -0.00458442
7.88 -0.0162445 -0.0106845 -0.00556001
7.89 -0.0168129 -0.010342 -0.00647087
7.9 -0.0172908 -0.0099781 -0.0073127
7.91 -0.0176765 -0.00959482 -0.00808168
7.92 -0.0179713 -0.00919681 -0.00877449
7.93 -0.0181763 -0.00878795 -0.00938835
7.94 -0.0182927 -0.00837167 -0.00992103
7.95 -0.0183221 -0.00795128 -0.0103708
7.96 -0.0182667 -0.00753013 -0.0107366
7.97 -0.0181289 -0.00711122 -0.0110177
7.98 -0.0179117 -0.00669759 -0.0112141
7.99 -0.0176184 -0.00629208 -0.0113263
8 -0.0172526 -0.00589725 -0.0113553
