# Generated on Sun Sep  5 13:48:16 2021 by yr2369.
# This file was created by PDFgui.
#S 1
#L r  Gtrunc  Gdiff  Gcalc
1.79 -0.112795 -0.0209055 -0.0918895
1.8 -0.115893 -0.0169283 -0.0989647
1.81 -0.119296 -0.0131296 -0.106166
1.82 -0.122991 -0.00951771 -0.113473
1.83 -0.126962 -0.00609921 -0.120863
1.84 -0.131192 -0.00288065 -0.128311
1.85 -0.13566 0.00013441 -0.135794
1.86 -0.140345 0.00294151 -0.143287
1.87 -0.145223 0.00553838 -0.150761
1.88 -0.150269 0.00792304 -0.158192
1.89 -0.155457 0.0100939 -0.165551
1.9 -0.160758 0.0120518 -0.17281
1.91 -0.166143 0.0137973 -0.17994
1.92 -0.17158 0.0153336 -0.186914
1.93 -0.177036 0.0166648 -0.193701
1.94 -0.182479 0.0177939 -0.200273
1.95 -0.187875 0.0187259 -0.206601
1.96 -0.193189 0.0194672 -0.212656
1.97 -0.198387 0.0200233 -0.21841
1.98 -0.203434 0.0204014 -0.223835
1.99 -0.208295 0.0206091 -0.228904
2 -0.212935 0.0206547 -0.23359
2.01 -0.21732 0.0205463 -0.237866
2.02 -0.221414 0.0202952 -0.241709
2.03 -0.225186 0.0199085 -0.245095
2.04 -0.228601 0.0193986 -0.248
2.05 -0.231628 0.018775 -0.250403
2.06 -0.234229 0.0180559 -0.252285
2.07 -0.236381 0.0172458 -0.253627
2.08 -0.238057 0.0163549 -0.254412
2.09 -0.239231 0.0153939 -0.254625
2.1 -0.239878 0.0143745 -0.254252
2.11 -0.239976 0.0133071 -0.253283
2.12 -0.239505 0.0122021 -0.251707
2.13 -0.238446 0.011071 -0.249517
2.14 -0.236784 0.00992299 -0.246707
2.15 -0.234505 0.00876867 -0.243274
2.16 -0.231599 0.00761663 -0.239216
2.17 -0.228056 0.00647765 -0.234534
2.18 -0.223872 0.00535864 -0.229231
2.19 -0.219042 0.00426974 -0.223312
2.2 -0.213561 0.00322325 -0.216784
2.21 -0.207431 0.00222663 -0.209658
2.22 -0.200663 0.00128053 -0.201944
2.23 -0.193265 0.000390717 -0.193656
2.24 -0.185247 -0.00043696 -0.18481
2.25 -0.176623 -0.00119859 -0.175424
2.26 -0.167408 -0.00188929 -0.165519
2.27 -0.157622 -0.00250721 -0.155115
2.28 -0.147285 -0.00304869 -0.144236
2.29 -0.136421 -0.00351227 -0.132909
2.3 -0.125055 -0.0038958 -0.121159
2.31 -0.113216 -0.00419957 -0.109016
2.32 -0.100934 -0.00442335 -0.0965106
2.33 -0.0882411 -0.00456767 -0.0836734
2.34 -0.0751713 -0.00463368 -0.0705376
2.35 -0.0617557 -0.00461852 -0.0571372
2.36 -0.0480373 -0.00453019 -0.0435071
2.37 -0.0340557 -0.00437245 -0.0296832
2.38 -0.019851 -0.00414882 -0.0157022
2.39 -0.00546432 -0.00386323 -0.00160109
2.4 0.00906226 -0.00352013 0.0125824
2.41 0.023686 -0.00312433 0.0268103
2.42 0.0383637 -0.00268091 0.0410446
2.43 0.0530518 -0.00219534 0.0552471
2.44 0.0677066 -0.00167334 0.0693799
2.45 0.0822846 -0.00112071 0.0834053
2.46 0.0967423 -0.000543696 0.097286
2.47 0.111037 5.17013e-05 0.110985
2.48 0.125126 0.000658759 0.124467
2.49 0.138967 0.00127031 0.137697
2.5 0.152516 0.00187648 0.15064
2.51 0.165737 0.00247432 0.163263
2.52 0.178592 0.0030576 0.175534
2.53 0.191044 0.00361975 0.187424
2.54 0.20306 0.00415675 0.198903
2.55 0.214606 0.00466196 0.209944
2.56 0.225651 0.00513011 0.220521
2.57 0.236167 0.00555713 0.23061
2.58 0.246126 0.00593712 0.240189
2.59 0.255504 0.00626625 0.249238
2.6 0.26428 0.00654172 0.257738
2.61 0.272433 0.00675867 0.265674
2.62 0.279947 0.00691514 0.273032
2.63 0.286807 0.00700807 0.279799
2.64 0.292993 0.00702722 0.285966
2.65 0.2985 0.00697519 0.291525
2.66 0.303325 0.00685438 0.296471
2.67 0.307465 0.00666504 0.3008
2.68 0.310918 0.00640621 0.304512
2.69 0.313686 0.00607882 0.307607
2.7 0.315774 0.00568466 0.310089
2.71 0.317188 0.00522444 0.311964
2.72 0.317937 0.00469984 0.313237
2.73 0.318033 0.00411358 0.313919
2.74 0.317491 0.00346946 0.314022
2.75 0.316325 0.00276844 0.313557
2.76 0.314555 0.00201576 0.312539
2.77 0.312201 0.00121496 0.310986
2.78 0.309286 0.000371024 0.308915
2.79 0.305824 -0.000521519 0.306346
2.8 0.30185 -0.00144851 0.303299
2.81 0.297394 -0.00240203 0.299796
2.82 0.292482 -0.0033793 0.295861
2.83 0.287145 -0.00437354 0.291519
2.84 0.281414 -0.00537885 0.286793
2.85 0.27532 -0.00639009 0.28171
2.86 0.268896 -0.00740077 0.276297
2.87 0.262175 -0.00840487 0.27058
2.88 0.255189 -0.00939776 0.264587
2.89 0.247972 -0.010373 0.258345
2.9 0.240558 -0.0113244 0.251882
2.91 0.23298 -0.0122465 0.245226
2.92 0.225271 -0.0131339 0.238405
2.93 0.217463 -0.0139819 0.231445
2.94 0.209587 -0.0147863 0.224373
2.95 0.201677 -0.0155395 0.217216
2.96 0.193763 -0.0162372 0.21
2.97 0.185873 -0.0168765 0.202749
2.98 0.178035 -0.0174534 0.195488
2.99 0.170277 -0.0179632 0.18824
3 0.162622 -0.0184052 0.181027
3.01 0.155095 -0.0187754 0.17387
3.02 0.147719 -0.0190708 0.16679
3.03 0.140512 -0.0192919 0.159804
3.04 0.133494 -0.0194363 0.15293
3.05 0.126682 -0.0195028 0.146185
3.06 0.120091 -0.019491 0.139582
3.07 0.113733 -0.0194021 0.133135
3.08 0.107623 -0.0192327 0.126856
3.09 0.101768 -0.0189859 0.120754
3.1 0.0961745 -0.0186638 0.114838
3.11 0.0908472 -0.0182688 0.109116
3.12 0.0857893 -0.0178034 0.103593
3.13 0.081002 -0.0172704 0.0982724
3.14 0.0764849 -0.0166728 0.0931577
3.15 0.0722355 -0.0160143 0.0882498
3.16 0.0682496 -0.0152988 0.0835484
3.17 0.0645215 -0.0145304 0.0790519
3.18 0.0610435 -0.0137139 0.0747574
3.19 0.0578068 -0.0128538 0.0706606
3.2 0.054801 -0.0119552 0.0667562
3.21 0.0520141 -0.0110235 0.0630376
3.22 0.0494335 -0.0100637 0.0594972
3.23 0.0470478 -0.0090786 0.0561264
3.24 0.0448381 -0.00807774 0.0529158
3.25 0.0427885 -0.00706671 0.0498552
3.26 0.0408821 -0.00605145 0.0469335
3.27 0.0391014 -0.00503786 0.0441393
3.28 0.0374285 -0.00403173 0.0414602
3.29 0.0358451 -0.00303885 0.0388839
3.3 0.0343326 -0.00206494 0.0363975
3.31 0.0328723 -0.00111563 0.0339879
3.32 0.0314457 -0.00019621 0.0316419
3.33 0.0300341 0.000687851 0.0293462
3.34 0.0286194 0.00153162 0.0270878
3.35 0.0271837 0.00233019 0.0248535
3.36 0.0257097 0.003079 0.0226307
3.37 0.0241802 0.00377324 0.020407
3.38 0.0225787 0.00440836 0.0181703
3.39 0.0208906 0.0049812 0.0159094
3.4 0.0191019 0.0054886 0.0136133
3.41 0.0171994 0.0059275 0.0112719
3.42 0.0151712 0.00629545 0.00887575
3.43 0.0130066 0.00659036 0.00641624
3.44 0.0106959 0.00681027 0.00388563
3.45 0.0082309 0.00695384 0.00127706
3.46 0.00560482 0.00702017 -0.00141535
3.47 0.00281215 0.00700863 -0.00419648
3.48 -0.00015115 0.00691904 -0.00707019
3.49 -0.00328769 0.00675159 -0.0100393
3.5 -0.00659858 0.0065069 -0.0131055
3.51 -0.0100835 0.00618594 -0.0162694
3.52 -0.0137432 0.00578751 -0.0195307
3.53 -0.0175723 0.00531546 -0.0228878
3.54 -0.0215655 0.00477251 -0.026338
3.55 -0.0257166 0.00416118 -0.0298778
3.56 -0.0300182 0.00348418 -0.0335024
3.57 -0.0344615 0.00274462 -0.0372061
3.58 -0.0390364 0.00194592 -0.0409823
3.59 -0.0437319 0.0010915 -0.0448234
3.6 -0.0485356 0.000185287 -0.0487209
3.61 -0.0534341 -0.000768623 -0.0526655
3.62 -0.0584133 -0.00176619 -0.0566471
3.63 -0.063458 -0.00280298 -0.060655
3.64 -0.0685523 -0.00387451 -0.0646778
3.65 -0.0736796 -0.00497614 -0.0687035
3.66 -0.0788228 -0.00610324 -0.0727196
3.67 -0.0839639 -0.00725069 -0.0767132
3.68 -0.0890847 -0.00841349 -0.0806712
3.69 -0.0941669 -0.00958683 -0.0845801
3.7 -0.0991923 -0.0107661 -0.0884262
3.71 -0.104142 -0.0119462 -0.0921958
3.72 -0.108999 -0.0131239 -0.0958751
3.73 -0.113744 -0.0142934 -0.0994506
3.74 -0.118359 -0.0154503 -0.102909
3.75 -0.122828 -0.0165917 -0.106236
3.76 -0.127133 -0.0177127 -0.10942
3.77 -0.131257 -0.0188087 -0.112448
3.78 -0.135186 -0.0198778 -0.115308
3.79 -0.138905 -0.0209163 -0.117989
3.8 -0.142398 -0.0219193 -0.120479
3.81 -0.145651 -0.0228827 -0.122768
3.82 -0.148652 -0.0238041 -0.124848
3.83 -0.151392 -0.024683 -0.126709
3.84 -0.153861 -0.0255171 -0.128344
3.85 -0.15605 -0.0263043 -0.129746
3.86 -0.157952 -0.0270435 -0.130908
3.87 -0.159561 -0.0277336 -0.131827
3.88 -0.160871 -0.0283723 -0.132499
3.89 -0.16188 -0.0289607 -0.132919
3.9 -0.162585 -0.0294973 -0.133088
3.91 -0.162986 -0.0299831 -0.133003
3.92 -0.163082 -0.0304165 -0.132666
3.93 -0.162876 -0.0307991 -0.132077
3.94 -0.16237 -0.0311305 -0.131239
3.95 -0.161569 -0.0314121 -0.130157
3.96 -0.160474 -0.0316403 -0.128834
3.97 -0.159096 -0.0318204 -0.127276
3.98 -0.157444 -0.0319549 -0.125489
3.99 -0.155527 -0.0320453 -0.123482
4 -0.153355 -0.0320931 -0.121262
4.01 -0.150939 -0.0321 -0.118839
4.02 -0.148292 -0.0320689 -0.116223
4.03 -0.145426 -0.032001 -0.113425
4.04 -0.142355 -0.0318988 -0.110456
4.05 -0.139094 -0.031765 -0.107329
4.06 -0.135657 -0.031601 -0.104056
4.07 -0.13206 -0.0314096 -0.10065
4.08 -0.128319 -0.031193 -0.097126
4.09 -0.12445 -0.0309534 -0.0934966
4.1 -0.12047 -0.0306935 -0.0897765
4.11 -0.116395 -0.0304149 -0.0859801
4.12 -0.112242 -0.03012 -0.082122
4.13 -0.108029 -0.0298122 -0.0782168
4.14 -0.103771 -0.029492 -0.074279
4.15 -0.0994867 -0.0291637 -0.070323
4.16 -0.0951905 -0.0288273 -0.0663632
4.17 -0.0908983 -0.0284849 -0.0624134
4.18 -0.0866253 -0.0281379 -0.0584874
4.19 -0.0823863 -0.0277881 -0.0545982
4.2 -0.078195 -0.0274362 -0.0507588
4.21 -0.0740649 -0.0270836 -0.0469813
4.22 -0.0700085 -0.0267311 -0.0432774
4.23 -0.0660376 -0.0263796 -0.039658
4.24 -0.0621629 -0.0260295 -0.0361334
4.25 -0.0583959 -0.0256827 -0.0327132
4.26 -0.0547452 -0.0253392 -0.029406
4.27 -0.051218 -0.0249981 -0.0262199
4.28 -0.0478214 -0.0246597 -0.0231617
4.29 -0.0445611 -0.0243233 -0.0202378
4.3 -0.0414422 -0.0239888 -0.0174534
4.31 -0.0384683 -0.0236556 -0.0148127
4.32 -0.0356423 -0.0233231 -0.0123192
4.33 -0.0329657 -0.0229903 -0.0099754
4.34 -0.0304394 -0.0226567 -0.00778275
4.35 -0.0280628 -0.0223209 -0.00574187
4.36 -0.0258346 -0.0219822 -0.00385244
4.37 -0.0237525 -0.0216393 -0.00211325
4.38 -0.0218131 -0.0212909 -0.000522191
4.39 -0.0200123 -0.020936 0.000923667
4.4 -0.0183473 -0.0205754 0.00222808
4.41 -0.0168098 -0.0202054 0.00339559
4.42 -0.0153931 -0.0198246 0.00443145
4.43 -0.0140898 -0.0194314 0.00534162
4.44 -0.0128922 -0.0190249 0.00613269
4.45 -0.0117917 -0.0186035 0.00681183
4.46 -0.0107794 -0.0181661 0.00738674
4.47 -0.00984597 -0.0177116 0.00786559
4.48 -0.00898164 -0.0172386 0.00825694
4.49 -0.00817651 -0.0167462 0.00856971
4.5 -0.00742044 -0.0162335 0.00881309
4.51 -0.00670317 -0.0156996 0.00899647
4.52 -0.00601442 -0.0151438 0.00912939
4.53 -0.00534396 -0.0145654 0.00922146
4.54 -0.00468165 -0.0139639 0.00928229
4.55 -0.00401728 -0.0133387 0.00932144
4.56 -0.00334109 -0.0126894 0.00934833
4.57 -0.00264377 -0.012016 0.00937219
4.58 -0.00191638 -0.0113184 0.00940201
4.59 -0.00115044 -0.0105969 0.00944644
4.6 -0.000338004 -0.00985176 0.00951376
4.61 0.000528312 -0.00908351 0.00961183
4.62 0.00145527 -0.00829273 0.009748
4.63 0.00244896 -0.00748017 0.00992913
4.64 0.00351475 -0.0066467 0.0101615
4.65 0.0046573 -0.00579332 0.0104506
4.66 0.00588046 -0.00492114 0.0108016
4.67 0.00718728 -0.00403142 0.0112187
4.68 0.00858 -0.00312548 0.0117055
4.69 0.0100612 -0.00220359 0.0122648
4.7 0.0116307 -0.00126801 0.0128987
4.71 0.0132877 -0.000320846 0.0136085
4.72 0.0150309 0.000636066 0.0143948
4.73 0.0168584 0.00160107 0.0152573
4.74 0.0187674 0.00257238 0.016195
4.75 0.0207541 0.00354798 0.0172061
4.76 0.0228141 0.00452603 0.0182881
4.77 0.0249423 0.00550469 0.0194376
4.78 0.0271327 0.00648195 0.0206508
4.79 0.0293787 0.00745589 0.0219228
4.8 0.0316732 0.00842475 0.0232484
4.81 0.0340083 0.00938657 0.0246217
4.82 0.0363757 0.0103396 0.0260361
4.83 0.0387666 0.011282 0.0274846
4.84 0.0411718 0.0122122 0.0289596
4.85 0.0435813 0.0131281 0.0304532
4.86 0.045985 0.014028 0.031957
4.87 0.048373 0.0149107 0.0334623
4.88 0.0507348 0.0157746 0.0349602
4.89 0.0530601 0.0166185 0.0364416
4.9 0.0553384 0.0174412 0.0378972
4.91 0.0575592 0.0182415 0.0393177
4.92 0.0597122 0.0190185 0.0406937
4.93 0.0617873 0.0197715 0.0420158
4.94 0.0637745 0.0204995 0.043275
4.95 0.0656643 0.0212022 0.0444621
4.96 0.0674472 0.0218788 0.0455684
4.97 0.0691145 0.0225291 0.0465854
4.98 0.0706565 0.0231515 0.047505
4.99 0.0720652 0.0237457 0.0483195
5 0.0733343 0.0243126 0.0490217
5.01 0.0744574 0.0248525 0.0496049
5.02 0.0754283 0.0253655 0.0500628
5.03 0.0762418 0.0258516 0.0503902
5.04 0.0768934 0.0263114 0.050582
5.05 0.0773793 0.0267452 0.0506341
5.06 0.0776964 0.0271533 0.0505431
5.07 0.0778428 0.0275365 0.0503063
5.08 0.0778169 0.027895 0.0499219
5.09 0.0776182 0.0282295 0.0493887
5.1 0.0772472 0.0285406 0.0487066
5.11 0.0767049 0.0288289 0.047876
5.12 0.0759933 0.0290949 0.0468984
5.13 0.0751128 0.0293368 0.045776
5.14 0.0740691 0.0295572 0.0445119
5.15 0.0728673 0.0297575 0.0431098
5.16 0.0715125 0.0299379 0.0415746
5.17 0.0700106 0.0300991 0.0399115
5.18 0.0683683 0.0302414 0.0381269
5.19 0.0665928 0.0303651 0.0362277
5.2 0.0646921 0.0304707 0.0342214
5.21 0.0626747 0.0305584 0.0321163
5.22 0.0605494 0.0306281 0.0299213
5.23 0.0583259 0.0306801 0.0276458
5.24 0.0560139 0.0307142 0.0252997
5.25 0.0536237 0.0307303 0.0228934
5.26 0.0511658 0.0307281 0.0204377
5.27 0.0486508 0.0307071 0.0179437
5.28 0.0460895 0.0306666 0.0154229
5.29 0.0434936 0.0306069 0.0128867
5.3 0.0408744 0.0305273 0.0103471
5.31 0.038243 0.0304272 0.00781585
5.32 0.0356103 0.0303055 0.0053048
5.33 0.0329874 0.0301616 0.00282579
5.34 0.0303847 0.0299942 0.000390521
5.35 0.027813 0.0298025 -0.00198947
5.36 0.0252821 0.029585 -0.00430293
5.37 0.0228021 0.029341 -0.00653887
5.38 0.0203821 0.0290688 -0.00868671
5.39 0.0180311 0.0287674 -0.0107363
5.4 0.0157575 0.0284355 -0.012678
5.41 0.0135691 0.0280717 -0.0145026
5.42 0.0114742 0.0276759 -0.0162017
5.43 0.00947928 0.0272467 -0.0177674
5.44 0.00758953 0.0267821 -0.0191925
5.45 0.00581018 0.0262808 -0.0204706
5.46 0.00414573 0.0257418 -0.0215961
5.47 0.00259995 0.025164 -0.022564
5.48 0.00117588 0.0245463 -0.0233704
5.49 -0.000124203 0.0238879 -0.0240121
5.5 -0.00129878 0.0231881 -0.0244869
5.51 -0.00234709 0.0224462 -0.0247933
5.52 -0.00326911 0.0216617 -0.0249308
5.53 -0.00406559 0.0208344 -0.0249
5.54 -0.00473797 0.0199641 -0.0247021
5.55 -0.00528844 0.0190508 -0.0243393
5.56 -0.00571987 0.0180948 -0.0238147
5.57 -0.0060338 0.0170985 -0.0231323
5.58 -0.00623649 0.0160605 -0.022297
5.59 -0.0063328 0.0149815 -0.0213143
5.6 -0.00632811 0.0138626 -0.0201907
5.61 -0.00622828 0.012705 -0.0189333
5.62 -0.00603969 0.0115104 -0.01755
5.63 -0.00576913 0.0102804 -0.0160495
5.64 -0.00542378 0.009017 -0.0144408
5.65 -0.00501115 0.00772252 -0.0127337
5.66 -0.00453904 0.00639937 -0.0109384
5.67 -0.00401549 0.00505021 -0.0090657
5.68 -0.00344871 0.00367795 -0.00712666
5.69 -0.00284703 0.00228568 -0.00513271
5.7 -0.00221885 0.000876716 -0.00309557
5.71 -0.00157253 -0.000545392 -0.00102714
5.72 -0.000916601 -0.00197713 0.00106053
5.73 -0.000259568 -0.00341488 0.00315531
5.74 0.000390447 -0.00485465 0.0052451
5.75 0.00102551 -0.00629233 0.00731784
5.76 0.00163796 -0.00772364 0.0093616
5.77 0.0022204 -0.00914429 0.0113647
5.78 0.0027658 -0.0105498 0.0133156
5.79 0.0032675 -0.0119358 0.0152033
5.8 0.00371928 -0.0132977 0.017017
5.81 0.00411537 -0.014631 0.0187464
5.82 0.00445049 -0.0159312 0.0203817
5.83 0.00471989 -0.0171939 0.0219138
5.84 0.00491937 -0.0184145 0.0233339
5.85 0.00504532 -0.0195889 0.0246342
5.86 0.00509367 -0.0207138 0.0258075
5.87 0.00506254 -0.0217846 0.0268471
5.88 0.00495057 -0.0227969 0.0277475
5.89 0.00475663 -0.0237469 0.0285035
5.9 0.0044802 -0.024631 0.0291112
5.91 0.0041214 -0.0254459 0.0295673
5.92 0.00368097 -0.0261884 0.0298694
5.93 0.00316026 -0.0268558 0.030016
5.94 0.00256122 -0.0274453 0.0300065
5.95 0.00188639 -0.0279548 0.0298411
5.96 0.00113886 -0.0283822 0.0295211
5.97 0.000322267 -0.0287261 0.0290483
5.98 -0.000559237 -0.028985 0.0284258
5.99 -0.00150103 -0.0291582 0.0276571
6 -0.0024981 -0.029245 0.0267469
6.01 -0.00354562 -0.029246 0.0257004
6.02 -0.00463678 -0.0291605 0.0245238
6.03 -0.00576536 -0.0289891 0.0232237
6.04 -0.00692488 -0.0287326 0.0218077
6.05 -0.00810859 -0.0283925 0.0202839
6.06 -0.00930958 -0.0279705 0.0186609
6.07 -0.0105208 -0.0274687 0.0169479
6.08 -0.011735 -0.0268897 0.0151547
6.09 -0.0129449 -0.0262363 0.0132914
6.1 -0.0141434 -0.0255118 0.0113684
6.11 -0.0153233 -0.0247198 0.00939649
6.12 -0.0164774 -0.0238641 0.00738672
6.13 -0.0175988 -0.0229491 0.00535027
6.14 -0.0186806 -0.0219791 0.00329845
6.15 -0.0197159 -0.0209585 0.00124262
6.16 -0.0206981 -0.0198922 -0.000805889
6.17 -0.0216218 -0.018786 -0.00283582
6.18 -0.0224812 -0.0176451 -0.00483606
6.19 -0.0232712 -0.0164755 -0.00679572
6.2 -0.0239869 -0.0152828 -0.00870415
6.21 -0.024624 -0.014073 -0.010551
6.22 -0.0251786 -0.0128521 -0.0123265
6.23 -0.0256473 -0.0116263 -0.014021
6.24 -0.0260272 -0.0104015 -0.0156257
6.25 -0.0263161 -0.00918417 -0.0171319
6.26 -0.0265122 -0.00798019 -0.018532
6.27 -0.0266141 -0.00679542 -0.0198187
6.28 -0.0266214 -0.00563603 -0.0209854
6.29 -0.026534 -0.00450775 -0.0220263
6.3 -0.026351 -0.00341479 -0.0229362
6.31 -0.0260746 -0.0023637 -0.0237109
6.32 -0.0257068 -0.00136005 -0.0243468
6.33 -0.0252498 -0.000408803 -0.024841
6.34 -0.0247065 0.000485186 -0.0251917
6.35 -0.0240802 0.00131749 -0.0253977
6.36 -0.0233746 0.00208409 -0.0254587
6.37 -0.022594 0.0027812 -0.0253752
6.38 -0.0217431 0.00340546 -0.0251486
6.39 -0.0208271 0.00395379 -0.0247809
6.4 -0.0198514 0.00442372 -0.0242751
6.41 -0.0188219 0.00481304 -0.0236349
6.42 -0.0177449 0.00511987 -0.0228648
6.43 -0.0166267 0.00534308 -0.0219698
6.44 -0.0154739 0.00548189 -0.0209558
6.45 -0.0142933 0.00553598 -0.0198293
6.46 -0.0130923 0.00550505 -0.0185974
6.47 -0.0118782 0.00538944 -0.0172676
6.48 -0.0106581 0.00519022 -0.0158483
6.49 -0.00943916 0.00490888 -0.014348
6.5 -0.00822859 0.00454724 -0.0127758
6.51 -0.00703347 0.00410767 -0.0111411
6.52 -0.00586077 0.0035929 -0.00945367
6.53 -0.00471729 0.00300612 -0.00772341
6.54 -0.00360963 0.0023509 -0.00596053
6.55 -0.00254416 0.00163118 -0.00417534
6.56 -0.00152695 0.000851261 -0.00237821
6.57 -0.000563752 1.57923e-05 -0.000579544
6.58 0.000340022 -0.00087029 0.00121031
6.59 0.00117868 -0.00180243 0.00298111
6.6 0.00194759 -0.00277517 0.00472276
6.61 0.00264317 -0.00378223 0.0064254
6.62 0.00326177 -0.00481767 0.00807944
6.63 0.00380021 -0.00587539 0.0096756
6.64 0.00425584 -0.00694916 0.011205
6.65 0.00462653 -0.00803264 0.0126592
6.66 0.00491068 -0.00911944 0.0140301
6.67 0.00510723 -0.0102032 0.0153104
6.68 0.00521569 -0.0112774 0.016493
6.69 0.00523611 -0.0123357 0.0175718
6.7 0.00516908 -0.0133718 0.0185409
6.71 0.00501576 -0.0143796 0.0193953
6.72 0.00477784 -0.0153529 0.0201307
6.73 0.00445751 -0.0162859 0.0207434
6.74 0.00405625 -0.0171742 0.0212305
6.75 0.00357854 -0.0180112 0.0215897
6.76 0.00302824 -0.0187914 0.0218196
6.77 0.00240951 -0.01951 0.0219195
6.78 0.00172694 -0.0201624 0.0218894
6.79 0.000985522 -0.0207444 0.02173
6.8 0.000190596 -0.0212522 0.0214428
6.81 -0.000652163 -0.0216822 0.0210301
6.82 -0.00153678 -0.0220315 0.0204947
6.83 -0.00245704 -0.0222974 0.0198403
6.84 -0.00340649 -0.0224777 0.0190712
6.85 -0.00437849 -0.0225706 0.0181921
6.86 -0.00536629 -0.0225749 0.0172086
6.87 -0.00636301 -0.0224898 0.0161268
6.88 -0.00736169 -0.0223148 0.0149531
6.89 -0.0083552 -0.02205 0.0136948
6.9 -0.00933658 -0.0216957 0.0123591
6.91 -0.010299 -0.0212532 0.0109542
6.92 -0.0112357 -0.0207238 0.00948808
6.93 -0.0121401 -0.0201095 0.00796944
6.94 -0.0130058 -0.0194128 0.00640702
6.95 -0.0138266 -0.0186364 0.00480982
6.96 -0.0145967 -0.0177837 0.00318697
6.97 -0.0153104 -0.0168581 0.00154769
6.98 -0.0159624 -0.0158637 -9.87469e-05
6.99 -0.0165478 -0.0148047 -0.0017431
7 -0.0170621 -0.0136859 -0.00337618
7.01 -0.0175012 -0.0125123 -0.00498894
7.02 -0.0178613 -0.0112888 -0.00657247
7.03 -0.0181382 -0.0100201 -0.0081181
7.04 -0.0183296 -0.00871217 -0.00961743
7.05 -0.0184337 -0.00737134 -0.0110624
7.06 -0.0184488 -0.00600363 -0.0124452
7.07 -0.0183738 -0.00461529 -0.0137585
7.08 -0.0182078 -0.00321231 -0.0149955
7.09 -0.0179507 -0.00180102 -0.0161497
7.1 -0.0176029 -0.000387731 -0.0172152
7.11 -0.0171651 0.00102148 -0.0181866
7.12 -0.0166388 0.0024203 -0.0190591
7.13 -0.0160258 0.0038027 -0.0198285
7.14 -0.0153284 0.00516276 -0.0204912
7.15 -0.0145494 0.00649469 -0.0210441
7.16 -0.0136922 0.00779273 -0.0214849
7.17 -0.0127604 0.00905156 -0.021812
7.18 -0.0117568 0.0102673 -0.0220241
7.19 -0.0106876 0.0114334 -0.022121
7.2 -0.00955733 0.0125455 -0.0221028
7.21 -0.0083714 0.013599 -0.0219704
7.22 -0.00713524 0.0145902 -0.0217254
7.23 -0.00585461 0.0155152 -0.0213698
7.24 -0.00453552 0.0163708 -0.0209064
7.25 -0.00318413 0.0171542 -0.0203384
7.26 -0.0018068 0.0178629 -0.0196697
7.27 -0.000409986 0.0184948 -0.0189048
7.28 0.000999763 0.0190482 -0.0180484
7.29 0.00241585 0.0195219 -0.017106
7.3 0.00383167 0.019915 -0.0160833
7.31 0.00524063 0.0202272 -0.0149865
7.32 0.0066361 0.0204583 -0.0138222
7.33 0.00801138 0.0206086 -0.0125972
7.34 0.00936037 0.020679 -0.0113186
7.35 0.010677 0.0206708 -0.00999378
7.36 0.0119553 0.0205856 -0.00863029
7.37 0.0131896 0.0204254 -0.00723583
7.38 0.0143746 0.0201928 -0.00581816
7.39 0.0155052 0.0198903 -0.00438513
7.4 0.0165765 0.0195211 -0.00294457
7.41 0.0175842 0.0190885 -0.00150428
7.42 0.0185241 0.0185961 -7.19697e-05
7.43 0.0193926 0.0180478 0.00134477
7.44 0.0201865 0.017448 0.00273853
7.45 0.0209027 0.0168006 0.0041021
7.46 0.021539 0.0161105 0.00542852
7.47 0.0220921 0.015381 0.00671115
7.48 0.0225613 0.0146177 0.00794362
7.49 0.0229458 0.0138258 0.00911997
7.5 0.0232451 0.0130105 0.0102346
7.51 0.0234589 0.0121766 0.0112823
7.52 0.0235875 0.0113291 0.0122584
7.53 0.0236317 0.0104732 0.0131585
7.54 0.0235926 0.00961368 0.0139789
7.55 0.0234717 0.00875536 0.0147163
7.56 0.0232711 0.00790312 0.015368
7.57 0.0229931 0.00706152 0.0159316
7.58 0.0226405 0.00623507 0.0164054
7.59 0.0222163 0.00542797 0.0167883
7.6 0.021724 0.00464437 0.0170796
7.61 0.0211672 0.00388797 0.0172792
7.62 0.0205491 0.00316158 0.0173875
7.63 0.0198751 0.00246966 0.0174054
7.64 0.0191496 0.00181518 0.0173344
7.65 0.0183774 0.00120101 0.0171764
7.66 0.0175634 0.000629635 0.0169338
7.67 0.0167126 0.000103206 0.0166094
7.68 0.0158301 -0.000376471 0.0162066
7.69 0.0149212 -0.000807797 0.015729
7.7 0.013991 -0.00118975 0.0151808
7.71 0.0130448 -0.00152146 0.0145663
7.72 0.0120879 -0.00180239 0.0138903
7.73 0.0111254 -0.00203247 0.0131579
7.74 0.0101626 -0.00221169 0.0123743
7.75 0.00920448 -0.0023406 0.0115451
7.76 0.00825598 -0.00241994 0.0106759
7.77 0.00732203 -0.00245063 0.00977266
7.78 0.00640708 -0.00243418 0.00884126
7.79 0.00551546 -0.00237227 0.00788773
7.8 0.0046513 -0.00226685 0.00691815
7.81 0.00381844 -0.00212012 0.00593856
7.82 0.00302047 -0.00193451 0.00495498
7.83 0.00226071 -0.00171265 0.00397336
7.84 0.00154216 -0.00145738 0.00299954
7.85 0.000867505 -0.00117169 0.00203919
7.86 0.00023912 -0.000858716 0.00109784
7.87 -0.000340959 -0.000521732 0.000180773
7.88 -0.000871032 -0.000164099 -0.000706933
7.89 -0.00134974 0.000210745 -0.00156049
7.9 -0.00177608 0.000599298 -0.00237538
7.91 -0.00214855 0.000998873 -0.00314742
7.92 -0.00246751 0.00140526 -0.00387277
7.93 -0.00273315 0.00181477 -0.00454792
7.94 -0.00294582 0.00222394 -0.00516976
7.95 -0.00310623 0.00262933 -0.00573556
7.96 -0.00321537 0.0030276 -0.00624297
7.97 -0.00327456 0.00341553 -0.00669009
7.98 -0.00328539 0.00379001 -0.0070754
7.99 -0.00324972 0.00414809 -0.00739781
8 -0.00316969 0.00448697 -0.00765666
