# Generated on Sun Sep  5 13:48:29 2021 by yr2369.
# This file was created by PDFgui.
#S 1
#L r  Gtrunc  Gdiff  Gcalc
1.79 -0.102721 -0.0116717 -0.0910493
1.8 -0.104411 -0.00667445 -0.0977366
1.81 -0.106443 -0.00192109 -0.104522
1.82 -0.108807 0.00257845 -0.111385
1.83 -0.111493 0.00681333 -0.118306
1.84 -0.114488 0.0107749 -0.125263
1.85 -0.117777 0.0144559 -0.132233
1.86 -0.121343 0.0178503 -0.139193
1.87 -0.125167 0.0209536 -0.146121
1.88 -0.129228 0.0237626 -0.152991
1.89 -0.133503 0.0262761 -0.159779
1.9 -0.137968 0.0284933 -0.166461
1.91 -0.142597 0.0304154 -0.173012
1.92 -0.147361 0.0320465 -0.179407
1.93 -0.15223 0.0333916 -0.185622
1.94 -0.157173 0.0344571 -0.19163
1.95 -0.16216 0.0352482 -0.197408
1.96 -0.167157 0.0357749 -0.202932
1.97 -0.172133 0.0360443 -0.208177
1.98 -0.177054 0.0360673 -0.213121
1.99 -0.181885 0.0358562 -0.217741
2 -0.186594 0.0354213 -0.222015
2.01 -0.191145 0.0347775 -0.225923
2.02 -0.195506 0.0339369 -0.229443
2.03 -0.199642 0.0329154 -0.232557
2.04 -0.203522 0.0317262 -0.235248
2.05 -0.207112 0.0303867 -0.237499
2.06 -0.210376 0.0289174 -0.239293
2.07 -0.213289 0.0273293 -0.240618
2.08 -0.215821 0.02564 -0.241461
2.09 -0.217946 0.0238642 -0.24181
2.1 -0.219638 0.0220186 -0.241657
2.11 -0.220873 0.0201191 -0.240992
2.12 -0.221628 0.0181826 -0.239811
2.13 -0.221883 0.0162245 -0.238108
2.14 -0.22162 0.0142599 -0.23588
2.15 -0.220823 0.0123038 -0.233127
2.16 -0.219478 0.0103707 -0.229849
2.17 -0.217573 0.00847508 -0.226048
2.18 -0.215101 0.00662815 -0.221729
2.19 -0.212054 0.00484382 -0.216898
2.2 -0.208422 0.00313977 -0.211562
2.21 -0.204206 0.00152441 -0.20573
2.22 -0.199411 3.81916e-06 -0.199415
2.23 -0.19404 -0.00141226 -0.192628
2.24 -0.188102 -0.00271849 -0.185384
2.25 -0.181605 -0.00390697 -0.177698
2.26 -0.174559 -0.00497031 -0.169589
2.27 -0.16698 -0.00590569 -0.161074
2.28 -0.158884 -0.00670895 -0.152175
2.29 -0.150289 -0.00737662 -0.142912
2.3 -0.141216 -0.00790707 -0.133309
2.31 -0.131689 -0.00830055 -0.123388
2.32 -0.121733 -0.00855728 -0.113176
2.33 -0.111374 -0.00867761 -0.102696
2.34 -0.100642 -0.00866502 -0.091977
2.35 -0.0895613 -0.00851665 -0.0810447
2.36 -0.0781702 -0.00824298 -0.0699272
2.37 -0.0665027 -0.00784974 -0.058653
2.38 -0.0545933 -0.00734276 -0.0472505
2.39 -0.0424774 -0.00672854 -0.0357489
2.4 -0.0301915 -0.00601449 -0.024177
2.41 -0.0177727 -0.00520862 -0.0125641
2.42 -0.0052585 -0.00431941 -0.000939093
2.43 0.00731333 -0.00335578 0.0106691
2.44 0.0199048 -0.00232722 0.022232
2.45 0.032478 -0.00124352 0.0337215
2.46 0.0449953 -0.00011472 0.04511
2.47 0.0574193 0.00104873 0.0563706
2.48 0.0697135 0.00223658 0.0674769
2.49 0.0818409 0.00343722 0.0784037
2.5 0.093764 0.00463764 0.0891264
2.51 0.105451 0.00582954 0.0996215
2.52 0.116869 0.00700241 0.109867
2.53 0.127988 0.00814749 0.119841
2.54 0.138777 0.00925378 0.129523
2.55 0.149208 0.010312 0.138896
2.56 0.159255 0.0113135 0.147942
2.57 0.168893 0.0122491 0.156644
2.58 0.178101 0.0131125 0.164989
2.59 0.186857 0.0138945 0.172962
2.6 0.195143 0.0145888 0.180554
2.61 0.202944 0.0151901 0.187754
2.62 0.210245 0.0156919 0.194553
2.63 0.217035 0.0160901 0.200945
2.64 0.223298 0.0163739 0.206924
2.65 0.22903 0.0165429 0.212487
2.66 0.234229 0.0165975 0.217632
2.67 0.238895 0.0165381 0.222357
2.68 0.243026 0.0163621 0.226664
2.69 0.246625 0.0160702 0.230555
2.7 0.249696 0.0156626 0.234033
2.71 0.252247 0.0151423 0.237105
2.72 0.254286 0.0145109 0.239775
2.73 0.255824 0.0137719 0.242052
2.74 0.256873 0.0129286 0.243944
2.75 0.257448 0.011986 0.245462
2.76 0.257565 0.0109492 0.246616
2.77 0.257242 0.00982444 0.247418
2.78 0.256498 0.00861794 0.24788
2.79 0.255346 0.0073292 0.248017
2.8 0.253816 0.00597403 0.247842
2.81 0.251931 0.00456063 0.24737
2.82 0.249714 0.00309669 0.246617
2.83 0.247189 0.00159047 0.245599
2.84 0.244383 5.29164e-05 0.24433
2.85 0.241319 -0.00150925 0.242828
2.86 0.238024 -0.00308547 0.241109
2.87 0.234524 -0.0046662 0.23919
2.88 0.230844 -0.00624288 0.237087
2.89 0.22701 -0.00780578 0.234816
2.9 0.223048 -0.009345 0.232393
2.91 0.218981 -0.0108533 0.229834
2.92 0.214835 -0.01232 0.227155
2.93 0.210633 -0.0137371 0.22437
2.94 0.206397 -0.015097 0.221494
2.95 0.202151 -0.0163895 0.21854
2.96 0.197914 -0.0176086 0.215523
2.97 0.193706 -0.0187469 0.212453
2.98 0.189546 -0.0197969 0.209343
2.99 0.185449 -0.0207544 0.206203
3 0.181431 -0.0216134 0.203044
3.01 0.177507 -0.022368 0.199875
3.02 0.173687 -0.0230163 0.196703
3.03 0.169983 -0.0235534 0.193536
3.04 0.166403 -0.0239777 0.190381
3.05 0.162956 -0.0242853 0.187241
3.06 0.159646 -0.0244766 0.184123
3.07 0.156477 -0.0245508 0.181028
3.08 0.153453 -0.0245063 0.177959
3.09 0.150574 -0.0243445 0.174918
3.1 0.147838 -0.0240678 0.171906
3.11 0.145243 -0.0236779 0.168921
3.12 0.142783 -0.0231794 0.165962
3.13 0.140453 -0.0225753 0.163028
3.14 0.138246 -0.0218696 0.160116
3.15 0.136153 -0.0210677 0.157221
3.16 0.134165 -0.0201743 0.154339
3.17 0.13227 -0.0191964 0.151466
3.18 0.130458 -0.0181385 0.148597
3.19 0.128714 -0.0170097 0.145724
3.2 0.127025 -0.0158163 0.142841
3.21 0.125377 -0.0145658 0.139943
3.22 0.123755 -0.0132658 0.137021
3.23 0.122142 -0.011926 0.134068
3.24 0.120523 -0.0105541 0.131077
3.25 0.11888 -0.00916029 0.12804
3.26 0.117199 -0.00775109 0.12495
3.27 0.115463 -0.00633597 0.121799
3.28 0.113655 -0.00492455 0.11858
3.29 0.111759 -0.00352566 0.115285
3.3 0.109761 -0.00214641 0.111907
3.31 0.107646 -0.000795279 0.108441
3.32 0.105398 0.00051786 0.10488
3.33 0.103005 0.00178665 0.101218
3.34 0.100453 0.0030022 0.0974508
3.35 0.0977315 0.00415853 0.093573
3.36 0.0948289 0.00524791 0.089581
3.37 0.0917341 0.00626243 0.0854717
3.38 0.0884381 0.00719556 0.0812425
3.39 0.0849356 0.00804367 0.0768919
3.4 0.0812209 0.00880196 0.0724189
3.41 0.0772895 0.00946599 0.0678235
3.42 0.0731384 0.010032 0.0631064
3.43 0.0687661 0.0104967 0.0582694
3.44 0.0641725 0.0108577 0.0533148
3.45 0.059359 0.0111128 0.0482462
3.46 0.0543284 0.0112606 0.0430678
3.47 0.0490853 0.0113005 0.0377848
3.48 0.0436355 0.0112323 0.0324032
3.49 0.0379864 0.0110566 0.0269298
3.5 0.0321466 0.0107742 0.0213724
3.51 0.0261265 0.0103871 0.0157394
3.52 0.0199351 0.00989514 0.01004
3.53 0.0135874 0.00930329 0.00428411
3.54 0.00709813 0.00861571 -0.00151758
3.55 0.000482399 0.00783626 -0.00735386
3.56 -0.00624358 0.00696937 -0.013213
3.57 -0.0130626 0.00601992 -0.0190825
3.58 -0.0199568 0.00499301 -0.0249498
3.59 -0.0269071 0.00389453 -0.0308016
3.6 -0.0338943 0.00273022 -0.0366245
3.61 -0.0408983 0.0015064 -0.0424047
3.62 -0.0478986 0.000229653 -0.0481283
3.63 -0.0548744 -0.00109329 -0.0537811
3.64 -0.0618049 -0.00245571 -0.0593492
3.65 -0.0686688 -0.0038504 -0.0648184
3.66 -0.0754447 -0.00526991 -0.0701748
3.67 -0.08211 -0.00670543 -0.0754046
3.68 -0.0886454 -0.00815121 -0.0804942
3.69 -0.0950305 -0.00960007 -0.0854304
3.7 -0.101246 -0.0110455 -0.0902005
3.71 -0.107272 -0.0124801 -0.0947919
3.72 -0.11309 -0.013897 -0.099193
3.73 -0.118683 -0.0152906 -0.103392
3.74 -0.124034 -0.0166545 -0.10738
3.75 -0.129127 -0.0179825 -0.111144
3.76 -0.133948 -0.0192699 -0.114678
3.77 -0.138483 -0.0205108 -0.117972
3.78 -0.14272 -0.0217009 -0.121019
3.79 -0.146648 -0.0228356 -0.123812
3.8 -0.150257 -0.0239107 -0.126346
3.81 -0.153535 -0.0249187 -0.128616
3.82 -0.156477 -0.0258585 -0.130619
3.83 -0.15908 -0.0267296 -0.13235
3.84 -0.16134 -0.0275299 -0.13381
3.85 -0.163255 -0.0282579 -0.134997
3.86 -0.164824 -0.0289122 -0.135912
3.87 -0.166049 -0.0294935 -0.136555
3.88 -0.166931 -0.0300004 -0.136931
3.89 -0.167474 -0.0304333 -0.137041
3.9 -0.167685 -0.0307949 -0.13689
3.91 -0.167568 -0.0310837 -0.136484
3.92 -0.167133 -0.0313036 -0.135829
3.93 -0.166389 -0.0314562 -0.134933
3.94 -0.165346 -0.0315435 -0.133803
3.95 -0.164017 -0.0315696 -0.132447
3.96 -0.162409 -0.0315319 -0.130877
3.97 -0.160542 -0.0314399 -0.129102
3.98 -0.15843 -0.0312967 -0.127133
3.99 -0.15609 -0.0311077 -0.124982
4 -0.153537 -0.0308757 -0.122661
4.01 -0.150789 -0.030606 -0.120183
4.02 -0.147865 -0.0303047 -0.11756
4.03 -0.144781 -0.0299744 -0.114807
4.04 -0.141556 -0.0296204 -0.111936
4.05 -0.13821 -0.0292491 -0.108961
4.06 -0.13476 -0.0288633 -0.105897
4.07 -0.131226 -0.0284692 -0.102757
4.08 -0.127626 -0.0280709 -0.0995551
4.09 -0.123979 -0.0276734 -0.0963056
4.1 -0.120303 -0.0272811 -0.0930219
4.11 -0.116616 -0.0268986 -0.0897174
4.12 -0.112935 -0.0265298 -0.0864052
4.13 -0.109278 -0.0261798 -0.0830982
4.14 -0.10566 -0.0258514 -0.0798086
4.15 -0.102096 -0.0255477 -0.0765483
4.16 -0.0986002 -0.0252717 -0.0733285
4.17 -0.0951862 -0.0250264 -0.0701598
4.18 -0.0918662 -0.0248138 -0.0670524
4.19 -0.0886514 -0.0246359 -0.0640155
4.2 -0.0855518 -0.0244942 -0.0610576
4.21 -0.0825764 -0.0243897 -0.0581867
4.22 -0.0797328 -0.0243231 -0.0554097
4.23 -0.0770277 -0.024295 -0.0527327
4.24 -0.0744661 -0.0243051 -0.050161
4.25 -0.0720539 -0.0243547 -0.0476992
4.26 -0.0697929 -0.0244421 -0.0453508
4.27 -0.0676836 -0.0245652 -0.0431184
4.28 -0.0657259 -0.024722 -0.0410039
4.29 -0.0639189 -0.0249107 -0.0390082
4.3 -0.06226 -0.0251286 -0.0371314
4.31 -0.0607458 -0.0253731 -0.0353727
4.32 -0.0593715 -0.025641 -0.0337305
4.33 -0.0581313 -0.0259289 -0.0322024
4.34 -0.0570185 -0.0262333 -0.0307852
4.35 -0.0560251 -0.0265501 -0.029475
4.36 -0.0551427 -0.0268756 -0.0282671
4.37 -0.0543615 -0.0272051 -0.0271564
4.38 -0.0536713 -0.0275344 -0.0261369
4.39 -0.0530612 -0.0278588 -0.0252024
4.4 -0.0525206 -0.0281749 -0.0243457
4.41 -0.0520359 -0.0284763 -0.0235596
4.42 -0.0515948 -0.0287584 -0.0228364
4.43 -0.0511843 -0.0290163 -0.022168
4.44 -0.0507915 -0.0292455 -0.021546
4.45 -0.0504033 -0.0294414 -0.0209619
4.46 -0.0500065 -0.0295993 -0.0204072
4.47 -0.0495882 -0.0297152 -0.019873
4.48 -0.0491354 -0.0297847 -0.0193507
4.49 -0.0486355 -0.0298038 -0.0188317
4.5 -0.0480763 -0.029769 -0.0183073
4.51 -0.047446 -0.0296768 -0.0177692
4.52 -0.0467334 -0.0295239 -0.0172095
4.53 -0.0459277 -0.0293075 -0.0166202
4.54 -0.0450182 -0.0290242 -0.015994
4.55 -0.0439951 -0.0286711 -0.015324
4.56 -0.0428512 -0.0282476 -0.0146036
4.57 -0.041579 -0.0277522 -0.0138268
4.58 -0.0401723 -0.0271841 -0.0129882
4.59 -0.0386255 -0.0265425 -0.012083
4.6 -0.0369342 -0.0258271 -0.0111071
4.61 -0.0350952 -0.0250383 -0.0100569
4.62 -0.0331061 -0.0241764 -0.00892968
4.63 -0.030966 -0.0232426 -0.00772335
4.64 -0.028675 -0.0222384 -0.00643661
4.65 -0.0262341 -0.0211652 -0.00506888
4.66 -0.0236459 -0.0200255 -0.00362039
4.67 -0.0209139 -0.0188218 -0.00209211
4.68 -0.0180426 -0.0175568 -0.000485767
4.69 -0.015036 -0.0162321 0.00119612
4.7 -0.0119025 -0.0148528 0.00295032
4.71 -0.00865039 -0.0134232 0.00477284
4.72 -0.00528869 -0.0119477 0.006659
4.73 -0.00182715 -0.0104306 0.00860343
4.74 0.00172356 -0.00887656 0.0106001
4.75 0.00535194 -0.00729049 0.0126424
4.76 0.00904578 -0.00567737 0.0147232
4.77 0.0127922 -0.00404236 0.0168346
4.78 0.0165776 -0.00239082 0.0189684
4.79 0.0203882 -0.00072789 0.0211161
4.8 0.0242094 0.000940874 0.0232685
4.81 0.0280266 0.00261023 0.0254164
4.82 0.0318246 0.00427459 0.02755
4.83 0.0355883 0.00592869 0.0296596
4.84 0.0393014 0.00756619 0.0317352
4.85 0.0429493 0.00918254 0.0337668
4.86 0.0465169 0.0107727 0.0357442
4.87 0.0499894 0.0123319 0.0376575
4.88 0.0533523 0.0138555 0.0394968
4.89 0.0565915 0.0153391 0.0412524
4.9 0.0596933 0.0167785 0.0429148
4.91 0.0626448 0.01817 0.0444748
4.92 0.0654335 0.0195098 0.0459237
4.93 0.0680478 0.0207947 0.0472531
4.94 0.0704768 0.0220218 0.048455
4.95 0.0727106 0.0231884 0.0495222
4.96 0.0747402 0.0242923 0.0504479
4.97 0.0765574 0.0253314 0.051226
4.98 0.0781533 0.0263024 0.0518509
4.99 0.0795217 0.0272036 0.0523181
5 0.0806601 0.0280366 0.0526235
5.01 0.0815647 0.0288007 0.052764
5.02 0.0822333 0.0294961 0.0527372
5.03 0.0826646 0.030123 0.0525416
5.04 0.0828588 0.0306822 0.0521766
5.05 0.082817 0.0311747 0.0516423
5.06 0.0825417 0.0316018 0.0509399
5.07 0.0820365 0.0319652 0.0500713
5.08 0.0813063 0.0322669 0.0490394
5.09 0.080357 0.0325091 0.0478479
5.1 0.0791957 0.0326943 0.0465014
5.11 0.0778306 0.0328253 0.0450053
5.12 0.0762708 0.032905 0.0433658
5.13 0.0745237 0.0329336 0.0415901
5.14 0.0726032 0.0329174 0.0396858
5.15 0.0705217 0.0328602 0.0376615
5.16 0.0682919 0.0327656 0.0355263
5.17 0.0659272 0.0326371 0.0332901
5.18 0.0634418 0.0324786 0.0309632
5.19 0.0608503 0.0322938 0.0285565
5.2 0.0581677 0.0320862 0.0260815
5.21 0.0554095 0.0318595 0.02355
5.22 0.0525914 0.0316174 0.020974
5.23 0.0497294 0.0313633 0.0183661
5.24 0.0468394 0.0311006 0.0157388
5.25 0.0439374 0.0308324 0.013105
5.26 0.0410395 0.0305619 0.0104776
5.27 0.0381616 0.0302921 0.00786947
5.28 0.0353197 0.0300263 0.00529342
5.29 0.0325288 0.0297666 0.00276219
5.3 0.0298035 0.0295152 0.000288277
5.31 0.0271579 0.029274 -0.00211606
5.32 0.0246056 0.0290445 -0.00443891
5.33 0.0221593 0.0288281 -0.00666876
5.34 0.0198311 0.0286257 -0.00879456
5.35 0.0176321 0.0284379 -0.0108058
5.36 0.0155729 0.0282654 -0.0126925
5.37 0.0136626 0.0281079 -0.0144453
5.38 0.0119096 0.0279653 -0.0160557
5.39 0.0103214 0.0278372 -0.0175158
5.4 0.0089041 0.0277226 -0.0188185
5.41 0.00766284 0.0276203 -0.0199575
5.42 0.00660361 0.027531 -0.0209274
5.43 0.00572862 0.0274522 -0.0217236
5.44 0.0050381 0.0273807 -0.0223426
5.45 0.00453246 0.0273141 -0.0227816
5.46 0.0042109 0.02725 -0.0230391
5.47 0.00407149 0.0271855 -0.0231141
5.48 0.00411113 0.027118 -0.0230068
5.49 0.00432561 0.0270442 -0.0227186
5.5 0.00470961 0.026961 -0.0222514
5.51 0.00525676 0.0268651 -0.0216084
5.52 0.00595969 0.0267532 -0.0207935
5.53 0.00681006 0.0266218 -0.0198117
5.54 0.0077986 0.0264675 -0.0186689
5.55 0.00891521 0.0262868 -0.0173716
5.56 0.010149 0.0260763 -0.0159273
5.57 0.01149 0.0258343 -0.0143443
5.58 0.012924 0.0255557 -0.0126317
5.59 0.0144379 0.0252368 -0.0107989
5.6 0.0160185 0.0248749 -0.00885644
5.61 0.0176522 0.0244673 -0.0068151
5.62 0.0193247 0.024011 -0.00468628
5.63 0.021022 0.0235038 -0.00248182
5.64 0.0227296 0.0229436 -0.000213961
5.65 0.0244332 0.0223285 0.00210475
5.66 0.0261182 0.0216567 0.0044615
5.67 0.0277706 0.0209273 0.00684332
5.68 0.0293762 0.0201391 0.00923709
5.69 0.0309213 0.0192916 0.0116297
5.7 0.0323927 0.0183847 0.014008
5.71 0.0337767 0.0174177 0.016359
5.72 0.0350601 0.0163903 0.0186698
5.73 0.0362325 0.0153046 0.0209279
5.74 0.0372827 0.0141617 0.023121
5.75 0.0382006 0.0129634 0.0252372
5.76 0.0389767 0.0117117 0.027265
5.77 0.0396026 0.0104092 0.0291934
5.78 0.0400708 0.0090587 0.0310121
5.79 0.0403745 0.0076633 0.0327112
5.8 0.0405081 0.00622649 0.0342816
5.81 0.0404672 0.00475226 0.0357149
5.82 0.0402483 0.00324478 0.0370035
5.83 0.0398489 0.00170839 0.0381405
5.84 0.0392678 0.000147911 0.0391199
5.85 0.0385048 -0.0014317 0.0399365
5.86 0.0375585 -0.00302759 0.0405861
5.87 0.0364325 -0.00463279 0.0410653
5.88 0.0351308 -0.00624089 0.0413717
5.89 0.0336578 -0.00784598 0.0415038
5.9 0.0320188 -0.00944223 0.041461
5.91 0.0302201 -0.0110237 0.0412438
5.92 0.0282689 -0.0125846 0.0408535
5.93 0.0261736 -0.0141187 0.0402923
5.94 0.0239431 -0.0156202 0.0395633
5.95 0.0215875 -0.0170832 0.0386707
5.96 0.0191174 -0.0185019 0.0376193
5.97 0.0165441 -0.0198709 0.036415
5.98 0.0138797 -0.0211844 0.0350641
5.99 0.0111368 -0.0224373 0.0335741
6 0.00832831 -0.0236246 0.0319529
6.01 0.0054672 -0.0247421 0.0302093
6.02 0.00256839 -0.0257841 0.0283525
6.03 -0.000354084 -0.0267465 0.0263924
6.04 -0.00328601 -0.0276254 0.0243394
6.05 -0.00621312 -0.0284174 0.0222043
6.06 -0.00912113 -0.0291194 0.0199982
6.07 -0.0119959 -0.0297288 0.0177329
6.08 -0.0148234 -0.0302433 0.0154199
6.09 -0.0175898 -0.0306612 0.0130714
6.1 -0.0202819 -0.0309813 0.0106994
6.11 -0.0228865 -0.0312026 0.00831606
6.12 -0.0253912 -0.0313247 0.00593355
6.13 -0.027784 -0.0313479 0.00356394
6.14 -0.0300536 -0.0312728 0.00121916
6.15 -0.0321881 -0.031099 -0.00108908
6.16 -0.0341772 -0.0308279 -0.00334932
6.17 -0.0360132 -0.0304628 -0.00555045
6.18 -0.0376878 -0.030006 -0.00768176
6.19 -0.0391938 -0.0294608 -0.00973298
6.2 -0.040525 -0.0288306 -0.0116944
6.21 -0.0416758 -0.0281191 -0.0135567
6.22 -0.042642 -0.0273306 -0.0153114
6.23 -0.0434203 -0.0264698 -0.0169505
6.24 -0.0440083 -0.0255415 -0.0184668
6.25 -0.0444048 -0.0245511 -0.0198537
6.26 -0.0446096 -0.0235041 -0.0211055
6.27 -0.0446237 -0.0224065 -0.0222172
6.28 -0.0444487 -0.0212641 -0.0231846
6.29 -0.0440878 -0.0200834 -0.0240044
6.3 -0.0435422 -0.0188681 -0.0246741
6.31 -0.042819 -0.0176269 -0.0251921
6.32 -0.0419248 -0.0163673 -0.0255575
6.33 -0.0408664 -0.0150961 -0.0257703
6.34 -0.0396514 -0.0138198 -0.0258316
6.35 -0.0382884 -0.0125453 -0.0257431
6.36 -0.0367865 -0.0112793 -0.0255072
6.37 -0.0351557 -0.0100282 -0.0251275
6.38 -0.0334067 -0.00879876 -0.0246079
6.39 -0.0315506 -0.00759707 -0.0239535
6.4 -0.029599 -0.00642914 -0.0231699
6.41 -0.027564 -0.00530079 -0.0222632
6.42 -0.0254583 -0.00421779 -0.0212405
6.43 -0.0232945 -0.00318521 -0.0201093
6.44 -0.0210856 -0.00220798 -0.0188776
6.45 -0.0188446 -0.00129051 -0.0175541
6.46 -0.0165854 -0.000437695 -0.0161477
6.47 -0.0143213 0.000346592 -0.0146679
6.48 -0.0120654 0.001059 -0.0131244
6.49 -0.00983054 0.00169673 -0.0115273
6.5 -0.00762952 0.00225722 -0.00988674
6.51 -0.00547473 0.00273851 -0.00821324
6.52 -0.00337819 0.00313908 -0.00651727
6.53 -0.00135148 0.0034579 -0.00480938
6.54 0.00059434 0.00369445 -0.00310011
6.55 0.00244876 0.00384866 -0.0013999
6.56 0.00420192 0.00392097 0.000280953
6.57 0.00584462 0.00391229 0.00193233
6.58 0.0073684 0.00382401 0.00354439
6.59 0.00876424 0.00365664 0.0051076
6.6 0.0100253 0.00341253 0.00661277
6.61 0.0111466 0.00309544 0.00805116
6.62 0.0121231 0.00270865 0.00941445
6.63 0.0129506 0.00225574 0.0106949
6.64 0.0136258 0.00174065 0.0118852
6.65 0.0141463 0.00116765 0.0129787
6.66 0.0145106 0.000541268 0.0139693
6.67 0.0147184 -0.0001334 0.0148518
6.68 0.0147699 -0.000851446 0.0156213
6.69 0.0146667 -0.00160726 0.016274
6.7 0.0144109 -0.00239545 0.0168063
6.71 0.0140057 -0.00321025 0.017216
6.72 0.0134552 -0.00404576 0.017501
6.73 0.0127641 -0.0048962 0.0176603
6.74 0.0119359 -0.00575774 0.0176936
6.75 0.0109793 -0.00662213 0.0176014
6.76 0.00990164 -0.00748317 0.0173848
6.77 0.00871068 -0.00833501 0.0170457
6.78 0.00741486 -0.00917181 0.0165867
6.79 0.00602315 -0.00998789 0.016011
6.8 0.00454503 -0.0107777 0.0153228
6.81 0.00299041 -0.011536 0.0145264
6.82 0.00136956 -0.0122577 0.0136273
6.83 -0.000306916 -0.012938 0.0126311
6.84 -0.00202817 -0.0135723 0.0115441
6.85 -0.00378318 -0.0141565 0.0103733
6.86 -0.0055608 -0.0146866 0.00912581
6.87 -0.00734984 -0.0151592 0.0078094
6.88 -0.00913908 -0.0155712 0.00643209
6.89 -0.0109171 -0.0159194 0.00500225
6.9 -0.0126729 -0.0162014 0.00352851
6.91 -0.0143958 -0.0164155 0.00201969
6.92 -0.0160754 -0.0165602 0.000484793
6.93 -0.0177016 -0.0166345 -0.00106708
6.94 -0.0192646 -0.0166378 -0.00262679
6.95 -0.0207553 -0.0165701 -0.00418517
6.96 -0.0221649 -0.0164318 -0.00573314
6.97 -0.0234851 -0.0162234 -0.0072617
6.98 -0.0247083 -0.0159463 -0.00876202
6.99 -0.0258276 -0.0156021 -0.0102255
7 -0.0268365 -0.0151928 -0.0116437
7.01 -0.0277296 -0.014721 -0.0130086
7.02 -0.0285018 -0.0141892 -0.0143126
7.03 -0.0291475 -0.0135994 -0.0155481
7.04 -0.0296638 -0.0129553 -0.0167085
7.05 -0.030049 -0.0122618 -0.0177872
7.06 -0.0303013 -0.0115231 -0.0187782
7.07 -0.0304197 -0.0107434 -0.0196763
7.08 -0.030404 -0.00992746 -0.0204765
7.09 -0.0302546 -0.00907992 -0.0211747
7.1 -0.0299729 -0.00820583 -0.0217671
7.11 -0.029561 -0.00731032 -0.0222507
7.12 -0.0290216 -0.00639851 -0.0226231
7.13 -0.0283584 -0.00547584 -0.0228826
7.14 -0.0275754 -0.00454742 -0.023028
7.15 -0.0266774 -0.00361852 -0.0230589
7.16 -0.02567 -0.00269454 -0.0229755
7.17 -0.0245592 -0.00178066 -0.0227785
7.18 -0.0233498 -0.000880207 -0.0224696
7.19 -0.0220508 -1.00158e-07 -0.0220507
7.2 -0.0206697 0.000854848 -0.0215245
7.21 -0.0192144 0.00168001 -0.0208944
7.22 -0.0176932 0.00247091 -0.0201641
7.23 -0.0161144 0.00322363 -0.019338
7.24 -0.0144869 0.00393412 -0.018421
7.25 -0.0128194 0.00459904 -0.0174184
7.26 -0.0111212 0.00521486 -0.0163361
7.27 -0.00940112 0.00577895 -0.0151801
7.28 -0.00766836 0.00628867 -0.013957
7.29 -0.00593193 0.00674187 -0.0126738
7.3 -0.00420076 0.00713677 -0.0113375
7.31 -0.00248363 0.00747198 -0.00995561
7.32 -0.000789319 0.00774632 -0.00853564
7.33 0.000873499 0.00795884 -0.00708534
7.34 0.00249709 0.00810965 -0.00561256
7.35 0.00407382 0.00819899 -0.00412517
7.36 0.00559643 0.00822753 -0.0026311
7.37 0.00705811 0.00819631 -0.0011382
7.38 0.00845249 0.00810677 0.000345719
7.39 0.00977374 0.00796074 0.001813
7.4 0.0110165 0.00776038 0.00325612
7.41 0.0121761 0.0075083 0.0046678
7.42 0.0132482 0.00720722 0.00604098
7.43 0.0142293 0.00686041 0.00736889
7.44 0.0151164 0.00647131 0.00864509
7.45 0.0159071 0.00604362 0.00986348
7.46 0.0165997 0.00558133 0.0110184
7.47 0.0171917 0.00508725 0.0121044
7.48 0.0176835 0.00456662 0.0131169
7.49 0.0180757 0.00402442 0.0140513
7.5 0.0183691 0.00346535 0.0149037
7.51 0.018565 0.00289412 0.0156709
7.52 0.0186655 0.00231569 0.0163498
7.53 0.0186729 0.00173472 0.0169382
7.54 0.0185904 0.00115624 0.0174342
7.55 0.0184215 0.000584998 0.0178365
7.56 0.0181701 2.56464e-05 0.0181445
7.57 0.0178408 -0.000517026 0.0183578
7.58 0.0174384 -0.00103856 0.018477
7.59 0.0169682 -0.00153453 0.0185027
7.6 0.0164357 -0.00200081 0.0184365
7.61 0.0158467 -0.00243349 0.0182802
7.62 0.0152068 -0.00282935 0.0180361
7.63 0.0145232 -0.00318402 0.0177072
7.64 0.0138023 -0.00349437 0.0172967
7.65 0.0130509 -0.00375732 0.0168082
7.66 0.0122755 -0.00397045 0.0162459
7.67 0.0114829 -0.00413141 0.0156143
7.68 0.0106798 -0.00423829 0.0149181
7.69 0.00987274 -0.00428964 0.0141624
7.7 0.00906826 -0.00428426 0.0133525
7.71 0.00827273 -0.00422138 0.0124941
7.72 0.00749231 -0.00410062 0.0115929
7.73 0.00673296 -0.00392194 0.0106549
7.74 0.00600036 -0.00368573 0.00968609
7.75 0.0052999 -0.00339275 0.00869265
7.76 0.00463698 -0.00304377 0.00768075
7.77 0.00401647 -0.00264014 0.00665661
7.78 0.00344228 -0.0021841 0.00562638
7.79 0.00291828 -0.00167789 0.00459617
7.8 0.00244791 -0.00112408 0.00357199
7.81 0.00203414 -0.000525545 0.00255968
7.82 0.0016795 0.000114534 0.00156497
7.83 0.00138602 0.000792698 0.000593322
7.84 0.00115525 0.00150523 -0.000349983
7.85 0.000988247 0.0022482 -0.00125995
7.86 0.000885586 0.00301745 -0.00213186
7.87 0.00084734 0.00380866 -0.00296132
7.88 0.000873103 0.00461737 -0.00374427
7.89 0.000961988 0.00543897 -0.00447698
7.9 0.00111264 0.00626877 -0.00515613
7.91 0.00132416 0.00710292 -0.00577876
7.92 0.00159348 0.00793582 -0.00634234
7.93 0.00191774 0.00876246 -0.00684472
7.94 0.00229389 0.00957807 -0.00728418
7.95 0.0027185 0.0103779 -0.00765944
7.96 0.00318779 0.0111574 -0.00796962
7.97 0.00369768 0.011912 -0.00821428
7.98 0.00424382 0.0126372 -0.00839341
7.99 0.00482161 0.013329 -0.00850739
8 0.00542623 0.0139833 -0.00855703
