# Generated on Sun Sep  5 13:48:39 2021 by yr2369.
# This file was created by PDFgui.
#S 1
#L r  Gtrunc  Gdiff  Gcalc
1.79 -0.120598 -0.0344329 -0.0861651
1.8 -0.122545 -0.0305755 -0.0919695
1.81 -0.124694 -0.0268345 -0.0978595
1.82 -0.127035 -0.0232154 -0.10382
1.83 -0.129557 -0.0197233 -0.109834
1.84 -0.13225 -0.0163652 -0.115885
1.85 -0.135101 -0.0131455 -0.121956
1.86 -0.138096 -0.0100682 -0.128028
1.87 -0.141219 -0.00713599 -0.134083
1.88 -0.144454 -0.00435183 -0.140102
1.89 -0.147785 -0.0017191 -0.146066
1.9 -0.151193 0.000761496 -0.151954
1.91 -0.154659 0.00308905 -0.157748
1.92 -0.158163 0.00526347 -0.163426
1.93 -0.161683 0.00728661 -0.16897
1.94 -0.1652 0.0091573 -0.174357
1.95 -0.16869 0.0108795 -0.179569
1.96 -0.172133 0.0124532 -0.184586
1.97 -0.175506 0.0138817 -0.189388
1.98 -0.178786 0.0151687 -0.193955
1.99 -0.181951 0.0163173 -0.198268
2 -0.184979 0.0173309 -0.20231
2.01 -0.187847 0.0182145 -0.206062
2.02 -0.190534 0.0189719 -0.209506
2.03 -0.193017 0.0196096 -0.212627
2.04 -0.195275 0.0201326 -0.215408
2.05 -0.197287 0.020547 -0.217834
2.06 -0.19903 0.0208619 -0.219892
2.07 -0.200488 0.0210801 -0.221568
2.08 -0.201642 0.0212086 -0.222851
2.09 -0.202477 0.0212515 -0.223729
2.1 -0.202974 0.0212182 -0.224192
2.11 -0.203121 0.021112 -0.224233
2.12 -0.202902 0.0209416 -0.223844
2.13 -0.202305 0.0207131 -0.223018
2.14 -0.201319 0.0204327 -0.221752
2.15 -0.199935 0.0201061 -0.220041
2.16 -0.198144 0.0197403 -0.217884
2.17 -0.19594 0.0193407 -0.215281
2.18 -0.193318 0.0189131 -0.212231
2.19 -0.190273 0.0184647 -0.208738
2.2 -0.186801 0.018003 -0.204804
2.21 -0.1829 0.0175352 -0.200435
2.22 -0.178578 0.0170596 -0.195638
2.23 -0.173835 0.0165839 -0.190419
2.24 -0.168678 0.0161102 -0.184788
2.25 -0.163113 0.0156429 -0.178756
2.26 -0.157148 0.0151857 -0.172334
2.27 -0.150792 0.0147425 -0.165534
2.28 -0.144056 0.0143163 -0.158372
2.29 -0.136953 0.0139094 -0.150862
2.3 -0.129498 0.0135231 -0.143021
2.31 -0.121704 0.0131617 -0.134866
2.32 -0.11359 0.0128245 -0.126415
2.33 -0.105172 0.0125148 -0.117687
2.34 -0.0964708 0.0122316 -0.108702
2.35 -0.0875015 0.0119807 -0.0994822
2.36 -0.0782898 0.0117576 -0.0900474
2.37 -0.0688583 0.0115619 -0.0804202
2.38 -0.0592299 0.011393 -0.0706229
2.39 -0.0494282 0.0112502 -0.0606784
2.4 -0.0394772 0.0111328 -0.05061
2.41 -0.0294017 0.0110393 -0.040441
2.42 -0.0192267 0.0109684 -0.0301951
2.43 -0.00897755 0.0109183 -0.0198958
2.44 0.00132036 0.0108873 -0.0095669
2.45 0.0116415 0.0108733 0.000768212
2.46 0.0219602 0.010874 0.0110862
2.47 0.0322514 0.0108872 0.0213642
2.48 0.0424899 0.0109105 0.0315794
2.49 0.0526505 0.0109408 0.0417097
2.5 0.0627074 0.010974 0.0517334
2.51 0.0726382 0.0110085 0.0616297
2.52 0.0824197 0.0110417 0.071378
2.53 0.0920299 0.0110711 0.0809588
2.54 0.101447 0.0110937 0.0903533
2.55 0.110651 0.0111073 0.0995437
2.56 0.119623 0.01111 0.108513
2.57 0.128343 0.0110979 0.117245
2.58 0.136795 0.0110699 0.125725
2.59 0.144962 0.0110228 0.133939
2.6 0.152831 0.0109565 0.141875
2.61 0.160386 0.0108665 0.149519
2.62 0.167616 0.0107524 0.156864
2.63 0.17451 0.0106125 0.163897
2.64 0.181055 0.0104418 0.170613
2.65 0.187244 0.0102403 0.177004
2.66 0.193072 0.0100086 0.183063
2.67 0.198534 0.00974635 0.188788
2.68 0.203628 0.00945472 0.194173
2.69 0.208349 0.00913091 0.199218
2.7 0.212697 0.00877589 0.203921
2.71 0.216673 0.00839053 0.208282
2.72 0.220278 0.00797457 0.212303
2.73 0.223515 0.00752872 0.215986
2.74 0.226389 0.00705466 0.219334
2.75 0.228904 0.00655208 0.222352
2.76 0.231066 0.00602176 0.225044
2.77 0.232885 0.00546759 0.227417
2.78 0.234367 0.00488867 0.229478
2.79 0.235518 0.0042833 0.231235
2.8 0.236353 0.0036581 0.232695
2.81 0.236883 0.00301508 0.233868
2.82 0.237121 0.00235764 0.234763
2.83 0.237078 0.00168671 0.235391
2.84 0.236769 0.00100678 0.235762
2.85 0.236206 0.00031899 0.235887
2.86 0.235404 -0.000372826 0.235777
2.87 0.234376 -0.00106704 0.235443
2.88 0.233137 -0.00176018 0.234897
2.89 0.231702 -0.00244883 0.234151
2.9 0.230084 -0.00313162 0.233216
2.91 0.228299 -0.0038041 0.232103
2.92 0.22636 -0.0044647 0.230825
2.93 0.224281 -0.00511067 0.229392
2.94 0.222075 -0.00574 0.227815
2.95 0.219757 -0.00634839 0.226105
2.96 0.217341 -0.00693217 0.224273
2.97 0.214838 -0.00749029 0.222328
2.98 0.212262 -0.0080182 0.22028
2.99 0.209621 -0.00851689 0.218138
3 0.206929 -0.00898077 0.21591
3.01 0.204193 -0.00941072 0.213604
3.02 0.201424 -0.00980298 0.211227
3.03 0.19863 -0.0101562 0.208786
3.04 0.195818 -0.0104693 0.206287
3.05 0.192995 -0.0107406 0.203736
3.06 0.190166 -0.0109698 0.201136
3.07 0.187336 -0.0111557 0.198492
3.08 0.184511 -0.0112957 0.195807
3.09 0.181692 -0.0113913 0.193083
3.1 0.178881 -0.0114425 0.190323
3.11 0.176081 -0.0114473 0.187528
3.12 0.173292 -0.0114065 0.184699
3.13 0.170513 -0.0113211 0.181834
3.14 0.167743 -0.0111913 0.178934
3.15 0.16498 -0.0110181 0.175998
3.16 0.162222 -0.0108016 0.173024
3.17 0.159466 -0.0105428 0.170009
3.18 0.156707 -0.0102439 0.166951
3.19 0.15394 -0.00990682 0.163847
3.2 0.151162 -0.00953123 0.160693
3.21 0.148366 -0.00912036 0.157486
3.22 0.145546 -0.00867623 0.154222
3.23 0.142696 -0.00820064 0.150897
3.24 0.139808 -0.00769726 0.147505
3.25 0.136878 -0.00716565 0.144044
3.26 0.133896 -0.00661133 0.140507
3.27 0.130858 -0.00603388 0.136892
3.28 0.127754 -0.00543891 0.133193
3.29 0.12458 -0.0048262 0.129406
3.3 0.121326 -0.0042017 0.125528
3.31 0.117988 -0.00356562 0.121554
3.32 0.114559 -0.00292146 0.11748
3.33 0.111032 -0.00227308 0.113305
3.34 0.107401 -0.00162372 0.109025
3.35 0.103663 -0.000974083 0.104637
3.36 0.0998108 -0.000329568 0.10014
3.37 0.0958405 0.00030721 0.0955333
3.38 0.091748 0.00093286 0.0908151
3.39 0.0875314 0.00154559 0.0859858
3.4 0.0831885 0.00214268 0.0810458
3.41 0.0787178 0.00272143 0.0759964
3.42 0.0741185 0.0032792 0.0708393
3.43 0.0693906 0.00381341 0.0655772
3.44 0.0645348 0.00432151 0.0602133
3.45 0.0595529 0.00480129 0.0547516
3.46 0.0544472 0.00525034 0.0491969
3.47 0.049221 0.00566655 0.0435545
3.48 0.0438783 0.00604775 0.0378306
3.49 0.0384242 0.00639219 0.032032
3.5 0.0328642 0.00669785 0.0261663
3.51 0.027205 0.00696321 0.0202418
3.52 0.0214526 0.00718541 0.0142672
3.53 0.0156162 0.0073642 0.008252
3.54 0.00970516 0.00749887 0.00220629
3.55 0.00372884 0.00758821 -0.00385937
3.56 -0.0023026 0.00763127 -0.00993387
3.57 -0.00837841 0.00762724 -0.0160057
3.58 -0.0144873 0.00757546 -0.0220628
3.59 -0.0206174 0.00747546 -0.0280929
3.6 -0.0267565 0.00732683 -0.0340833
3.61 -0.0328921 0.0071292 -0.0400213
3.62 -0.039011 0.00688269 -0.0458937
3.63 -0.0451001 0.00658722 -0.0516873
3.64 -0.051146 0.00624294 -0.0573889
3.65 -0.057135 0.00585027 -0.0629853
3.66 -0.0630532 0.00540993 -0.0684631
3.67 -0.0688857 0.00492375 -0.0738094
3.68 -0.0746201 0.00439125 -0.0790114
3.69 -0.0802427 0.00381353 -0.0840562
3.7 -0.0857405 0.00319128 -0.0889318
3.71 -0.0911004 0.0025257 -0.0936261
3.72 -0.0963098 0.00181792 -0.0981277
3.73 -0.101357 0.0010687 -0.102426
3.74 -0.106229 0.000280635 -0.10651
3.75 -0.110915 -0.000545237 -0.11037
3.76 -0.115406 -0.00140902 -0.113997
3.77 -0.119689 -0.00230608 -0.117383
3.78 -0.123758 -0.00323804 -0.12052
3.79 -0.127601 -0.00419969 -0.123401
3.8 -0.131213 -0.00519198 -0.126021
3.81 -0.134583 -0.00620898 -0.128374
3.82 -0.137705 -0.00724884 -0.130456
3.83 -0.140576 -0.00831178 -0.132264
3.84 -0.143193 -0.00939707 -0.133796
3.85 -0.14555 -0.0105 -0.13505
3.86 -0.147646 -0.0116198 -0.136026
3.87 -0.14948 -0.0127549 -0.136725
3.88 -0.15105 -0.0139014 -0.137149
3.89 -0.152357 -0.0150579 -0.137299
3.9 -0.153403 -0.0162226 -0.13718
3.91 -0.154189 -0.0173919 -0.136797
3.92 -0.154718 -0.0185633 -0.136155
3.93 -0.154995 -0.0197352 -0.13526
3.94 -0.155025 -0.0209053 -0.13412
3.95 -0.154814 -0.0220715 -0.132743
3.96 -0.154363 -0.0232255 -0.131137
3.97 -0.153685 -0.0243707 -0.129314
3.98 -0.152787 -0.0255035 -0.127283
3.99 -0.151679 -0.0266227 -0.125056
4 -0.15037 -0.0277253 -0.122645
4.01 -0.148871 -0.0288101 -0.120061
4.02 -0.147191 -0.029873 -0.117318
4.03 -0.145341 -0.0309117 -0.114429
4.04 -0.143334 -0.0319255 -0.111408
4.05 -0.141181 -0.0329113 -0.10827
4.06 -0.138894 -0.0338668 -0.105027
4.07 -0.136486 -0.0347905 -0.101696
4.08 -0.133969 -0.0356797 -0.0982893
4.09 -0.131355 -0.036532 -0.094823
4.1 -0.128657 -0.0373456 -0.0913114
4.11 -0.125888 -0.0381192 -0.0877688
4.12 -0.12306 -0.0388504 -0.0842096
4.13 -0.120186 -0.039538 -0.080648
4.14 -0.117279 -0.0401815 -0.0770975
4.15 -0.11435 -0.0407783 -0.0735717
4.16 -0.11141 -0.0413266 -0.0700834
4.17 -0.108471 -0.0418259 -0.0666451
4.18 -0.105544 -0.0422753 -0.0632687
4.19 -0.102637 -0.0426715 -0.0599655
4.2 -0.0997625 -0.0430164 -0.0567461
4.21 -0.0969278 -0.0433074 -0.0536204
4.22 -0.0941417 -0.0435441 -0.0505976
4.23 -0.0914119 -0.0437258 -0.0476861
4.24 -0.0887455 -0.043852 -0.0448935
4.25 -0.0861499 -0.0439235 -0.0422264
4.26 -0.0836302 -0.0439394 -0.0396908
4.27 -0.0811911 -0.0438997 -0.0372914
4.28 -0.0788364 -0.0438039 -0.0350325
4.29 -0.0765695 -0.0436525 -0.032917
4.3 -0.0743929 -0.0434456 -0.0309473
4.31 -0.0723084 -0.0431839 -0.0291245
4.32 -0.070317 -0.0428679 -0.0274491
4.33 -0.0684187 -0.0424983 -0.0259204
4.34 -0.0666132 -0.0420761 -0.0245371
4.35 -0.0648991 -0.0416023 -0.0232968
4.36 -0.0632746 -0.0410783 -0.0221963
4.37 -0.0617368 -0.040505 -0.0212318
4.38 -0.0602827 -0.0398843 -0.0203984
4.39 -0.0589082 -0.0392175 -0.0196907
4.4 -0.0576102 -0.0385077 -0.0191025
4.41 -0.0563822 -0.0377552 -0.018627
4.42 -0.0552186 -0.036962 -0.0182566
4.43 -0.0541135 -0.03613 -0.0179835
4.44 -0.0530606 -0.0352614 -0.0177992
4.45 -0.052053 -0.0343584 -0.0176946
4.46 -0.0510838 -0.0334232 -0.0176606
4.47 -0.0501458 -0.0324583 -0.0176875
4.48 -0.0492316 -0.0314661 -0.0177655
4.49 -0.0483335 -0.0304489 -0.0178846
4.5 -0.047444 -0.0294095 -0.0180345
4.51 -0.0465554 -0.0283504 -0.018205
4.52 -0.04566 -0.0272739 -0.0183861
4.53 -0.0447504 -0.026183 -0.0185674
4.54 -0.0438189 -0.0250798 -0.0187391
4.55 -0.042858 -0.0239666 -0.0188914
4.56 -0.041861 -0.0228462 -0.0190148
4.57 -0.0408213 -0.0217213 -0.0191
4.58 -0.0397324 -0.0205942 -0.0191382
4.59 -0.0385886 -0.0194674 -0.0191212
4.6 -0.0373842 -0.0183432 -0.019041
4.61 -0.0361141 -0.0172238 -0.0188903
4.62 -0.034774 -0.0161117 -0.0186623
4.63 -0.0333596 -0.0150087 -0.0183509
4.64 -0.0318675 -0.0139169 -0.0179506
4.65 -0.0302948 -0.0128381 -0.0174567
4.66 -0.0286391 -0.011774 -0.0168651
4.67 -0.0268989 -0.0107263 -0.0161726
4.68 -0.0250729 -0.00969634 -0.0153766
4.69 -0.0231596 -0.00868427 -0.0144753
4.7 -0.02116 -0.00769205 -0.0134679
4.71 -0.0190754 -0.00672111 -0.0123543
4.72 -0.0169073 -0.00577228 -0.011135
4.73 -0.0146578 -0.00484618 -0.00981162
4.74 -0.0123297 -0.00394335 -0.00838635
4.75 -0.00992644 -0.00306419 -0.00686225
4.76 -0.00745191 -0.0022088 -0.00524311
4.77 -0.00491064 -0.00137716 -0.00353348
4.78 -0.0023077 -0.000569107 -0.00173859
4.79 0.000351339 0.00021571 0.000135629
4.8 0.00306044 0.000977814 0.00208263
4.81 0.00581312 0.00171789 0.00409523
4.82 0.00860248 0.00243675 0.00616573
4.83 0.0114213 0.00313541 0.00828589
4.84 0.0142621 0.00381509 0.010447
4.85 0.0171167 0.0044767 0.01264
4.86 0.0199767 0.00512131 0.0148554
4.87 0.022834 0.00575057 0.0170834
4.88 0.0256801 0.00636598 0.0193141
4.89 0.0285065 0.0069692 0.0215373
4.9 0.0313047 0.00756204 0.0237427
4.91 0.034066 0.00814612 0.0259199
4.92 0.0367819 0.00872329 0.0280586
4.93 0.039444 0.00929542 0.0301486
4.94 0.0420442 0.00986453 0.0321797
4.95 0.0445742 0.0104323 0.0341419
4.96 0.0470263 0.0110006 0.0360257
4.97 0.049393 0.0115715 0.0378215
4.98 0.0516661 0.0121456 0.0395205
4.99 0.0538385 0.0127245 0.041114
5 0.0559048 0.0133108 0.042594
5.01 0.0578588 0.013906 0.0439528
5.02 0.0596951 0.0145116 0.0451835
5.03 0.0614087 0.015129 0.0462797
5.04 0.0629951 0.0157595 0.0472356
5.05 0.0644502 0.0164039 0.0480463
5.06 0.0657708 0.0170634 0.0487074
5.07 0.066954 0.0177385 0.0492155
5.08 0.0679976 0.01843 0.0495676
5.09 0.0689 0.019138 0.049762
5.1 0.0696602 0.0198629 0.0497973
5.11 0.0702779 0.0206047 0.0496732
5.12 0.0707532 0.0213629 0.0493903
5.13 0.0710848 0.0221349 0.0489499
5.14 0.071276 0.022922 0.048354
5.15 0.0713293 0.0237237 0.0476056
5.16 0.0712472 0.0245386 0.0467086
5.17 0.071033 0.0253657 0.0456673
5.18 0.0706903 0.0262032 0.0444871
5.19 0.0702234 0.0270494 0.043174
5.2 0.0696369 0.0279022 0.0417347
5.21 0.068936 0.0287594 0.0401766
5.22 0.0681262 0.0296186 0.0385076
5.23 0.0672134 0.030477 0.0367364
5.24 0.0662039 0.0313318 0.0348721
5.25 0.0651044 0.0321802 0.0329242
5.26 0.0639216 0.0330188 0.0309028
5.27 0.0626625 0.0338443 0.0288182
5.28 0.0613336 0.0346523 0.0266813
5.29 0.0599436 0.0354406 0.024503
5.3 0.0585 0.0362056 0.0222944
5.31 0.0570104 0.0369434 0.020067
5.32 0.0554824 0.0376503 0.0178321
5.33 0.0539236 0.0383225 0.0156011
5.34 0.0523414 0.0389559 0.0133855
5.35 0.0507433 0.0395468 0.0111965
5.36 0.0491366 0.0400915 0.00904511
5.37 0.0475283 0.040586 0.0069423
5.38 0.0459252 0.0410266 0.00489861
5.39 0.044334 0.0414097 0.00292427
5.4 0.042761 0.0417319 0.00102908
5.41 0.041212 0.0419896 -0.000777591
5.42 0.0396932 0.0421801 -0.0024869
5.43 0.0382098 0.0423004 -0.00409057
5.44 0.0367664 0.0423473 -0.00558089
5.45 0.0353673 0.0423182 -0.00695085
5.46 0.0340165 0.0422106 -0.00819408
5.47 0.0327175 0.0420224 -0.00930494
5.48 0.0314734 0.0417519 -0.0102785
5.49 0.0302866 0.0413974 -0.0111108
5.5 0.0291592 0.0409575 -0.0117983
5.51 0.0280927 0.0404313 -0.0123386
5.52 0.0270883 0.0398182 -0.0127299
5.53 0.0261465 0.039118 -0.0129715
5.54 0.0252675 0.0383309 -0.0130634
5.55 0.0244508 0.037457 -0.0130062
5.56 0.0236956 0.0364972 -0.0128016
5.57 0.0230018 0.035454 -0.0124522
5.58 0.0223665 0.0343276 -0.0119611
5.59 0.0217875 0.0331198 -0.0113323
5.6 0.0212624 0.0318331 -0.0105707
5.61 0.0207883 0.0304701 -0.00968183
5.62 0.020362 0.0290338 -0.00867178
5.63 0.01998 0.0275275 -0.00754749
5.64 0.0196384 0.0259548 -0.00631642
5.65 0.0193333 0.0243199 -0.00498664
5.66 0.0190605 0.0226273 -0.00356675
5.67 0.0188154 0.0208812 -0.00206582
5.68 0.0185936 0.0190869 -0.000493342
5.69 0.0183904 0.0172496 0.00114081
5.7 0.0182011 0.0153747 0.00282643
5.71 0.0180209 0.0134678 0.00455307
5.72 0.017845 0.0115349 0.00631009
5.73 0.0176685 0.00958182 0.00808668
5.74 0.0174867 0.00761473 0.00987197
5.75 0.0172951 0.00564004 0.0116551
5.76 0.0170894 0.0036643 0.0134251
5.77 0.0168651 0.00169376 0.0151713
5.78 0.0166184 -0.000264784 0.0168832
5.79 0.0163454 -0.00220487 0.0185503
5.8 0.0160425 -0.00412001 0.0201625
5.81 0.0157065 -0.00600364 0.0217101
5.82 0.0153344 -0.00784941 0.0231838
5.83 0.0149236 -0.00965096 0.0245746
5.84 0.0144717 -0.0114023 0.025874
5.85 0.0139769 -0.0130972 0.0270741
5.86 0.0134369 -0.0147308 0.0281677
5.87 0.012851 -0.016297 0.029148
5.88 0.0122185 -0.0177904 0.0300089
5.89 0.0115393 -0.0192057 0.030745
5.9 0.0108132 -0.0205386 0.0313518
5.91 0.0100407 -0.0217845 0.0318252
5.92 0.00922279 -0.0229393 0.032162
5.93 0.00836058 -0.0239994 0.03236
5.94 0.00745575 -0.0249616 0.0324173
5.95 0.00651029 -0.025823 0.0323333
5.96 0.00552659 -0.0265812 0.0321078
5.97 0.00450736 -0.0272343 0.0317416
5.98 0.00345565 -0.0277806 0.0312363
5.99 0.00237483 -0.0282192 0.0305941
6 0.00126852 -0.0285495 0.029818
6.01 0.000140379 -0.0287715 0.0289119
6.02 -0.00100498 -0.0288853 0.0278803
6.03 -0.00216317 -0.0288915 0.0267283
6.04 -0.00332965 -0.0287915 0.0254618
6.05 -0.00449968 -0.028587 0.0240873
6.06 -0.00566844 -0.0282802 0.0226118
6.07 -0.00683101 -0.0278739 0.0210428
6.08 -0.00798239 -0.027371 0.0193886
6.09 -0.00911758 -0.0267751 0.0176575
6.1 -0.0102316 -0.0260901 0.0158585
6.11 -0.0113195 -0.0253205 0.014001
6.12 -0.0123763 -0.0244707 0.0120944
6.13 -0.0133973 -0.0235458 0.0101485
6.14 -0.0143779 -0.0225514 0.00817351
6.15 -0.0153131 -0.0214925 0.00617938
6.16 -0.0161986 -0.020375 0.00417637
6.17 -0.0170306 -0.0192053 0.00217469
6.18 -0.0178054 -0.0179899 0.000184521
6.19 -0.0185196 -0.0167355 -0.00178407
6.2 -0.0191699 -0.0154488 -0.00372114
6.21 -0.0197535 -0.0141365 -0.005617
6.22 -0.0202678 -0.0128056 -0.00746217
6.23 -0.0207107 -0.0114632 -0.00924752
6.24 -0.0210804 -0.0101161 -0.0109643
6.25 -0.0213754 -0.00877134 -0.0126041
6.26 -0.0215949 -0.00743595 -0.014159
6.27 -0.0217383 -0.00611675 -0.0156215
6.28 -0.0218053 -0.00482034 -0.016985
6.29 -0.0217963 -0.00355342 -0.0182429
6.3 -0.0217109 -0.0023213 -0.0193896
6.31 -0.021551 -0.00113095 -0.02042
6.32 -0.0213184 1.14041e-05 -0.0213298
6.33 -0.0210151 0.00110004 -0.0221151
6.34 -0.0206434 0.00212962 -0.022773
6.35 -0.0202061 0.00309501 -0.0233011
6.36 -0.0197063 0.00399151 -0.0236978
6.37 -0.0191474 0.00481483 -0.0239622
6.38 -0.0185332 0.00556104 -0.0240942
6.39 -0.0178678 0.00622659 -0.0240944
6.4 -0.0171556 0.00680838 -0.023964
6.41 -0.0164012 0.0073038 -0.023705
6.42 -0.0156096 0.00771054 -0.0233201
6.43 -0.0147858 0.00802696 -0.0228128
6.44 -0.0139351 0.00825178 -0.0221869
6.45 -0.0130628 0.00838432 -0.0214471
6.46 -0.0121749 0.00842383 -0.0205987
6.47 -0.0112769 0.0083706 -0.0196475
6.48 -0.0103747 0.00822505 -0.0185997
6.49 -0.00947389 0.00798841 -0.0174623
6.5 -0.00858023 0.00766217 -0.0162424
6.51 -0.00769938 0.00724836 -0.0149477
6.52 -0.00683694 0.0067494 -0.0135863
6.53 -0.00599837 0.00616817 -0.0121665
6.54 -0.005189 0.00550796 -0.010697
6.55 -0.00441401 0.0047724 -0.00918641
6.56 -0.00367833 0.00396556 -0.00764389
6.57 -0.00298669 0.00309182 -0.00607851
6.58 -0.00234355 0.00215587 -0.00449942
6.59 -0.00175365 0.00116217 -0.00291582
6.6 -0.00122087 0.000115957 -0.00133683
6.61 -0.000748273 -0.000976776 0.000228503
6.62 -0.000339008 -0.00211028 0.00177127
6.63 4.14351e-06 -0.00327861 0.00328275
6.64 0.000278795 -0.00447569 0.00475449
6.65 0.000482964 -0.00569531 0.00617827
6.66 0.000615082 -0.00693117 0.00754625
6.67 0.00067401 -0.00817693 0.00885094
6.68 0.000659037 -0.0094262 0.0100852
6.69 0.000569892 -0.0106726 0.0112425
6.7 0.000406741 -0.0119099 0.0123166
6.71 0.000170189 -0.0131317 0.0133019
6.72 -0.000138726 -0.014332 0.0141933
6.73 -0.000518535 -0.0155048 0.0149862
6.74 -0.000968456 -0.0166452 0.0156768
6.75 -0.0014851 -0.0177467 0.0162616
6.76 -0.00206562 -0.0188036 0.016738
6.77 -0.00270692 -0.0198107 0.0171038
6.78 -0.00340554 -0.0207632 0.0173576
6.79 -0.00415766 -0.0216563 0.0174987
6.8 -0.00495916 -0.0224859 0.0175268
6.81 -0.0058056 -0.023248 0.0174424
6.82 -0.00669227 -0.0239389 0.0172467
6.83 -0.00761422 -0.0245555 0.0169413
6.84 -0.00856628 -0.025095 0.0165287
6.85 -0.00954307 -0.0255548 0.0160117
6.86 -0.0105391 -0.025933 0.0153939
6.87 -0.0115486 -0.0262279 0.0146793
6.88 -0.012566 -0.0264385 0.0138725
6.89 -0.0135852 -0.0265637 0.0129785
6.9 -0.0146003 -0.0266031 0.0120028
6.91 -0.0156055 -0.026557 0.0109515
6.92 -0.0165948 -0.0264256 0.00983082
6.93 -0.0175626 -0.02621 0.00864743
6.94 -0.0185032 -0.0259115 0.00740833
6.95 -0.019411 -0.0255318 0.00612079
6.96 -0.0202807 -0.025073 0.00479229
6.97 -0.0211071 -0.0245376 0.00343047
6.98 -0.0218853 -0.0239284 0.00204314
6.99 -0.0226104 -0.0232486 0.00063819
7 -0.0232781 -0.0225016 -0.000776454
7.01 -0.0238842 -0.0216913 -0.00219286
7.02 -0.0244248 -0.0208217 -0.00360313
7.03 -0.0248955 -0.019896 -0.00499946
7.04 -0.0252936 -0.0189194 -0.00637418
7.05 -0.0256167 -0.0178969 -0.0077198
7.06 -0.0258623 -0.0168333 -0.00902903
7.07 -0.0260287 -0.0157339 -0.0102948
7.08 -0.026114 -0.0146035 -0.0115105
7.09 -0.0261173 -0.0134477 -0.0126696
7.1 -0.0260377 -0.0122717 -0.013766
7.11 -0.025875 -0.0110809 -0.0147941
7.12 -0.0256293 -0.00988053 -0.0157488
7.13 -0.025301 -0.00867594 -0.0166251
7.14 -0.0248912 -0.0074725 -0.0174187
7.15 -0.0244011 -0.00627525 -0.0181258
7.16 -0.0238326 -0.00508942 -0.0187432
7.17 -0.0231878 -0.00391992 -0.0192679
7.18 -0.0224679 -0.00277023 -0.0196977
7.19 -0.0216773 -0.00164647 -0.0200308
7.2 -0.0208191 -0.000552929 -0.0202662
7.21 -0.019897 0.000506046 -0.020403
7.22 -0.0189148 0.00152657 -0.0204414
7.23 -0.0178767 0.00250488 -0.0203816
7.24 -0.016787 0.00343768 -0.0202247
7.25 -0.0156505 0.00432167 -0.0199722
7.26 -0.014472 0.00515407 -0.0196261
7.27 -0.0132565 0.0059324 -0.0191889
7.28 -0.0120092 0.00665446 -0.0186637
7.29 -0.0107354 0.00731839 -0.0180538
7.3 -0.00944045 0.00792271 -0.0173632
7.31 -0.00812984 0.00846624 -0.0165961
7.32 -0.006809 0.00894819 -0.0157572
7.33 -0.00548356 0.00936795 -0.0148515
7.34 -0.00415909 0.00972527 -0.0138844
7.35 -0.00284098 0.0100204 -0.0128613
7.36 -0.00153454 0.0102538 -0.0117883
7.37 -0.000244973 0.0104264 -0.0106714
7.38 0.00102267 0.0105394 -0.0095167
7.39 0.00226349 0.0105942 -0.00833072
7.4 0.00347281 0.0105927 -0.0071199
7.41 0.00464615 0.0105369 -0.00589079
7.42 0.00577927 0.0104292 -0.00464996
7.43 0.0068682 0.0102722 -0.00340397
7.44 0.00790923 0.0100686 -0.00215933
7.45 0.00889898 0.00982143 -0.000922452
7.46 0.00983433 0.00953398 0.000300347
7.47 0.0107117 0.00920878 0.00150292
7.48 0.0115292 0.00884988 0.00267932
7.49 0.012285 0.00846121 0.00382379
7.5 0.0129774 0.00804656 0.00493084
7.51 0.013605 0.00760972 0.00599528
7.52 0.014167 0.00715481 0.00701219
7.53 0.0146626 0.00668561 0.00797699
7.54 0.0150917 0.00620624 0.00888546
7.55 0.0154543 0.00572056 0.00973374
7.56 0.015751 0.00523263 0.0105184
7.57 0.0159826 0.00474631 0.0112363
7.58 0.0161502 0.00426534 0.0118849
7.59 0.0162554 0.00379356 0.0124618
7.6 0.0162999 0.00333444 0.0129655
7.61 0.0162859 0.00289153 0.0133944
7.62 0.0162149 0.00246725 0.0137477
7.63 0.0160907 0.00206585 0.0140249
7.64 0.0159161 0.00169017 0.0142259
7.65 0.0156944 0.00134312 0.0143513
7.66 0.015429 0.00102728 0.0144017
7.67 0.0151234 0.000744901 0.0143785
7.68 0.0147814 0.000498165 0.0142832
7.69 0.0144069 0.000288953 0.0141179
7.7 0.0140038 0.000118784 0.013885
7.71 0.0135763 -1.08729e-05 0.0135872
7.72 0.0131285 -9.89734e-05 0.0132275
7.73 0.0126645 -0.000144778 0.0128093
7.74 0.0121887 -0.000147528 0.0123362
7.75 0.0117051 -0.000107117 0.0118122
7.76 0.011218 -2.33668e-05 0.0112414
7.77 0.0107314 0.0001034 0.010628
7.78 0.0102496 0.00027299 0.00997661
7.79 0.00977624 0.000484408 0.00929183
7.8 0.00931519 0.000736779 0.00857841
7.81 0.00887001 0.00102883 0.00784118
7.82 0.00844411 0.0013591 0.00708501
7.83 0.00804071 0.00172589 0.00631482
7.84 0.00766281 0.00212732 0.00553549
7.85 0.00731317 0.00256129 0.00475188
7.86 0.00699433 0.00302555 0.00396878
7.87 0.00670855 0.00351766 0.00319089
7.88 0.00645782 0.00403505 0.00242277
7.89 0.00624386 0.00457499 0.00166887
7.9 0.00606808 0.00513465 0.000933431
7.91 0.00593225 0.00571174 0.000220511
7.92 0.00583668 0.00630273 -0.000466047
7.93 0.00578177 0.00690441 -0.00112264
7.94 0.00576772 0.00751364 -0.00174592
7.95 0.00579442 0.00812724 -0.00233282
7.96 0.00586146 0.008742 -0.00288054
7.97 0.00596813 0.00935474 -0.00338661
7.98 0.00611344 0.00996229 -0.00384885
7.99 0.00629611 0.0105615 -0.00426541
8 0.00651458 0.0111493 -0.00463476
