# Generated on Sun Sep  5 13:48:49 2021 by yr2369.
# This file was created by PDFgui.
#S 1
#L r  Gtrunc  Gdiff  Gcalc
1.79 -0.114508 -0.0245212 -0.0899868
1.8 -0.114774 -0.0184915 -0.0962825
1.81 -0.115391 -0.0126972 -0.102694
1.82 -0.116358 -0.00715266 -0.109205
1.83 -0.117673 -0.00187241 -0.115801
1.84 -0.119329 0.00313332 -0.122462
1.85 -0.121318 0.00785449 -0.129172
1.86 -0.12363 0.0122823 -0.135912
1.87 -0.126254 0.0164084 -0.142662
1.88 -0.129173 0.0202298 -0.149403
1.89 -0.132373 0.0237397 -0.156113
1.9 -0.135833 0.0269383 -0.162771
1.91 -0.139536 0.0298211 -0.169357
1.92 -0.143458 0.0323903 -0.175848
1.93 -0.147572 0.0346509 -0.182223
1.94 -0.151853 0.0366058 -0.188459
1.95 -0.156273 0.0382607 -0.194534
1.96 -0.160805 0.0396204 -0.200425
1.97 -0.165417 0.0406947 -0.206112
1.98 -0.17008 0.0414908 -0.211571
1.99 -0.174762 0.0420188 -0.216781
2 -0.17943 0.0422906 -0.221721
2.01 -0.184051 0.042318 -0.226369
2.02 -0.188592 0.0421139 -0.230706
2.03 -0.193019 0.0416925 -0.234711
2.04 -0.1973 0.0410666 -0.238367
2.05 -0.2014 0.040253 -0.241653
2.06 -0.205283 0.0392704 -0.244553
2.07 -0.208919 0.0381321 -0.247051
2.08 -0.212276 0.0368549 -0.249131
2.09 -0.215324 0.0354542 -0.250778
2.1 -0.218032 0.0339479 -0.25198
2.11 -0.220372 0.0323519 -0.252724
2.12 -0.222317 0.0306826 -0.253
2.13 -0.223841 0.0289564 -0.252797
2.14 -0.22492 0.0271895 -0.25211
2.15 -0.225531 0.0253982 -0.250929
2.16 -0.225653 0.0235983 -0.249251
2.17 -0.225269 0.0218031 -0.247072
2.18 -0.224362 0.0200277 -0.24439
2.19 -0.222917 0.0182864 -0.241203
2.2 -0.220917 0.0165971 -0.237514
2.21 -0.218353 0.0149715 -0.233324
2.22 -0.215222 0.0134166 -0.228639
2.23 -0.21152 0.0119421 -0.223462
2.24 -0.207245 0.0105572 -0.217802
2.25 -0.202396 0.00927171 -0.211668
2.26 -0.196977 0.00809194 -0.205069
2.27 -0.190994 0.00702363 -0.198018
2.28 -0.184453 0.00607399 -0.190527
2.29 -0.177366 0.00524566 -0.182612
2.3 -0.169745 0.00454261 -0.174288
2.31 -0.161604 0.00396813 -0.165572
2.32 -0.152962 0.00352175 -0.156484
2.33 -0.143838 0.00320418 -0.147042
2.34 -0.134253 0.00301526 -0.137268
2.35 -0.124224 0.00295983 -0.127184
2.36 -0.113785 0.00302674 -0.116812
2.37 -0.102962 0.00321366 -0.106176
2.38 -0.0917858 0.0035143 -0.0953001
2.39 -0.0802864 0.00392384 -0.0842102
2.4 -0.0684958 0.00443608 -0.0729319
2.41 -0.0564472 0.00504414 -0.0614913
2.42 -0.044175 0.00574034 -0.0499153
2.43 -0.0317141 0.00651683 -0.0382309
2.44 -0.0191006 0.00736478 -0.0264654
2.45 -0.00637092 0.00827515 -0.0146461
2.46 0.00643817 0.00923858 -0.00280041
2.47 0.0192895 0.0102452 0.00904429
2.48 0.0321461 0.0112852 0.0208609
2.49 0.0449704 0.0123479 0.0326225
2.5 0.0577244 0.0134217 0.0443027
2.51 0.0703721 0.0144966 0.0558755
2.52 0.0828779 0.0155625 0.0673154
2.53 0.0952071 0.0166095 0.0785976
2.54 0.107326 0.0176279 0.0896981
2.55 0.119201 0.0186073 0.100594
2.56 0.130801 0.0195389 0.111262
2.57 0.142097 0.020415 0.121682
2.58 0.153058 0.021225 0.131833
2.59 0.163659 0.021963 0.141696
2.6 0.173873 0.0226199 0.151253
2.61 0.183677 0.0231897 0.160487
2.62 0.19305 0.0236666 0.169383
2.63 0.201972 0.024045 0.177927
2.64 0.21042 0.0243146 0.186105
2.65 0.21838 0.0244728 0.193907
2.66 0.225842 0.0245197 0.201322
2.67 0.232795 0.0244529 0.208342
2.68 0.239231 0.0242716 0.214959
2.69 0.245142 0.0239734 0.221169
2.7 0.250526 0.0235607 0.226965
2.71 0.255379 0.0230324 0.232347
2.72 0.259701 0.0223898 0.237311
2.73 0.263496 0.0216371 0.241859
2.74 0.266767 0.0207759 0.245991
2.75 0.26952 0.0198096 0.24971
2.76 0.271765 0.0187443 0.253021
2.77 0.273512 0.0175849 0.255927
2.78 0.274772 0.0163359 0.258436
2.79 0.275552 0.0149969 0.260555
2.8 0.275875 0.0135824 0.262293
2.81 0.275759 0.0121006 0.263658
2.82 0.275222 0.0105592 0.264663
2.83 0.274285 0.00896758 0.265317
2.84 0.272967 0.00733267 0.265634
2.85 0.271292 0.00566549 0.265627
2.86 0.269281 0.00397346 0.265308
2.87 0.266958 0.00226643 0.264692
2.88 0.264347 0.000553788 0.263793
2.89 0.261473 -0.00115448 0.262627
2.9 0.25836 -0.00284971 0.26121
2.91 0.255034 -0.00452144 0.259555
2.92 0.251519 -0.00616137 0.25768
2.93 0.24784 -0.00776024 0.2556
2.94 0.24402 -0.00931077 0.253331
2.95 0.240086 -0.0108016 0.250888
2.96 0.236061 -0.0122251 0.248286
2.97 0.231969 -0.0135725 0.245541
2.98 0.227831 -0.0148376 0.242669
2.99 0.223668 -0.0160137 0.239682
3 0.219501 -0.0170939 0.236595
3.01 0.215349 -0.0180726 0.233422
3.02 0.21123 -0.0189445 0.230175
3.03 0.20716 -0.0197059 0.226866
3.04 0.203155 -0.020352 0.223507
3.05 0.199228 -0.0208807 0.220109
3.06 0.195391 -0.0212899 0.216681
3.07 0.191656 -0.0215766 0.213233
3.08 0.188033 -0.021739 0.209772
3.09 0.18453 -0.0217766 0.206307
3.1 0.18115 -0.0216927 0.202843
3.11 0.1779 -0.021486 0.199386
3.12 0.174781 -0.02116 0.195941
3.13 0.171795 -0.0207165 0.192512
3.14 0.168941 -0.0201593 0.1891
3.15 0.166217 -0.0194924 0.185709
3.16 0.163619 -0.0187206 0.18234
3.17 0.161143 -0.0178483 0.178991
3.18 0.158783 -0.0168807 0.175664
3.19 0.15653 -0.0158254 0.172355
3.2 0.154375 -0.0146891 0.169064
3.21 0.152309 -0.0134778 0.165787
3.22 0.150321 -0.012199 0.16252
3.23 0.148398 -0.0108612 0.159259
3.24 0.146527 -0.00947268 0.156
3.25 0.144694 -0.00804198 0.152736
3.26 0.142884 -0.00657826 0.149462
3.27 0.141082 -0.00509025 0.146172
3.28 0.139273 -0.00358635 0.142859
3.29 0.13744 -0.00207668 0.139517
3.3 0.135568 -0.000569149 0.136137
3.31 0.133641 0.000927465 0.132714
3.32 0.131642 0.00240346 0.129239
3.33 0.129555 0.00385012 0.125705
3.34 0.127366 0.00526068 0.122105
3.35 0.125057 0.00662423 0.118433
3.36 0.122616 0.00793565 0.11468
3.37 0.120026 0.00918456 0.110841
3.38 0.117273 0.0103632 0.10691
3.39 0.114347 0.0114675 0.102879
3.4 0.111234 0.0124889 0.0987451
3.41 0.107925 0.0134233 0.0945017
3.42 0.104411 0.0142659 0.0901451
3.43 0.100682 0.0150106 0.0856714
3.44 0.0967308 0.0156532 0.0810776
3.45 0.0925523 0.0161909 0.0763614
3.46 0.0881415 0.0166204 0.0715211
3.47 0.0834951 0.0169392 0.0665559
3.48 0.0786112 0.0171454 0.0614658
3.49 0.0734894 0.0172378 0.0562516
3.5 0.0681307 0.0172157 0.050915
3.51 0.0625375 0.0170791 0.0454584
3.52 0.0567105 0.0168253 0.0398852
3.53 0.0506579 0.0164581 0.0341998
3.54 0.0443874 0.0159801 0.0284073
3.55 0.0379072 0.0153937 0.0225135
3.56 0.0312271 0.0147016 0.0165255
3.57 0.0243581 0.0139073 0.0104508
3.58 0.0173125 0.0130145 0.00429796
3.59 0.0101039 0.0120277 -0.00192378
3.6 0.00274694 0.0109513 -0.0082044
3.61 -0.00474258 0.00979059 -0.0145332
3.62 -0.0123479 0.00855082 -0.0208987
3.63 -0.0200512 0.00723783 -0.027289
3.64 -0.0278339 0.00585761 -0.0336915
3.65 -0.0356768 0.00441628 -0.0400931
3.66 -0.0435598 0.00292038 -0.0464802
3.67 -0.0514623 0.00137656 -0.0528389
3.68 -0.0593626 -0.000207781 -0.0591548
3.69 -0.0672393 -0.00182579 -0.0654135
3.7 -0.0750709 -0.00347073 -0.0716002
3.71 -0.0828357 -0.0051358 -0.0776999
3.72 -0.090512 -0.00681425 -0.0836977
3.73 -0.0980783 -0.00849953 -0.0895788
3.74 -0.105513 -0.0101849 -0.0953281
3.75 -0.112795 -0.011864 -0.100931
3.76 -0.119904 -0.0135309 -0.106373
3.77 -0.12682 -0.01518 -0.11164
3.78 -0.133523 -0.0168049 -0.116718
3.79 -0.139994 -0.0184001 -0.121594
3.8 -0.146216 -0.0199616 -0.126254
3.81 -0.152168 -0.0214805 -0.130687
3.82 -0.157835 -0.0229537 -0.134881
3.83 -0.163203 -0.024378 -0.138825
3.84 -0.168259 -0.0257509 -0.142508
3.85 -0.17299 -0.0270688 -0.145921
3.86 -0.177386 -0.0283302 -0.149056
3.87 -0.181435 -0.029531 -0.151904
3.88 -0.185128 -0.030669 -0.154459
3.89 -0.18846 -0.0317451 -0.156715
3.9 -0.191423 -0.032756 -0.158667
3.91 -0.194013 -0.0337017 -0.160311
3.92 -0.196227 -0.034582 -0.161645
3.93 -0.198064 -0.0353976 -0.162666
3.94 -0.199522 -0.0361472 -0.163375
3.95 -0.200604 -0.0368335 -0.163771
3.96 -0.201306 -0.0374509 -0.163855
3.97 -0.201638 -0.038007 -0.163631
3.98 -0.201605 -0.0385032 -0.163102
3.99 -0.201215 -0.0389429 -0.162272
4 -0.200476 -0.0393284 -0.161148
4.01 -0.199396 -0.0396611 -0.159735
4.02 -0.197987 -0.0399455 -0.158042
4.03 -0.19626 -0.0401839 -0.156076
4.04 -0.194228 -0.04038 -0.153848
4.05 -0.191903 -0.0405356 -0.151367
4.06 -0.189301 -0.0406555 -0.148645
4.07 -0.186437 -0.0407431 -0.145694
4.08 -0.183327 -0.0408017 -0.142525
4.09 -0.179987 -0.0408343 -0.139153
4.1 -0.176433 -0.0408432 -0.13559
4.11 -0.172682 -0.0408312 -0.131851
4.12 -0.168755 -0.0408046 -0.12795
4.13 -0.164669 -0.0407654 -0.123904
4.14 -0.160444 -0.0407183 -0.119726
4.15 -0.156096 -0.0406638 -0.115432
4.16 -0.151646 -0.040607 -0.111039
4.17 -0.147111 -0.0405492 -0.106562
4.18 -0.142509 -0.0404925 -0.102017
4.19 -0.137858 -0.0404391 -0.0974189
4.2 -0.133175 -0.0403903 -0.0927847
4.21 -0.128478 -0.0403486 -0.0881294
4.22 -0.123782 -0.0403138 -0.0834682
4.23 -0.119104 -0.0402878 -0.0788162
4.24 -0.114459 -0.0402713 -0.0741877
4.25 -0.109861 -0.040264 -0.069597
4.26 -0.105325 -0.0402673 -0.0650577
4.27 -0.100863 -0.0402801 -0.0605829
4.28 -0.0964865 -0.0403015 -0.056185
4.29 -0.0922067 -0.0403309 -0.0518758
4.3 -0.0880337 -0.0403673 -0.0476664
4.31 -0.0839761 -0.0404088 -0.0435673
4.32 -0.0800421 -0.0404541 -0.039588
4.33 -0.0762384 -0.0405011 -0.0357373
4.34 -0.0725709 -0.0405476 -0.0320233
4.35 -0.0690444 -0.0405914 -0.028453
4.36 -0.0656626 -0.0406299 -0.0250327
4.37 -0.0624283 -0.0406606 -0.0217677
4.38 -0.0593431 -0.0406805 -0.0186626
4.39 -0.0564078 -0.0406868 -0.015721
4.4 -0.0536246 -0.0406791 -0.0129455
4.41 -0.0509895 -0.0406515 -0.010338
4.42 -0.0485004 -0.0406011 -0.00789933
4.43 -0.046154 -0.0405244 -0.00562964
4.44 -0.0439466 -0.0404185 -0.00352815
4.45 -0.0418734 -0.0402801 -0.00159327
4.46 -0.0399289 -0.0401063 0.00017737
4.47 -0.0381072 -0.0398941 0.00178689
4.48 -0.0364015 -0.0396407 0.00323915
4.49 -0.0348045 -0.0393432 0.00453868
4.5 -0.0333085 -0.0389992 0.00569066
4.51 -0.0319054 -0.0386063 0.00670085
4.52 -0.0305868 -0.0381624 0.00757558
4.53 -0.0293437 -0.0376654 0.00832166
4.54 -0.0281677 -0.0371141 0.00894637
4.55 -0.0270495 -0.0365069 0.00945737
4.56 -0.0259793 -0.0358419 0.00986265
4.57 -0.0249477 -0.0351182 0.0101705
4.58 -0.0239457 -0.0343351 0.0103894
4.59 -0.0229641 -0.0334922 0.0105281
4.6 -0.0219941 -0.0325895 0.0105954
4.61 -0.0210271 -0.0316272 0.0106001
4.62 -0.0200548 -0.0306058 0.010551
4.63 -0.0190691 -0.0295261 0.010457
4.64 -0.0180626 -0.0283894 0.0103268
4.65 -0.0170281 -0.0271969 0.0101688
4.66 -0.015959 -0.0259505 0.00999149
4.67 -0.0148492 -0.024652 0.00980281
4.68 -0.0136933 -0.0233038 0.00961055
4.69 -0.0124855 -0.0219076 0.00942211
4.7 -0.0112219 -0.0204664 0.00924452
4.71 -0.00989918 -0.0189835 0.00908435
4.72 -0.00851442 -0.0174622 0.00894774
4.73 -0.00706533 -0.0159057 0.00884034
4.74 -0.00555034 -0.0143176 0.00876724
4.75 -0.00396856 -0.0127016 0.00873304
4.76 -0.00231978 -0.0110615 0.00874174
4.77 -0.000604474 -0.00940125 0.00879678
4.78 0.00117623 -0.00772477 0.008901
4.79 0.00302055 -0.00603611 0.00905666
4.8 0.00492608 -0.00433931 0.00926539
4.81 0.00688978 -0.00263847 0.00952825
4.82 0.00890808 -0.000937588 0.00984567
4.83 0.0109769 0.000759387 0.0102175
4.84 0.0130922 0.00244914 0.0106431
4.85 0.0152479 0.00412689 0.011121
4.86 0.0174385 0.00578895 0.0116496
4.87 0.019658 0.00743169 0.0122263
4.88 0.0219 0.00905155 0.0128485
4.89 0.0241579 0.0106453 0.0135126
4.9 0.026425 0.0122099 0.0142151
4.91 0.028694 0.0137422 0.0149518
4.92 0.0309578 0.0152398 0.015718
4.93 0.0332091 0.0167001 0.016509
4.94 0.0354404 0.0181208 0.0173196
4.95 0.0376445 0.0195001 0.0181444
4.96 0.039814 0.0208362 0.0189778
4.97 0.0419416 0.0221275 0.0198141
4.98 0.0440198 0.0233724 0.0206474
4.99 0.0460415 0.0245698 0.0214717
5 0.0480004 0.0257193 0.0222811
5.01 0.0498903 0.0268207 0.0230696
5.02 0.0517052 0.0278738 0.0238314
5.03 0.0534392 0.0288785 0.0245607
5.04 0.0550871 0.0298352 0.0252519
5.05 0.0566441 0.0307445 0.0258996
5.06 0.0581058 0.0316072 0.0264986
5.07 0.0594681 0.0324241 0.027044
5.08 0.0607276 0.0331964 0.0275312
5.09 0.0618815 0.0339255 0.027956
5.1 0.0629272 0.0346126 0.0283146
5.11 0.0638629 0.0352594 0.0286035
5.12 0.0646873 0.0358677 0.0288196
5.13 0.0653979 0.0364374 0.0289605
5.14 0.0659958 0.0369717 0.0290241
5.15 0.0664817 0.0374729 0.0290088
5.16 0.0668565 0.037943 0.0289135
5.17 0.0671216 0.0383839 0.0287377
5.18 0.0672788 0.0387973 0.0284815
5.19 0.0673306 0.0391853 0.0281453
5.2 0.0672798 0.0395496 0.0277302
5.21 0.0671297 0.0398919 0.0272378
5.22 0.0668839 0.0402136 0.0266703
5.23 0.0665467 0.0405165 0.0260302
5.24 0.0661223 0.0408015 0.0253208
5.25 0.0656157 0.0410702 0.0245455
5.26 0.0650318 0.0413233 0.0237085
5.27 0.0643757 0.0415613 0.0228144
5.28 0.0636523 0.0417844 0.0218679
5.29 0.0628684 0.0419939 0.0208745
5.3 0.0620297 0.0421899 0.0198398
5.31 0.0611422 0.0423725 0.0187697
5.32 0.0602118 0.0425412 0.0176706
5.33 0.0592445 0.0426957 0.0165488
5.34 0.0582461 0.0428349 0.0154112
5.35 0.0572226 0.0429581 0.0142645
5.36 0.0561796 0.0430637 0.0131159
5.37 0.0551227 0.0431505 0.0119722
5.38 0.0540575 0.0432169 0.0108406
5.39 0.0529889 0.0432607 0.00972817
5.4 0.051922 0.0432801 0.00864194
5.41 0.0508615 0.0432727 0.00758882
5.42 0.0498118 0.0432362 0.00657556
5.43 0.0487771 0.0431683 0.00560876
5.44 0.0477609 0.0430661 0.00469476
5.45 0.0467665 0.0429269 0.00383963
5.46 0.0457968 0.0427476 0.00304916
5.47 0.0448543 0.0425256 0.00232874
5.48 0.0439411 0.0422577 0.00168342
5.49 0.0430588 0.041941 0.0011178
5.5 0.0422087 0.0415726 0.000636051
5.51 0.0413915 0.0411496 0.00024186
5.52 0.0406077 0.0406693 -6.15941e-05
5.53 0.0398573 0.040129 -0.000271656
5.54 0.0391398 0.039526 -0.000386217
5.55 0.0384544 0.0388581 -0.000403733
5.56 0.0377999 0.0381231 -0.000323237
5.57 0.0371752 0.0373195 -0.000144345
5.58 0.0365778 0.0364451 0.00013273
5.59 0.0360054 0.0354982 0.000507182
5.6 0.0354556 0.034478 0.000977609
5.61 0.0349254 0.0333834 0.00154202
5.62 0.0344118 0.032214 0.00219783
5.63 0.0339115 0.0309696 0.0029419
5.64 0.0334211 0.0296506 0.00377052
5.65 0.0329369 0.0282575 0.00467944
5.66 0.0324552 0.0267913 0.0056639
5.67 0.0319722 0.0252536 0.00671864
5.68 0.031484 0.0236461 0.00783793
5.69 0.0309868 0.0219712 0.00901562
5.7 0.0304768 0.0202317 0.0102451
5.71 0.02995 0.0184305 0.0115195
5.72 0.0294025 0.016571 0.0128315
5.73 0.0288309 0.0146573 0.0141736
5.74 0.0282319 0.012694 0.0155379
5.75 0.0276023 0.0106859 0.0169164
5.76 0.0269391 0.00863812 0.018301
5.77 0.0262395 0.00655619 0.0196833
5.78 0.025501 0.00444599 0.021055
5.79 0.0247216 0.0023139 0.0224077
5.8 0.0238994 0.000166411 0.023733
5.81 0.0230329 -0.00198969 0.0250226
5.82 0.0221208 -0.00414752 0.0262683
5.83 0.0211625 -0.00629964 0.0274621
5.84 0.0201576 -0.00843866 0.0285963
5.85 0.0191061 -0.010557 0.0296631
5.86 0.0180077 -0.0126477 0.0306554
5.87 0.0168636 -0.0147027 0.0315663
5.88 0.0156753 -0.0167138 0.0323891
5.89 0.0144445 -0.0186734 0.0331179
5.9 0.013173 -0.0205738 0.0337468
5.91 0.0118633 -0.0224075 0.0342708
5.92 0.0105182 -0.0241669 0.0346851
5.93 0.00914063 -0.025845 0.0349856
5.94 0.00773417 -0.0274346 0.0351688
5.95 0.00630253 -0.0289291 0.0352317
5.96 0.00484975 -0.0303222 0.0351719
5.97 0.00338016 -0.0316076 0.0349877
5.98 0.0018983 -0.0327798 0.0346781
5.99 0.000408954 -0.0338336 0.0342425
6 -0.00108292 -0.0347642 0.0336813
6.01 -0.00257205 -0.0355672 0.0329951
6.02 -0.00405317 -0.0362388 0.0321857
6.03 -0.00552095 -0.0367759 0.031255
6.04 -0.00697002 -0.0371759 0.0302059
6.05 -0.008395 -0.0374367 0.0290417
6.06 -0.00979054 -0.0375572 0.0277666
6.07 -0.0111513 -0.0375364 0.0263851
6.08 -0.0124722 -0.0373745 0.0249023
6.09 -0.013748 -0.037072 0.023324
6.1 -0.0149738 -0.0366301 0.0216563
6.11 -0.016145 -0.0360509 0.0199059
6.12 -0.0172571 -0.0353371 0.01808
6.13 -0.0183058 -0.0344919 0.0161861
6.14 -0.0192872 -0.0335192 0.014232
6.15 -0.0201971 -0.0324231 0.012226
6.16 -0.0210321 -0.0312087 0.0101766
6.17 -0.0217899 -0.0298824 0.00809255
6.18 -0.0224681 -0.0284508 0.00598273
6.19 -0.0230646 -0.0269209 0.00385625
6.2 -0.0235779 -0.0253002 0.0017223
6.21 -0.0240066 -0.0235967 -0.000409906
6.22 -0.0243502 -0.0218191 -0.00253111
6.23 -0.0246083 -0.0199762 -0.00463213
6.24 -0.0247811 -0.0180772 -0.00670385
6.25 -0.0248694 -0.0161321 -0.00873731
6.26 -0.0248741 -0.0141504 -0.0107237
6.27 -0.024797 -0.0121425 -0.0126545
6.28 -0.0246401 -0.0101186 -0.0145215
6.29 -0.024406 -0.00808945 -0.0163166
6.3 -0.0240964 -0.00606423 -0.0180322
6.31 -0.0237158 -0.00405469 -0.0196611
6.32 -0.0232681 -0.00207151 -0.0211966
6.33 -0.0227576 -0.000125323 -0.0226323
6.34 -0.0221886 0.00177375 -0.0239624
6.35 -0.0215662 0.00361532 -0.0251815
6.36 -0.0208955 0.00538952 -0.026285
6.37 -0.0201817 0.00708698 -0.0272687
6.38 -0.0194307 0.00869821 -0.0281289
6.39 -0.0186483 0.0102144 -0.0288627
6.4 -0.0178404 0.0116274 -0.0294678
6.41 -0.0170132 0.0129292 -0.0299424
6.42 -0.016173 0.0141125 -0.0302855
6.43 -0.0153261 0.0151705 -0.0304966
6.44 -0.0144787 0.0160972 -0.0305759
6.45 -0.0136373 0.0168869 -0.0305242
6.46 -0.0128083 0.0175348 -0.0303431
6.47 -0.0119976 0.018037 -0.0300346
6.48 -0.0112112 0.0183902 -0.0296014
6.49 -0.0104549 0.018592 -0.0290469
6.5 -0.00973429 0.0186405 -0.0283748
6.51 -0.0090546 0.018535 -0.0275896
6.52 -0.00842085 0.0182753 -0.0266962
6.53 -0.00783773 0.0178623 -0.0257
6.54 -0.00730957 0.0172974 -0.0246069
6.55 -0.00684032 0.016583 -0.0234233
6.56 -0.00643353 0.0157222 -0.0221557
6.57 -0.00609231 0.0147191 -0.0208114
6.58 -0.00581932 0.0135783 -0.0193976
6.59 -0.00561747 0.0123046 -0.0179221
6.6 -0.0054884 0.0109042 -0.0163926
6.61 -0.00543271 0.00938467 -0.0148174
6.62 -0.00545105 0.00775355 -0.0132046
6.63 -0.00554361 0.006019 -0.0115626
6.64 -0.00571002 0.0041898 -0.00989982
6.65 -0.00594942 0.00227525 -0.00822467
6.66 -0.00626044 0.000285123 -0.00654556
6.67 -0.0066412 -0.00177037 -0.00487083
6.68 -0.00708932 -0.00388062 -0.0032087
6.69 -0.00760195 -0.00603471 -0.00156724
6.7 -0.00817577 -0.00822143 4.56615e-05
6.71 -0.00880704 -0.0104294 0.00162236
6.72 -0.00949155 -0.012647 0.00315547
6.73 -0.0102247 -0.0148626 0.00463794
6.74 -0.0110023 -0.0170653 0.00606302
6.75 -0.0118181 -0.0192425 0.00742437
6.76 -0.0126666 -0.0213826 0.00871602
6.77 -0.0135418 -0.0234743 0.00993245
6.78 -0.0144376 -0.0255062 0.0110686
6.79 -0.0153477 -0.0274676 0.0121199
6.8 -0.0162656 -0.0293478 0.0130822
6.81 -0.0171847 -0.0311366 0.0139519
6.82 -0.0180984 -0.0328244 0.014726
6.83 -0.0189999 -0.0344019 0.015402
6.84 -0.0198827 -0.0358605 0.0159778
6.85 -0.0207399 -0.0371921 0.0164522
6.86 -0.0215651 -0.0383892 0.0168241
6.87 -0.0223518 -0.0394451 0.0170933
6.88 -0.0230935 -0.0403534 0.0172599
6.89 -0.0237837 -0.0411086 0.0173249
6.9 -0.0244171 -0.0417064 0.0172893
6.91 -0.0249883 -0.0421434 0.0171551
6.92 -0.0254921 -0.0424167 0.0169246
6.93 -0.0259237 -0.0425242 0.0166005
6.94 -0.0262787 -0.0424647 0.016186
6.95 -0.0265532 -0.0422382 0.015685
6.96 -0.0267436 -0.041845 0.0151014
6.97 -0.0268469 -0.0412866 0.0144397
6.98 -0.0268604 -0.0405653 0.0137049
6.99 -0.0267822 -0.0396842 0.012902
7 -0.0266108 -0.0386474 0.0120366
7.01 -0.0263451 -0.0374594 0.0111143
7.02 -0.0259846 -0.0361258 0.0101412
7.03 -0.0255285 -0.0346518 0.00912327
7.04 -0.0249779 -0.0330448 0.00806693
7.05 -0.0243347 -0.0313133 0.00697858
7.06 -0.0236007 -0.0294654 0.00586472
7.07 -0.0227783 -0.0275102 0.00473189
7.08 -0.0218703 -0.025457 0.00358667
7.09 -0.0208801 -0.0233157 0.00243558
7.1 -0.0198116 -0.0210967 0.0012851
7.11 -0.0186691 -0.0188107 0.000141599
7.12 -0.0174576 -0.0164689 -0.000988674
7.13 -0.0161822 -0.0140826 -0.00209964
7.14 -0.0148486 -0.0116632 -0.00318541
7.15 -0.0134627 -0.00922237 -0.00424033
7.16 -0.0120309 -0.00677191 -0.00525899
7.17 -0.0105599 -0.00432364 -0.00623626
7.18 -0.00905595 -0.00188862 -0.00716733
7.19 -0.007527 0.000520689 -0.00804769
7.2 -0.00598028 0.00289292 -0.0088732
7.21 -0.0044232 0.00521689 -0.00964009
7.22 -0.00286326 0.00748169 -0.010345
7.23 -0.00130798 0.00967681 -0.0109848
7.24 0.000235115 0.0117921 -0.011557
7.25 0.00175854 0.013818 -0.0120594
7.26 0.0032549 0.0157452 -0.0124903
7.27 0.00471695 0.0175653 -0.0128484
7.28 0.0061376 0.0192702 -0.0131326
7.29 0.00751001 0.0208527 -0.0133427
7.3 0.00882756 0.022306 -0.0134784
7.31 0.010084 0.0236243 -0.0135403
7.32 0.0112728 0.0248019 -0.0135291
7.33 0.0123879 0.0258338 -0.0134459
7.34 0.013425 0.0267173 -0.0132923
7.35 0.0143793 0.0274497 -0.0130704
7.36 0.0152465 0.0280288 -0.0127823
7.37 0.016023 0.0284538 -0.0124308
7.38 0.0167055 0.0287242 -0.0120187
7.39 0.0172913 0.0288407 -0.0115494
7.4 0.0177782 0.0288045 -0.0110263
7.41 0.0181647 0.028618 -0.0104533
7.42 0.0184497 0.0282839 -0.00983424
7.43 0.0186328 0.0278062 -0.00917344
7.44 0.0187142 0.0271894 -0.00847523
7.45 0.0186946 0.0264387 -0.00774412
7.46 0.0185754 0.0255601 -0.00698472
7.47 0.0183571 0.0245588 -0.00620173
7.48 0.0180433 0.0234432 -0.00539993
7.49 0.0176373 0.0222214 -0.0045841
7.5 0.0171427 0.0209017 -0.00375902
7.51 0.0165638 0.0194933 -0.00292947
7.52 0.0159049 0.0180051 -0.00210015
7.53 0.0151713 0.016447 -0.00127569
7.54 0.0143682 0.0148288 -0.000460594
7.55 0.0135017 0.013161 0.000340745
7.56 0.0125779 0.0114538 0.0011241
7.57 0.0116034 0.00971797 0.00188543
7.58 0.010585 0.00796413 0.00262087
7.59 0.0095299 0.0062031 0.0033268
7.6 0.0084453 0.00444548 0.00399982
7.61 0.00733867 0.00270187 0.0046368
7.62 0.00621757 0.000982703 0.00523487
7.63 0.00509003 -0.000701391 0.00579142
7.64 0.00396373 -0.00234044 0.00630417
7.65 0.00284636 -0.00392474 0.0067711
7.66 0.00174554 -0.005445 0.00719054
7.67 0.000668758 -0.00689235 0.0075611
7.68 -0.000376622 -0.00825834 0.00788172
7.69 -0.00138345 -0.0095351 0.00815165
7.7 -0.0023448 -0.0107153 0.00837046
7.71 -0.00325403 -0.0117921 0.00853803
7.72 -0.00410484 -0.0127594 0.00865456
7.73 -0.00489125 -0.0136118 0.00872054
7.74 -0.00560768 -0.0143444 0.00873676
7.75 -0.00624901 -0.0149533 0.00870428
7.76 -0.00680978 -0.0154343 0.00862447
7.77 -0.00728563 -0.0157846 0.00849892
7.78 -0.00767364 -0.0160031 0.0083295
7.79 -0.00797069 -0.016089 0.00811827
7.8 -0.00817418 -0.0160417 0.00786755
7.81 -0.00828211 -0.0158619 0.00757983
7.82 -0.00829301 -0.0155508 0.00725778
7.83 -0.00820606 -0.0151103 0.00690423
7.84 -0.00802098 -0.0145431 0.00652215
7.85 -0.00773812 -0.0138527 0.00611462
7.86 -0.0073584 -0.0130432 0.00568483
7.87 -0.00688335 -0.0121194 0.00523603
7.88 -0.00631507 -0.0110866 0.00477152
7.89 -0.00565622 -0.00995087 0.00429465
7.9 -0.00491004 -0.0087188 0.00380876
7.91 -0.00407905 -0.00739624 0.00331719
7.92 -0.00316871 -0.00599195 0.00282324
7.93 -0.00218403 -0.0045142 0.00233017
7.94 -0.00113029 -0.00297143 0.00184114
7.95 -1.31532e-05 -0.00137241 0.00135925
7.96 0.00116129 0.000273817 0.000887473
7.97 0.00238659 0.00195794 0.000428653
7.98 0.00365599 0.00367049 -1.4502e-05
7.99 0.00496241 0.00540185 -0.000439444
8 0.00629855 0.00714235 -0.000843796
