# Generated on Sun Sep  5 13:49:13 2021 by yr2369.
# This file was created by PDFgui.
#S 1
#L r  Gtrunc  Gdiff  Gcalc
1.79 -0.16126 -0.0658824 -0.0953776
1.8 -0.162367 -0.0606484 -0.101719
1.81 -0.16361 -0.0554572 -0.108153
1.82 -0.164986 -0.050322 -0.114664
1.83 -0.166489 -0.0452538 -0.121235
1.84 -0.16811 -0.0402611 -0.127849
1.85 -0.169843 -0.0353563 -0.134487
1.86 -0.171677 -0.0305475 -0.141129
1.87 -0.173603 -0.0258451 -0.147758
1.88 -0.175609 -0.0212572 -0.154352
1.89 -0.177683 -0.0167921 -0.160891
1.9 -0.179811 -0.0124568 -0.167354
1.91 -0.181979 -0.00825819 -0.173721
1.92 -0.184173 -0.00420368 -0.179969
1.93 -0.186375 -0.000296643 -0.186078
1.94 -0.18857 0.00345644 -0.192026
1.95 -0.190741 0.00705115 -0.197792
1.96 -0.192871 0.0104832 -0.203354
1.97 -0.19494 0.0137514 -0.208691
1.98 -0.196933 0.0168499 -0.213783
1.99 -0.198829 0.0197794 -0.218608
2 -0.20061 0.0225377 -0.223148
2.01 -0.202258 0.0251233 -0.227381
2.02 -0.203755 0.0275355 -0.231291
2.03 -0.20508 0.029777 -0.234857
2.04 -0.206218 0.0318454 -0.238063
2.05 -0.207148 0.0337452 -0.240893
2.06 -0.20785 0.0354806 -0.243331
2.07 -0.20831 0.0370511 -0.245361
2.08 -0.208512 0.0384591 -0.246971
2.09 -0.20844 0.039708 -0.248148
2.1 -0.20808 0.0408007 -0.248881
2.11 -0.207416 0.041743 -0.249159
2.12 -0.206437 0.0425371 -0.248974
2.13 -0.205129 0.0431897 -0.248319
2.14 -0.203482 0.0437046 -0.247187
2.15 -0.201485 0.0440882 -0.245573
2.16 -0.19913 0.0443454 -0.243475
2.17 -0.19641 0.0444812 -0.240891
2.18 -0.193318 0.0445024 -0.23782
2.19 -0.189849 0.0444154 -0.234264
2.2 -0.185996 0.0442296 -0.230226
2.21 -0.181758 0.0439504 -0.225708
2.22 -0.177137 0.0435815 -0.220718
2.23 -0.172134 0.0431289 -0.215263
2.24 -0.166751 0.0425995 -0.20935
2.25 -0.160993 0.0419981 -0.202991
2.26 -0.154864 0.0413324 -0.196196
2.27 -0.148372 0.0406071 -0.188979
2.28 -0.141524 0.0398295 -0.181354
2.29 -0.13433 0.039005 -0.173335
2.3 -0.126801 0.0381393 -0.16494
2.31 -0.118948 0.0372392 -0.156187
2.32 -0.110787 0.0363077 -0.147095
2.33 -0.102331 0.0353519 -0.137683
2.34 -0.0935969 0.0343756 -0.127973
2.35 -0.0845972 0.0333885 -0.117986
2.36 -0.0753543 0.0323906 -0.107745
2.37 -0.065888 0.0313856 -0.0972736
2.38 -0.0562183 0.0303775 -0.0865958
2.39 -0.0463661 0.02937 -0.0757361
2.4 -0.0363529 0.0283666 -0.0647195
2.41 -0.0262011 0.0273704 -0.0535715
2.42 -0.0159333 0.0263844 -0.0423177
2.43 -0.00557282 0.0254113 -0.0309841
2.44 0.00485681 0.0244533 -0.0195965
2.45 0.0153318 0.0235126 -0.00818081
2.46 0.025828 0.022591 0.00323703
2.47 0.0363216 0.0216902 0.0146314
2.48 0.0467884 0.0208113 0.0259771
2.49 0.0572043 0.0199552 0.0372491
2.5 0.0675444 0.0191215 0.0484229
2.51 0.0777862 0.0183115 0.0594747
2.52 0.0879067 0.0175256 0.0703811
2.53 0.0978838 0.0167641 0.0811197
2.54 0.107696 0.0160272 0.0916688
2.55 0.117321 0.0153135 0.102008
2.56 0.126741 0.0146251 0.112116
2.57 0.135934 0.0139588 0.121975
2.58 0.144883 0.0133155 0.131567
2.59 0.153571 0.0126949 0.140876
2.6 0.161981 0.0120955 0.149885
2.61 0.170098 0.0115166 0.158581
2.62 0.177907 0.0109563 0.166951
2.63 0.185396 0.0104143 0.174982
2.64 0.19255 0.00988609 0.182664
2.65 0.199359 0.00937082 0.189988
2.66 0.205816 0.0088693 0.196947
2.67 0.211915 0.00838198 0.203533
2.68 0.217648 0.00790598 0.209742
2.69 0.223011 0.00744108 0.21557
2.7 0.228001 0.00698674 0.221014
2.71 0.232615 0.00654109 0.226074
2.72 0.236852 0.006103 0.230749
2.73 0.240713 0.00567209 0.235041
2.74 0.244199 0.00524675 0.238952
2.75 0.247313 0.00482619 0.242487
2.76 0.25006 0.0044105 0.24565
2.77 0.252445 0.00399869 0.248446
2.78 0.254474 0.00358975 0.250884
2.79 0.256149 0.00317768 0.252971
2.8 0.257485 0.00276862 0.254716
2.81 0.25849 0.00236084 0.256129
2.82 0.259176 0.00195586 0.25722
2.83 0.259554 0.0015535 0.258
2.84 0.259635 0.00115299 0.258482
2.85 0.259432 0.000754969 0.258677
2.86 0.258958 0.000359664 0.258598
2.87 0.258226 -3.31066e-05 0.258259
2.88 0.257251 -0.000421821 0.257673
2.89 0.256047 -0.000806178 0.256853
2.9 0.254628 -0.00118602 0.255814
2.91 0.253009 -0.00156025 0.254569
2.92 0.251204 -0.00192876 0.253133
2.93 0.249227 -0.00229134 0.251518
2.94 0.247092 -0.00264763 0.24974
2.95 0.244816 -0.00299401 0.24781
2.96 0.242413 -0.00332956 0.245743
2.97 0.239896 -0.00365397 0.24355
2.98 0.237278 -0.00396653 0.241245
2.99 0.234573 -0.00426497 0.238838
3 0.231792 -0.00454952 0.236342
3.01 0.228948 -0.00481776 0.233766
3.02 0.226051 -0.00506964 0.231121
3.03 0.223112 -0.00530342 0.228415
3.04 0.220141 -0.0055176 0.225659
3.05 0.217145 -0.00571294 0.222858
3.06 0.214133 -0.0058874 0.22002
3.07 0.211112 -0.00604011 0.217152
3.08 0.208089 -0.00616941 0.214258
3.09 0.205067 -0.00627676 0.211344
3.1 0.202053 -0.00635881 0.208412
3.11 0.199049 -0.00641634 0.205465
3.12 0.196058 -0.00644832 0.202506
3.13 0.193081 -0.00645489 0.199536
3.14 0.190119 -0.00643537 0.196554
3.15 0.187171 -0.00639032 0.193561
3.16 0.184237 -0.00631851 0.190556
3.17 0.181314 -0.00622103 0.187535
3.18 0.178401 -0.00609626 0.184497
3.19 0.175493 -0.00594593 0.181439
3.2 0.172585 -0.00577119 0.178356
3.21 0.169674 -0.00557063 0.175245
3.22 0.166754 -0.00534534 0.172099
3.23 0.163818 -0.00509699 0.168915
3.24 0.160859 -0.00482685 0.165686
3.25 0.157872 -0.00453389 0.162406
3.26 0.154847 -0.0042218 0.159069
3.27 0.151778 -0.00389009 0.155668
3.28 0.148657 -0.00354017 0.152197
3.29 0.145475 -0.00317437 0.148649
3.3 0.142224 -0.00279404 0.145018
3.31 0.138896 -0.0024006 0.141297
3.32 0.135483 -0.00199565 0.137479
3.33 0.131976 -0.00158196 0.133558
3.34 0.128368 -0.00116062 0.129529
3.35 0.124651 -0.00073405 0.125385
3.36 0.120818 -0.00030408 0.121122
3.37 0.11686 0.000124994 0.116735
3.38 0.112772 0.000552349 0.11222
3.39 0.108547 0.000974582 0.107572
3.4 0.104181 0.00139066 0.10279
3.41 0.0996698 0.00179868 0.0978711
3.42 0.0950083 0.00219511 0.0928132
3.43 0.0901937 0.00257796 0.0876157
3.44 0.0852234 0.00294466 0.0822787
3.45 0.0800959 0.00329289 0.076803
3.46 0.0748103 0.00362012 0.0711902
3.47 0.0693665 0.00392373 0.0654428
3.48 0.0637657 0.00420152 0.0595642
3.49 0.0580097 0.00445101 0.0535587
3.5 0.0521012 0.00466973 0.0474315
3.51 0.0460441 0.0048555 0.0411886
3.52 0.039841 0.00500398 0.034837
3.53 0.0334993 0.00511475 0.0283845
3.54 0.0270261 0.00518624 0.0218399
3.55 0.0204289 0.00521645 0.0152124
3.56 0.0137163 0.0052037 0.0085126
3.57 0.0068974 0.005146 0.0017514
3.58 -1.76028e-05 0.00504179 -0.00505939
3.59 -0.00701781 0.00488949 -0.0119073
3.6 -0.0140915 0.00468771 -0.0187792
3.61 -0.0212264 0.00443506 -0.0256615
3.62 -0.0284093 0.00413053 -0.0325398
3.63 -0.0356266 0.00377306 -0.0393997
3.64 -0.0428641 0.00336176 -0.0462259
3.65 -0.0501071 0.00289593 -0.053003
3.66 -0.0573403 0.00237519 -0.0597155
3.67 -0.0645476 0.00179978 -0.0663474
3.68 -0.0717133 0.0011694 -0.0728827
3.69 -0.0788214 0.000484005 -0.0793054
3.7 -0.0858556 -0.000256109 -0.0855995
3.71 -0.0927998 -0.00105075 -0.091749
3.72 -0.0996376 -0.00189925 -0.0977383
3.73 -0.106353 -0.00280107 -0.103552
3.74 -0.11293 -0.00375536 -0.109175
3.75 -0.119352 -0.00476023 -0.114592
3.76 -0.125605 -0.00581595 -0.119789
3.77 -0.131673 -0.00692019 -0.124753
3.78 -0.137541 -0.00807103 -0.12947
3.79 -0.143195 -0.00926686 -0.133928
3.8 -0.148622 -0.0105063 -0.138116
3.81 -0.153806 -0.0117842 -0.142022
3.82 -0.158735 -0.0130985 -0.145637
3.83 -0.1634 -0.0144492 -0.148951
3.84 -0.167789 -0.0158323 -0.151957
3.85 -0.171894 -0.017247 -0.154647
3.86 -0.175704 -0.0186882 -0.157016
3.87 -0.179214 -0.0201558 -0.159058
3.88 -0.182414 -0.0216436 -0.16077
3.89 -0.1853 -0.0231503 -0.16215
3.9 -0.187867 -0.0246723 -0.163195
3.91 -0.190111 -0.026206 -0.163905
3.92 -0.192029 -0.0277475 -0.164281
3.93 -0.193619 -0.0292928 -0.164326
3.94 -0.194882 -0.0308398 -0.164042
3.95 -0.195817 -0.0323829 -0.163434
3.96 -0.196421 -0.0339138 -0.162507
3.97 -0.196703 -0.0354349 -0.161268
3.98 -0.196665 -0.0369404 -0.159725
3.99 -0.196313 -0.0384275 -0.157885
4 -0.195653 -0.0398926 -0.15576
4.01 -0.194693 -0.0413327 -0.15336
4.02 -0.193439 -0.0427422 -0.150697
4.03 -0.191901 -0.0441185 -0.147782
4.04 -0.190088 -0.0454573 -0.144631
4.05 -0.188011 -0.0467554 -0.141256
4.06 -0.185681 -0.048009 -0.137672
4.07 -0.18311 -0.0492145 -0.133895
4.08 -0.18031 -0.050368 -0.129942
4.09 -0.177296 -0.051468 -0.125828
4.1 -0.174078 -0.0525075 -0.121571
4.11 -0.170672 -0.0534853 -0.117187
4.12 -0.167093 -0.054399 -0.112694
4.13 -0.163357 -0.0552468 -0.10811
4.14 -0.159479 -0.0560261 -0.103453
4.15 -0.155475 -0.0567351 -0.0987399
4.16 -0.151359 -0.0573702 -0.0939888
4.17 -0.147147 -0.0579298 -0.0892172
4.18 -0.142854 -0.0584116 -0.0844424
4.19 -0.138497 -0.0588156 -0.0796814
4.2 -0.13409 -0.0591394 -0.0749506
4.21 -0.129647 -0.0593806 -0.0702664
4.22 -0.125184 -0.0595398 -0.0656442
4.23 -0.120716 -0.059617 -0.061099
4.24 -0.116254 -0.0596086 -0.0566454
4.25 -0.111815 -0.0595182 -0.0522968
4.26 -0.10741 -0.0593439 -0.0480661
4.27 -0.103051 -0.0590857 -0.0439653
4.28 -0.0987499 -0.0587442 -0.0400057
4.29 -0.094518 -0.0583205 -0.0361975
4.3 -0.090365 -0.0578151 -0.0325499
4.31 -0.0863004 -0.0572291 -0.0290713
4.32 -0.0823327 -0.0565638 -0.0257689
4.33 -0.0784696 -0.0558206 -0.022649
4.34 -0.0747182 -0.0550014 -0.0197168
4.35 -0.0710845 -0.0541081 -0.0169764
4.36 -0.0675737 -0.0531428 -0.0144309
4.37 -0.0641902 -0.0521079 -0.0120823
4.38 -0.0609374 -0.0510058 -0.00993163
4.39 -0.057818 -0.0498393 -0.00797869
4.4 -0.0548361 -0.0486137 -0.00622236
4.41 -0.0519901 -0.0473296 -0.00466051
4.42 -0.0492801 -0.0459901 -0.00329001
4.43 -0.0467051 -0.0445983 -0.00210679
4.44 -0.0442636 -0.0431578 -0.00110585
4.45 -0.0419533 -0.041672 -0.000281339
4.46 -0.0397709 -0.0401443 0.000373428
4.47 -0.0377126 -0.0385785 0.000865911
4.48 -0.0357741 -0.0369784 0.00120429
4.49 -0.0339501 -0.0353475 0.00139742
4.5 -0.0322352 -0.0336899 0.00145473
4.51 -0.0306229 -0.0320091 0.00138624
4.52 -0.0291068 -0.0303092 0.0012024
4.53 -0.0276797 -0.0285938 0.000914105
4.54 -0.0263348 -0.0268674 0.000532568
4.55 -0.0250643 -0.0251336 6.92861e-05
4.56 -0.0238592 -0.0233952 -0.000464045
4.57 -0.0227115 -0.0216559 -0.0010556
4.58 -0.0216126 -0.0199191 -0.00169349
4.59 -0.0205542 -0.0181884 -0.00236583
4.6 -0.0195277 -0.0164669 -0.00306084
4.61 -0.0185248 -0.0147579 -0.00376687
4.62 -0.017537 -0.0130645 -0.00447248
4.63 -0.016556 -0.0113895 -0.00516653
4.64 -0.015574 -0.00973579 -0.00583821
4.65 -0.014583 -0.00810589 -0.00647711
4.66 -0.0135755 -0.0065022 -0.0070733
4.67 -0.0125445 -0.00492715 -0.00761735
4.68 -0.0114829 -0.0033825 -0.0081004
4.69 -0.010384 -0.0018698 -0.0085142
4.7 -0.00924187 -0.000390706 -0.00885116
4.71 -0.00805143 0.00105296 -0.00910439
4.72 -0.00680774 0.00245998 -0.00926772
4.73 -0.00550649 0.00382924 -0.00933573
4.74 -0.00414394 0.00515986 -0.0093038
4.75 -0.00271692 0.00645118 -0.0091681
4.76 -0.00122291 0.00770271 -0.00892562
4.77 0.000340002 0.00891419 -0.00857419
4.78 0.00197308 0.0100855 -0.00811246
4.79 0.00367695 0.0112169 -0.00753992
4.8 0.00545161 0.0123085 -0.00685688
4.81 0.0072964 0.0133609 -0.00606448
4.82 0.00921002 0.0143747 -0.00516466
4.83 0.0111907 0.0153508 -0.00416015
4.84 0.0132368 0.0162912 -0.00305442
4.85 0.015344 0.0171957 -0.00185171
4.86 0.0175087 0.0180656 -0.00055694
4.87 0.0197266 0.0189023 0.000824313
4.88 0.0219928 0.019707 0.00228583
4.89 0.0243022 0.0204814 0.00382082
4.9 0.026649 0.021227 0.00542196
4.91 0.029027 0.0219456 0.00708142
4.92 0.0314299 0.0226389 0.00879097
4.93 0.0338506 0.0233086 0.010542
4.94 0.036282 0.0239565 0.0123255
4.95 0.0387167 0.0245844 0.0141323
4.96 0.0411472 0.0251942 0.015953
4.97 0.0435655 0.0257874 0.0177781
4.98 0.0459635 0.0263657 0.0195978
4.99 0.0483329 0.0269303 0.0214026
5 0.050666 0.0274833 0.0231827
5.01 0.0529548 0.028026 0.0249288
5.02 0.0551912 0.0285599 0.0266313
5.03 0.0573674 0.0290862 0.0282812
5.04 0.0594759 0.0296063 0.0298696
5.05 0.0615091 0.0301212 0.0313879
5.06 0.0634598 0.0306318 0.032828
5.07 0.0653211 0.0311389 0.0341822
5.08 0.0670864 0.0316433 0.0354431
5.09 0.0687493 0.0321453 0.036604
5.1 0.0703041 0.0326453 0.0376588
5.11 0.0717452 0.0331433 0.0386019
5.12 0.0730678 0.0336394 0.0394284
5.13 0.0742652 0.0341313 0.0401339
5.14 0.0753351 0.0346202 0.0407149
5.15 0.0762743 0.0351058 0.0411685
5.16 0.0770799 0.0355873 0.0414926
5.17 0.0777497 0.0360639 0.0416858
5.18 0.0782817 0.0365344 0.0417473
5.19 0.0786748 0.0369975 0.0416773
5.2 0.0789284 0.0374518 0.0414766
5.21 0.0790425 0.0378957 0.0411468
5.22 0.0790176 0.0383274 0.0406902
5.23 0.0788549 0.038745 0.0401099
5.24 0.078556 0.0391465 0.0394095
5.25 0.0781232 0.0395296 0.0385936
5.26 0.0775593 0.0398922 0.0376671
5.27 0.0768671 0.0402314 0.0366357
5.28 0.0760494 0.0405436 0.0355058
5.29 0.0751122 0.0408281 0.0342841
5.3 0.0740603 0.0410823 0.032978
5.31 0.072899 0.0413037 0.0315953
5.32 0.0716339 0.0414898 0.0301441
5.33 0.0702711 0.041638 0.0286331
5.34 0.0688167 0.0417455 0.0270712
5.35 0.0672774 0.0418099 0.0254675
5.36 0.0656602 0.0418287 0.0238315
5.37 0.0639721 0.0417996 0.0221725
5.38 0.0622204 0.0417201 0.0205003
5.39 0.0604126 0.0415881 0.0188245
5.4 0.0585562 0.0414014 0.0171548
5.41 0.0566588 0.0411581 0.0155007
5.42 0.0547279 0.0408562 0.0138717
5.43 0.0527713 0.0404943 0.012277
5.44 0.050797 0.0400712 0.0107258
5.45 0.0488124 0.0395857 0.00922668
5.46 0.0468248 0.0390367 0.00778807
5.47 0.0448415 0.0384235 0.00641797
5.48 0.0428696 0.0377457 0.00512395
5.49 0.0409157 0.0370026 0.00391308
5.5 0.0389863 0.0361944 0.00279194
5.51 0.0370878 0.0353213 0.0017665
5.52 0.035226 0.0343838 0.00084219
5.53 0.0334065 0.0333827 2.37683e-05
5.54 0.0316344 0.032319 -0.000684638
5.55 0.0299146 0.0311942 -0.00127958
5.56 0.0282514 0.0300097 -0.00175832
5.57 0.0266499 0.0287687 -0.00211881
5.58 0.0251126 0.0274723 -0.00235974
5.59 0.0236426 0.0261231 -0.00248052
5.6 0.0222425 0.0247238 -0.00248131
5.61 0.0209143 0.0232773 -0.00236298
5.62 0.0196597 0.0217868 -0.00212714
5.63 0.0184799 0.020256 -0.00177611
5.64 0.0173756 0.0186885 -0.00131291
5.65 0.016347 0.0170882 -0.000741237
5.66 0.015394 0.0154595 -6.54585e-05
5.67 0.014516 0.0138066 0.000709429
5.68 0.0137118 0.012134 0.00157783
5.69 0.01298 0.0104464 0.00253356
5.7 0.0123188 0.00874887 0.00356993
5.71 0.0117262 0.00704647 0.00467973
5.72 0.0112 0.00534469 0.00585531
5.73 0.0107365 0.00364789 0.00708861
5.74 0.0103324 0.00196119 0.00837121
5.75 0.00998403 0.000289653 0.00969438
5.76 0.00968775 -0.00136138 0.0110491
5.77 0.00943952 -0.00298674 0.0124263
5.78 0.00923512 -0.0045813 0.0138164
5.79 0.00907019 -0.00613998 0.0152102
5.8 0.00894023 -0.00765779 0.016598
5.81 0.00884064 -0.00912983 0.0179705
5.82 0.00876674 -0.0105514 0.0193181
5.83 0.00871384 -0.0119179 0.0206317
5.84 0.0086772 -0.0132248 0.021902
5.85 0.00865213 -0.0144682 0.0231203
5.86 0.00863403 -0.0156438 0.0242778
5.87 0.00861816 -0.0167483 0.0253664
5.88 0.00860004 -0.0177781 0.0263781
5.89 0.00857537 -0.01873 0.0273054
5.9 0.00854001 -0.0196013 0.0281413
5.91 0.00849001 -0.0203894 0.0288794
5.92 0.00842164 -0.021092 0.0295136
5.93 0.00833139 -0.0217072 0.0300386
5.94 0.00821601 -0.0222336 0.0304496
5.95 0.00807254 -0.02267 0.0307425
5.96 0.00789828 -0.0230155 0.0309138
5.97 0.00769083 -0.0232699 0.0309607
5.98 0.00744814 -0.023433 0.0308811
5.99 0.00716844 -0.0235053 0.0306737
6 0.00685027 -0.0234875 0.0303378
6.01 0.00649189 -0.0233815 0.0298734
6.02 0.00609323 -0.0231881 0.0292813
6.03 0.00565391 -0.0229092 0.0285631
6.04 0.00517387 -0.022547 0.0277209
6.05 0.0046534 -0.0221043 0.0267577
6.06 0.00409309 -0.0215839 0.025677
6.07 0.00349389 -0.0209893 0.0244832
6.08 0.00285703 -0.020324 0.023181
6.09 0.00218405 -0.019592 0.021776
6.1 0.00147677 -0.0187976 0.0202744
6.11 0.000737286 -0.0179454 0.0186827
6.12 -3.20575e-05 -0.0170401 0.017008
6.13 -0.00082868 -0.0160868 0.0152581
6.14 -0.00164979 -0.0150907 0.0134409
6.15 -0.00249253 -0.0140574 0.0115648
6.16 -0.00335371 -0.0129925 0.00963874
6.17 -0.00422977 -0.0119014 0.00767165
6.18 -0.00511728 -0.0107901 0.00567285
6.19 -0.00601268 -0.00966451 0.00365183
6.2 -0.00691237 -0.00853057 0.0016182
6.21 -0.00781268 -0.00739436 -0.000418321
6.22 -0.0087099 -0.00626189 -0.00244801
6.23 -0.00960035 -0.00513919 -0.00446116
6.24 -0.0104804 -0.00403228 -0.00644812
6.25 -0.0113463 -0.00294689 -0.00839941
6.26 -0.0121947 -0.00188901 -0.0103057
6.27 -0.013022 -0.000864137 -0.0121579
6.28 -0.0138249 0.000122224 -0.0139471
6.29 -0.0146002 0.00106478 -0.015665
6.3 -0.0153444 0.00195893 -0.0173033
6.31 -0.016055 0.00279945 -0.0188545
6.32 -0.0167294 0.00358173 -0.0203111
6.33 -0.0173652 0.00430141 -0.0216666
6.34 -0.0179601 0.00495457 -0.0229147
6.35 -0.0185124 0.00553727 -0.0240497
6.36 -0.0190202 0.00604634 -0.0250665
6.37 -0.0194822 0.00647865 -0.0259608
6.38 -0.0198972 0.00683159 -0.0267288
6.39 -0.0202643 0.00710293 -0.0273672
6.4 -0.0205831 0.0072906 -0.0278737
6.41 -0.020853 0.00739342 -0.0282464
6.42 -0.0210743 0.00741001 -0.0284843
6.43 -0.0212472 0.00733977 -0.028587
6.44 -0.021372 0.00718271 -0.0285547
6.45 -0.0214491 0.00693943 -0.0283885
6.46 -0.0214804 0.00660972 -0.0280901
6.47 -0.0214672 0.00619464 -0.0276618
6.48 -0.0214113 0.00569541 -0.0271067
6.49 -0.0213145 0.00511388 -0.0264284
6.5 -0.0211789 0.00445224 -0.0256311
6.51 -0.0210069 0.00371295 -0.0247199
6.52 -0.020801 0.00289895 -0.0237
6.53 -0.0205639 0.0020135 -0.0225774
6.54 -0.0202985 0.00106018 -0.0213587
6.55 -0.0200079 4.2793e-05 -0.0200507
6.56 -0.019695 -0.0010342 -0.0186608
6.57 -0.0193632 -0.00216646 -0.0171967
6.58 -0.0190159 -0.00334933 -0.0156666
6.59 -0.0186561 -0.00457744 -0.0140787
6.6 -0.0182876 -0.00584599 -0.0124416
6.61 -0.0179137 -0.00714946 -0.0107642
6.62 -0.0175378 -0.0084823 -0.0090555
6.63 -0.0171634 -0.00983894 -0.00732446
6.64 -0.0167937 -0.0112135 -0.00558023
6.65 -0.0164319 -0.0126 -0.00383195
6.66 -0.0160812 -0.0139925 -0.00208868
6.67 -0.0157444 -0.015385 -0.000359426
6.68 -0.0154245 -0.0167715 0.00134698
6.69 -0.0151242 -0.0181461 0.00302187
6.7 -0.0148458 -0.0195026 0.00465681
6.71 -0.0145917 -0.0208353 0.00624364
6.72 -0.014364 -0.0221385 0.00777453
6.73 -0.0141646 -0.0234066 0.009242
6.74 -0.0139955 -0.0246344 0.0106389
6.75 -0.0138577 -0.0258164 0.0119587
6.76 -0.0137523 -0.0269474 0.0131951
6.77 -0.01368 -0.0280224 0.0143424
6.78 -0.0136414 -0.0290368 0.0153954
6.79 -0.0136368 -0.0299863 0.0163495
6.8 -0.013666 -0.0308667 0.0172007
6.81 -0.0137289 -0.0316742 0.0179453
6.82 -0.0138248 -0.0324053 0.0185805
6.83 -0.0139528 -0.0330568 0.019104
6.84 -0.0141119 -0.033626 0.0195141
6.85 -0.0143005 -0.0341102 0.0198097
6.86 -0.0145171 -0.0345076 0.0199905
6.87 -0.0147597 -0.0348162 0.0200565
6.88 -0.0150262 -0.0350347 0.0200085
6.89 -0.0153144 -0.0351624 0.019848
6.9 -0.0156213 -0.0351982 0.0195769
6.91 -0.0159442 -0.0351419 0.0191977
6.92 -0.0162801 -0.0349937 0.0187136
6.93 -0.0166257 -0.0347538 0.0181281
6.94 -0.0169779 -0.0344233 0.0174454
6.95 -0.0173333 -0.0340034 0.0166701
6.96 -0.0176883 -0.0334957 0.0158074
6.97 -0.0180394 -0.032902 0.0148626
6.98 -0.0183829 -0.0322245 0.0138416
6.99 -0.0187153 -0.031466 0.0127507
7 -0.0190327 -0.0306292 0.0115965
7.01 -0.0193316 -0.0297173 0.0103857
7.02 -0.0196084 -0.0287337 0.00912535
7.03 -0.0198592 -0.027682 0.00782275
7.04 -0.0200805 -0.0265658 0.00648528
7.05 -0.0202692 -0.0253897 0.00512046
7.06 -0.020422 -0.0241579 0.00373586
7.07 -0.0205359 -0.022875 0.00233908
7.08 -0.0206079 -0.0215456 0.000937735
7.09 -0.0206355 -0.0201748 -0.000460653
7.1 -0.020616 -0.0187674 -0.00184864
7.11 -0.0205472 -0.0173283 -0.00321892
7.12 -0.0204271 -0.0158627 -0.00456436
7.13 -0.0202539 -0.0143759 -0.00587805
7.14 -0.0200261 -0.0128728 -0.00715331
7.15 -0.0197426 -0.0113588 -0.00838377
7.16 -0.0194022 -0.00983887 -0.00956333
7.17 -0.0190045 -0.00831822 -0.0106863
7.18 -0.0185481 -0.00680085 -0.0117473
7.19 -0.0180339 -0.00529262 -0.0127413
7.2 -0.0174624 -0.00379856 -0.0136638
7.21 -0.0168342 -0.00232339 -0.0145108
7.22 -0.0161502 -0.000871649 -0.0152786
7.23 -0.0154117 0.000552197 -0.0159639
7.24 -0.0146203 0.00194386 -0.0165642
7.25 -0.0137778 0.00329934 -0.0170771
7.26 -0.0128864 0.00461476 -0.0175012
7.27 -0.0119485 0.00588652 -0.017835
7.28 -0.010967 0.00711104 -0.018078
7.29 -0.00994462 0.00828541 -0.01823
7.3 -0.00888474 0.00940659 -0.0182913
7.31 -0.00779077 0.010472 -0.0182627
7.32 -0.0066662 0.0114793 -0.0181455
7.33 -0.00551485 0.0124266 -0.0179414
7.34 -0.00434111 0.0133116 -0.0176527
7.35 -0.00314916 0.0141327 -0.0172819
7.36 -0.00194331 0.0148888 -0.0168322
7.37 -0.000727968 0.0155789 -0.0163069
7.38 0.000492366 0.0162022 -0.0157098
7.39 0.00171314 0.0167583 -0.0150452
7.4 0.00292977 0.0172471 -0.0143174
7.41 0.00413765 0.0176688 -0.0135312
7.42 0.00533222 0.0180238 -0.0126916
7.43 0.00650894 0.0183127 -0.0118037
7.44 0.00766332 0.0185364 -0.0108731
7.45 0.00879099 0.0186962 -0.00990519
7.46 0.00988768 0.0187934 -0.00890573
7.47 0.0109487 0.0188292 -0.00788047
7.48 0.0119703 0.0188055 -0.00683522
7.49 0.012949 0.0187248 -0.00577584
7.5 0.013881 0.0185892 -0.00470815
7.51 0.014763 0.0184009 -0.00363795
7.52 0.015592 0.0181629 -0.00257094
7.53 0.0163651 0.0178778 -0.00151272
7.54 0.0170796 0.0175484 -0.000468754
7.55 0.0177333 0.0171776 0.000555664
7.56 0.0183242 0.0167688 0.00155544
7.57 0.0188506 0.0163249 0.00252569
7.58 0.0193111 0.0158493 0.0034618
7.59 0.0197048 0.0153454 0.00435941
7.6 0.0200308 0.0148164 0.00521444
7.61 0.0202887 0.0142655 0.00602315
7.62 0.0204775 0.0136954 0.00678211
7.63 0.0205986 0.0131104 0.00748823
7.64 0.0206527 0.0125139 0.00813877
7.65 0.0206408 0.0119094 0.00873137
7.66 0.0205643 0.0113003 0.00926404
7.67 0.0204247 0.0106895 0.00973515
7.68 0.020224 0.0100805 0.0101435
7.69 0.0199646 0.00947642 0.0104882
7.7 0.0196489 0.00888013 0.0107688
7.71 0.0192798 0.00829463 0.0109852
7.72 0.0188604 0.00772274 0.0111377
7.73 0.0183939 0.007167 0.0112269
7.74 0.0178839 0.00663002 0.0112539
7.75 0.0173342 0.00611424 0.01122
7.76 0.0167483 0.00562148 0.0111268
7.77 0.0161306 0.00515415 0.0109765
7.78 0.0154855 0.00471435 0.0107711
7.79 0.0148173 0.00430382 0.0105135
7.8 0.0141306 0.00392432 0.0102063
7.81 0.0134297 0.00357708 0.00985262
7.82 0.0127193 0.00326352 0.00945578
7.83 0.0120038 0.00298457 0.00901923
7.84 0.0112877 0.00274107 0.00854663
7.85 0.0105755 0.00253376 0.00804174
7.86 0.00987166 0.00236317 0.00750849
7.87 0.00918046 0.00222961 0.00695085
7.88 0.00850612 0.00213322 0.0063729
7.89 0.0078527 0.00207397 0.00577873
7.9 0.00722411 0.00205166 0.00517245
7.91 0.00662457 0.00206641 0.00455816
7.92 0.00605732 0.00211738 0.00393994
7.93 0.00552556 0.00220379 0.00332177
7.94 0.00503232 0.00232475 0.00270757
7.95 0.0045804 0.00247923 0.00210117
7.96 0.00417228 0.00266606 0.00150622
7.97 0.00381019 0.00288392 0.000926266
7.98 0.00349604 0.00313138 0.000364658
7.99 0.00323142 0.00340685 -0.000175435
8 0.00301762 0.00370867 -0.000691049
