# Generated on Sun Sep  5 13:49:21 2021 by yr2369.
# This file was created by PDFgui.
#S 1
#L r  Gtrunc  Gdiff  Gcalc
1.79 -0.175439 -0.0510473 -0.124392
1.8 -0.178969 -0.0447904 -0.134179
1.81 -0.182819 -0.0387083 -0.144111
1.82 -0.186974 -0.0328173 -0.154157
1.83 -0.191416 -0.0271319 -0.164284
1.84 -0.196122 -0.0216631 -0.174459
1.85 -0.20107 -0.0164241 -0.184646
1.86 -0.206234 -0.0114248 -0.194809
1.87 -0.211587 -0.00667521 -0.204912
1.88 -0.217099 -0.00218297 -0.214916
1.89 -0.222738 0.00204572 -0.224784
1.9 -0.228471 0.00600523 -0.234476
1.91 -0.234264 0.00969066 -0.243955
1.92 -0.240079 0.013101 -0.25318
1.93 -0.245878 0.0162354 -0.262113
1.94 -0.251623 0.0190932 -0.270716
1.95 -0.257274 0.021676 -0.27895
1.96 -0.262792 0.0239852 -0.286777
1.97 -0.268136 0.0260249 -0.294161
1.98 -0.273265 0.0277998 -0.301065
1.99 -0.278139 0.0293151 -0.307454
2 -0.282718 0.0305769 -0.313295
2.01 -0.286961 0.0315939 -0.318555
2.02 -0.290829 0.0323742 -0.323203
2.03 -0.294284 0.0329267 -0.327211
2.04 -0.297288 0.033262 -0.33055
2.05 -0.299803 0.0333927 -0.333196
2.06 -0.301788 0.0333366 -0.335125
2.07 -0.303216 0.0330995 -0.336316
2.08 -0.304057 0.0326927 -0.33675
2.09 -0.304282 0.0321288 -0.336411
2.1 -0.303863 0.0314221 -0.335285
2.11 -0.302776 0.0305851 -0.333361
2.12 -0.300999 0.0296314 -0.33063
2.13 -0.298512 0.0285751 -0.327087
2.14 -0.295299 0.0274291 -0.322728
2.15 -0.291346 0.0262071 -0.317553
2.16 -0.286642 0.0249226 -0.311565
2.17 -0.281179 0.023589 -0.304768
2.18 -0.274953 0.0222185 -0.297172
2.19 -0.267962 0.0208242 -0.288786
2.2 -0.260201 0.0194249 -0.279626
2.21 -0.251675 0.0180321 -0.269707
2.22 -0.2424 0.0166493 -0.259049
2.23 -0.232386 0.0152884 -0.247674
2.24 -0.22165 0.0139569 -0.235607
2.25 -0.210208 0.0126659 -0.222874
2.26 -0.198082 0.0114228 -0.209505
2.27 -0.185297 0.0102343 -0.195531
2.28 -0.171878 0.00910943 -0.180987
2.29 -0.157856 0.00805304 -0.165909
2.3 -0.143264 0.00707004 -0.150334
2.31 -0.128136 0.00616604 -0.134302
2.32 -0.112511 0.0053433 -0.117854
2.33 -0.0964268 0.00460674 -0.101034
2.34 -0.0799269 0.00395685 -0.0838838
2.35 -0.0630495 0.00340056 -0.0664501
2.36 -0.0458463 0.00293224 -0.0487785
2.37 -0.0283655 0.00255053 -0.030916
2.38 -0.0106554 0.00225454 -0.0129099
2.39 0.00723415 0.00204225 0.0051919
2.4 0.0252528 0.00191135 0.0233415
2.41 0.0433493 0.00185863 0.0414907
2.42 0.061472 0.00188036 0.0595916
2.43 0.0795692 0.00197236 0.0775968
2.44 0.0975889 0.00212967 0.0954592
2.45 0.11548 0.0023475 0.113133
2.46 0.13319 0.00261876 0.130571
2.47 0.15067 0.00293891 0.147731
2.48 0.16787 0.00330108 0.164569
2.49 0.18474 0.00369703 0.181043
2.5 0.201227 0.00411395 0.197113
2.51 0.217292 0.00455136 0.212741
2.52 0.232891 0.00500195 0.227889
2.53 0.247981 0.00545744 0.242524
2.54 0.262523 0.0059115 0.256612
2.55 0.276479 0.0063566 0.270122
2.56 0.289815 0.00678692 0.283028
2.57 0.302498 0.00719528 0.295303
2.58 0.314499 0.00757603 0.306923
2.59 0.325789 0.00792103 0.317868
2.6 0.336345 0.00822555 0.328119
2.61 0.346146 0.00848425 0.337662
2.62 0.355174 0.00869215 0.346482
2.63 0.363413 0.0088436 0.354569
2.64 0.370843 0.00892628 0.361917
2.65 0.377457 0.00893824 0.368519
2.66 0.383257 0.00888385 0.374373
2.67 0.388239 0.00875888 0.37948
2.68 0.392405 0.00856255 0.383842
2.69 0.395759 0.00829352 0.387465
2.7 0.398306 0.00794903 0.390357
2.71 0.400058 0.00753092 0.392527
2.72 0.401027 0.00703876 0.393988
2.73 0.401228 0.00647288 0.394755
2.74 0.40068 0.00583555 0.394844
2.75 0.399403 0.00512804 0.394275
2.76 0.397421 0.00435372 0.393067
2.77 0.394758 0.00351427 0.391244
2.78 0.391443 0.00261474 0.388828
2.79 0.387493 0.00164669 0.385846
2.8 0.382953 0.000628378 0.382325
2.81 0.377855 -0.000436121 0.378291
2.82 0.372233 -0.00154177 0.373775
2.83 0.366124 -0.00268139 0.368805
2.84 0.359563 -0.00385053 0.363414
2.85 0.352588 -0.00504232 0.35763
2.86 0.345236 -0.00625126 0.351487
2.87 0.337548 -0.00746813 0.345016
2.88 0.32956 -0.00868879 0.338249
2.89 0.321313 -0.00990404 0.331217
2.9 0.312843 -0.0111095 0.323952
2.91 0.304191 -0.0122954 0.316486
2.92 0.295393 -0.0134565 0.308849
2.93 0.286485 -0.0145869 0.301072
2.94 0.277506 -0.015677 0.293183
2.95 0.26849 -0.0167212 0.285211
2.96 0.259472 -0.0177122 0.277184
2.97 0.250483 -0.0186451 0.269128
2.98 0.241556 -0.0195123 0.261068
2.99 0.232719 -0.0203095 0.253028
3 0.223999 -0.0210322 0.245031
3.01 0.215423 -0.0216744 0.237097
3.02 0.207013 -0.0222336 0.229247
3.03 0.198792 -0.0227046 0.221497
3.04 0.190779 -0.0230848 0.213864
3.05 0.182991 -0.0233717 0.206363
3.06 0.175444 -0.0235622 0.199006
3.07 0.168149 -0.0236565 0.191806
3.08 0.161123 -0.023647 0.18477
3.09 0.15437 -0.0235376 0.177908
3.1 0.147896 -0.0233281 0.171224
3.11 0.141704 -0.0230201 0.164724
3.12 0.135795 -0.0226152 0.15841
3.13 0.130169 -0.0221146 0.152284
3.14 0.124824 -0.0215197 0.146344
3.15 0.119753 -0.0208358 0.140589
3.16 0.114952 -0.0200634 0.135015
3.17 0.11041 -0.0192089 0.129619
3.18 0.106118 -0.0182752 0.124393
3.19 0.102064 -0.0172671 0.119331
3.2 0.0982343 -0.0161901 0.114424
3.21 0.0946134 -0.0150504 0.109664
3.22 0.0911858 -0.0138532 0.105039
3.23 0.0879364 -0.0126028 0.100539
3.24 0.0848434 -0.0113092 0.0961526
3.25 0.0818878 -0.00997924 0.091867
3.26 0.0790495 -0.00862023 0.0876697
3.27 0.076308 -0.00723962 0.0835476
3.28 0.0736426 -0.00584481 0.0794874
3.29 0.0710321 -0.00444358 0.0754757
3.3 0.0684553 -0.00304367 0.071499
3.31 0.0658912 -0.00165273 0.0675439
3.32 0.063319 -0.000278423 0.0635974
3.33 0.060718 0.00107138 0.0596466
3.34 0.0580683 0.00238921 0.0556791
3.35 0.0553505 0.00366756 0.0516829
3.36 0.0525461 0.00489924 0.0476469
3.37 0.0496364 0.00607617 0.0435602
3.38 0.0466041 0.00719089 0.0394132
3.39 0.0434348 0.00823799 0.0351968
3.4 0.0401142 0.00921124 0.030903
3.41 0.0366294 0.0101048 0.0265246
3.42 0.0329691 0.0109135 0.0220556
3.43 0.0291232 0.0116322 0.017491
3.44 0.0250833 0.0122562 0.0128271
3.45 0.0208425 0.0127814 0.0080611
3.46 0.0163958 0.0132043 0.00319151
3.47 0.0117395 0.0135215 -0.00178195
3.48 0.00687203 0.0137304 -0.00685838
3.49 0.00179317 0.0138288 -0.0120356
3.5 -0.0034954 0.013815 -0.0173104
3.51 -0.00899032 0.0136879 -0.0226782
3.52 -0.0146895 0.0134438 -0.0281333
3.53 -0.0205836 0.0130854 -0.033669
3.54 -0.0266637 0.0126136 -0.0392773
3.55 -0.0329197 0.0120295 -0.0449492
3.56 -0.0393402 0.0113348 -0.050675
3.57 -0.0459123 0.0105313 -0.0564436
3.58 -0.0526219 0.00962135 -0.0622432
3.59 -0.0594534 0.00860808 -0.0680615
3.6 -0.0663901 0.00749486 -0.073885
3.61 -0.0734143 0.00628543 -0.0796997
3.62 -0.0805072 0.00498407 -0.0854913
3.63 -0.0876494 0.00359519 -0.0912446
3.64 -0.0948205 0.00212378 -0.0969443
3.65 -0.102 0.000574648 -0.102575
3.66 -0.109165 -0.00104522 -0.10812
3.67 -0.116294 -0.00273036 -0.113564
3.68 -0.123365 -0.0044748 -0.11889
3.69 -0.130355 -0.00627153 -0.124083
3.7 -0.137243 -0.00811534 -0.129128
3.71 -0.144006 -0.00999877 -0.134007
3.72 -0.150623 -0.011916 -0.138707
3.73 -0.157071 -0.0138588 -0.143212
3.74 -0.16333 -0.0158214 -0.147509
3.75 -0.169381 -0.0177983 -0.151583
3.76 -0.175202 -0.0197805 -0.155422
3.77 -0.180775 -0.0217621 -0.159013
3.78 -0.186083 -0.0237374 -0.162346
3.79 -0.191109 -0.0256999 -0.165409
3.8 -0.195836 -0.0276419 -0.168194
3.81 -0.200247 -0.0295549 -0.170692
3.82 -0.204329 -0.0314331 -0.172896
3.83 -0.208073 -0.033274 -0.174799
3.84 -0.211468 -0.0350716 -0.176396
3.85 -0.214505 -0.0368207 -0.177684
3.86 -0.217176 -0.0385163 -0.17866
3.87 -0.219475 -0.0401537 -0.179321
3.88 -0.221398 -0.0417294 -0.179669
3.89 -0.222942 -0.0432394 -0.179703
3.9 -0.224105 -0.0446796 -0.179425
3.91 -0.224887 -0.0460468 -0.17884
3.92 -0.22529 -0.0473385 -0.177952
3.93 -0.225316 -0.0485511 -0.176765
3.94 -0.224971 -0.0496839 -0.175287
3.95 -0.22426 -0.050734 -0.173526
3.96 -0.223185 -0.0516947 -0.17149
3.97 -0.22176 -0.0525702 -0.16919
3.98 -0.219995 -0.0533597 -0.166635
3.99 -0.217903 -0.0540647 -0.163838
4 -0.215494 -0.0546828 -0.160811
4.01 -0.212783 -0.0552159 -0.157567
4.02 -0.209784 -0.0556642 -0.15412
4.03 -0.206511 -0.0560275 -0.150483
4.04 -0.202982 -0.0563089 -0.146673
4.05 -0.199212 -0.0565082 -0.142704
4.06 -0.195219 -0.0566278 -0.138591
4.07 -0.19102 -0.056669 -0.134351
4.08 -0.186634 -0.0566346 -0.129999
4.09 -0.182079 -0.0565268 -0.125552
4.1 -0.177373 -0.0563474 -0.121026
4.11 -0.172533 -0.0560975 -0.116436
4.12 -0.167581 -0.0557833 -0.111798
4.13 -0.162534 -0.0554063 -0.107128
4.14 -0.157411 -0.0549702 -0.102441
4.15 -0.15223 -0.0544783 -0.0977517
4.16 -0.147008 -0.0539332 -0.0930748
4.17 -0.141762 -0.0533382 -0.0884238
4.18 -0.136509 -0.0526971 -0.0838119
4.19 -0.131263 -0.0520113 -0.0792517
4.2 -0.126041 -0.0512861 -0.0747549
4.21 -0.120855 -0.0505225 -0.0703325
4.22 -0.11572 -0.0497252 -0.0659948
4.23 -0.110648 -0.0488969 -0.0617511
4.24 -0.105649 -0.0480392 -0.0576098
4.25 -0.100737 -0.0471584 -0.0535786
4.26 -0.095919 -0.046255 -0.049664
4.27 -0.0912036 -0.0453319 -0.0458717
4.28 -0.0865977 -0.0443913 -0.0422064
4.29 -0.0821073 -0.0434353 -0.038672
4.3 -0.0777376 -0.0424665 -0.0352711
4.31 -0.0734923 -0.0414867 -0.0320056
4.32 -0.0693742 -0.0404977 -0.0288765
4.33 -0.0653852 -0.0395014 -0.0258838
4.34 -0.0615257 -0.0384992 -0.0230265
4.35 -0.0577956 -0.0374925 -0.0203031
4.36 -0.0541936 -0.0364827 -0.0177109
4.37 -0.0507175 -0.0354709 -0.0152466
4.38 -0.0473641 -0.0344579 -0.0129062
4.39 -0.0441297 -0.0334447 -0.010685
4.4 -0.0410113 -0.0324336 -0.00857771
4.41 -0.0380016 -0.0314232 -0.00657841
4.42 -0.0350943 -0.0304136 -0.00468071
4.43 -0.0322829 -0.0294051 -0.00287781
4.44 -0.0295603 -0.0283978 -0.00116251
4.45 -0.0269188 -0.0273915 0.000472674
4.46 -0.0243508 -0.0263863 0.00203547
4.47 -0.0218479 -0.0253817 0.00353376
4.48 -0.019402 -0.0243775 0.00497554
4.49 -0.0170045 -0.0233733 0.0063688
4.5 -0.014647 -0.0223685 0.00772152
4.51 -0.0123211 -0.0213626 0.00904154
4.52 -0.0100186 -0.0203551 0.0103365
4.53 -0.00773119 -0.0193451 0.0116139
4.54 -0.0054512 -0.018332 0.0128808
4.55 -0.00317093 -0.017315 0.014144
4.56 -0.000883237 -0.0162931 0.0154098
4.57 0.00141847 -0.0152656 0.0166841
4.58 0.00374026 -0.0142319 0.0179722
4.59 0.00608761 -0.0131913 0.0192789
4.6 0.00846539 -0.0121429 0.0206083
4.61 0.0108778 -0.0110862 0.021964
4.62 0.0133283 -0.0100205 0.0233488
4.63 0.0158197 -0.0089452 0.0247649
4.64 0.0183539 -0.00785981 0.0262137
4.65 0.0209323 -0.00676364 0.0276959
4.66 0.0235551 -0.00565646 0.0292116
4.67 0.026222 -0.00453778 0.0307598
4.68 0.0289319 -0.00340719 0.0323391
4.69 0.0316832 -0.00226404 0.0339472
4.7 0.0344727 -0.00110856 0.0355813
4.71 0.0372966 5.91114e-05 0.0372375
4.72 0.0401506 0.00123903 0.0389116
4.73 0.0430296 0.00243108 0.0405985
4.74 0.0459278 0.00363508 0.0422927
4.75 0.0488389 0.00485088 0.043988
4.76 0.0517558 0.0060781 0.0456777
4.77 0.0546709 0.00731632 0.0473546
4.78 0.0575761 0.00856507 0.049011
4.79 0.060463 0.00982392 0.0506391
4.8 0.0633225 0.0110921 0.0522304
4.81 0.0661454 0.012369 0.0537764
4.82 0.0689222 0.0136538 0.0552684
4.83 0.0716429 0.0149454 0.0566975
4.84 0.0742967 0.0162421 0.0580546
4.85 0.0768743 0.0175433 0.059331
4.86 0.079366 0.0188484 0.0605176
4.87 0.0817618 0.0201559 0.0616059
4.88 0.0840521 0.0214649 0.0625872
4.89 0.0862273 0.022774 0.0634533
4.9 0.0882784 0.0240821 0.0641963
4.91 0.0901963 0.0253875 0.0648088
4.92 0.0919728 0.0266891 0.0652837
4.93 0.0935998 0.0279853 0.0656145
4.94 0.09507 0.0292746 0.0657954
4.95 0.0963765 0.0305555 0.065821
4.96 0.0975131 0.0318263 0.0656868
4.97 0.0984744 0.0330855 0.0653889
4.98 0.0992539 0.0343295 0.0649244
4.99 0.0998475 0.0355567 0.0642908
5 0.100254 0.0367671 0.0634869
5.01 0.10047 0.0379578 0.0625122
5.02 0.100496 0.0391292 0.0613668
5.03 0.10033 0.0402778 0.0600522
5.04 0.0999721 0.0414016 0.0585705
5.05 0.0994244 0.0424995 0.0569249
5.06 0.0986886 0.0435693 0.0551193
5.07 0.0977677 0.044609 0.0531587
5.08 0.0966656 0.0456166 0.051049
5.09 0.095387 0.0465901 0.0487969
5.1 0.0939374 0.0475274 0.04641
5.11 0.0923232 0.0484265 0.0438967
5.12 0.0905515 0.0492853 0.0412662
5.13 0.0886279 0.0500993 0.0385286
5.14 0.0865633 0.050869 0.0356943
5.15 0.0843672 0.0515923 0.0327749
5.16 0.0820494 0.0522672 0.0297822
5.17 0.0796205 0.0528918 0.0267287
5.18 0.0770911 0.0534638 0.0236273
5.19 0.0744726 0.0539812 0.0204914
5.2 0.0717767 0.054442 0.0173347
5.21 0.0690152 0.054844 0.0141712
5.22 0.0662002 0.0551852 0.011015
5.23 0.0633442 0.0554637 0.00788048
5.24 0.0604593 0.0556774 0.00478185
5.25 0.0575581 0.0558247 0.00173345
5.26 0.0546529 0.0559035 -0.00125056
5.27 0.0517559 0.0559121 -0.00415622
5.28 0.0488795 0.0558493 -0.00696982
5.29 0.0460355 0.0557135 -0.00967802
5.3 0.0432351 0.055503 -0.0122679
5.31 0.0404893 0.0552164 -0.0147271
5.32 0.0378086 0.0548524 -0.0170438
5.33 0.035203 0.0544097 -0.0192067
5.34 0.0326818 0.0538872 -0.0212054
5.35 0.0302539 0.0532842 -0.0230303
5.36 0.0279272 0.0525996 -0.0246724
5.37 0.0257092 0.051833 -0.0261238
5.38 0.0236064 0.0509838 -0.0273774
5.39 0.0216246 0.0500517 -0.0284271
5.4 0.0197688 0.0490368 -0.029268
5.41 0.0180432 0.0479393 -0.0298961
5.42 0.0164524 0.0467608 -0.0303084
5.43 0.0149985 0.0455016 -0.0305031
5.44 0.0136818 0.0441614 -0.0304796
5.45 0.0125028 0.0427411 -0.0302383
5.46 0.0114614 0.0412422 -0.0297808
5.47 0.0105562 0.039666 -0.0291098
5.48 0.00978516 0.0380142 -0.028229
5.49 0.00914539 0.0362889 -0.0271436
5.5 0.00863313 0.0344924 -0.0258593
5.51 0.00824387 0.0326272 -0.0243834
5.52 0.00797233 0.0306961 -0.0227238
5.53 0.00781255 0.0287022 -0.0208897
5.54 0.00775786 0.0266489 -0.018891
5.55 0.00780101 0.0245396 -0.0167386
5.56 0.00793416 0.0223784 -0.0144442
5.57 0.00815024 0.0201705 -0.0120203
5.58 0.00843888 0.0179189 -0.00947998
5.59 0.00879081 0.0156279 -0.00683708
5.6 0.0091965 0.0133024 -0.00410593
5.61 0.00964615 0.0109475 -0.00130138
5.62 0.0101298 0.00856844 0.00156136
5.63 0.0106373 0.00617057 0.00446673
5.64 0.0111584 0.00375946 0.00739894
5.65 0.0116832 0.00134114 0.0103421
5.66 0.0122013 -0.00107878 0.0132801
5.67 0.012703 -0.00349402 0.016197
5.68 0.0131785 -0.0058985 0.019077
5.69 0.0136183 -0.00828604 0.0219043
5.7 0.0140134 -0.0106502 0.0246636
5.71 0.0143546 -0.0129852 0.0273398
5.72 0.0146332 -0.0152852 0.0299184
5.73 0.014842 -0.0175432 0.0323852
5.74 0.0149739 -0.0197528 0.0347267
5.75 0.0150225 -0.0219077 0.0369302
5.76 0.0149817 -0.0240019 0.0389836
5.77 0.0148466 -0.0260291 0.0408757
5.78 0.0146124 -0.0279837 0.0425961
5.79 0.0142757 -0.0298595 0.0441352
5.8 0.0138334 -0.0316513 0.0454847
5.81 0.0132834 -0.0333537 0.0466371
5.82 0.0126245 -0.0349615 0.047586
5.83 0.0118561 -0.0364699 0.048326
5.84 0.0109785 -0.0378745 0.048853
5.85 0.00999294 -0.039171 0.0491639
5.86 0.00890004 -0.0403569 0.049257
5.87 0.00770344 -0.0414279 0.0491314
5.88 0.00640732 -0.0423803 0.0487876
5.89 0.00501604 -0.0432112 0.0482273
5.9 0.00353469 -0.0439185 0.0474532
5.91 0.00196905 -0.0445002 0.0464693
5.92 0.000325568 -0.044955 0.0452806
5.93 -0.0013887 -0.045282 0.0438933
5.94 -0.00316611 -0.0454806 0.0423145
5.95 -0.00499852 -0.0455509 0.0405524
5.96 -0.00687729 -0.0454935 0.0386162
5.97 -0.00879337 -0.0453093 0.0365159
5.98 -0.0107374 -0.0449999 0.0342625
5.99 -0.0126996 -0.0445672 0.0318676
6 -0.0146701 -0.0440139 0.0293438
6.01 -0.0166386 -0.0433427 0.0267041
6.02 -0.0185947 -0.0425568 0.0239621
6.03 -0.0205282 -0.0416603 0.0211321
6.04 -0.0224288 -0.0406575 0.0182287
6.05 -0.0242866 -0.0395534 0.0152668
6.06 -0.0260914 -0.038353 0.0122616
6.07 -0.0278336 -0.0370621 0.00922852
6.08 -0.0295039 -0.035687 0.00618308
6.09 -0.0310931 -0.0342339 0.00314076
6.1 -0.0325926 -0.0327096 0.000116955
6.11 -0.0339941 -0.031121 -0.00287307
6.12 -0.0352901 -0.0294758 -0.0058143
6.13 -0.0364734 -0.0277813 -0.00869206
6.14 -0.0375376 -0.0260455 -0.0114921
6.15 -0.0384759 -0.0242753 -0.0142006
6.16 -0.0392826 -0.0224783 -0.0168043
6.17 -0.0399547 -0.020664 -0.0192907
6.18 -0.0404887 -0.0188409 -0.0216478
6.19 -0.0408819 -0.0170173 -0.0238646
6.2 -0.0411321 -0.0152015 -0.0259306
6.21 -0.0412384 -0.013402 -0.0278364
6.22 -0.0412003 -0.0116268 -0.0295735
6.23 -0.0410185 -0.00988412 -0.0311344
6.24 -0.0406943 -0.00818191 -0.0325124
6.25 -0.0402299 -0.00652787 -0.033702
6.26 -0.0396283 -0.00492948 -0.0346988
6.27 -0.0388934 -0.00339403 -0.0354994
6.28 -0.0380297 -0.00192832 -0.0361014
6.29 -0.0370426 -0.000538957 -0.0365036
6.3 -0.0359367 0.000769371 -0.0367061
6.31 -0.03472 0.00198966 -0.0367097
6.32 -0.0334006 0.00311589 -0.0365165
6.33 -0.0319864 0.00414331 -0.0361297
6.34 -0.0304862 0.00506733 -0.0355535
6.35 -0.0289089 0.00588425 -0.0347932
6.36 -0.0272643 0.00659048 -0.0338548
6.37 -0.0255621 0.00718346 -0.0327456
6.38 -0.0238127 0.00766081 -0.0314735
6.39 -0.0220267 0.00802082 -0.0300475
6.4 -0.0202147 0.00826257 -0.0284773
6.41 -0.0183877 0.00838547 -0.0267732
6.42 -0.0165567 0.00838958 -0.0249463
6.43 -0.0147325 0.00827581 -0.0230083
6.44 -0.0129263 0.00804516 -0.0209715
6.45 -0.0111492 0.00769921 -0.0188484
6.46 -0.00941178 0.00724047 -0.0166523
6.47 -0.00772419 0.00667216 -0.0143964
6.48 -0.00609645 0.00599789 -0.0120943
6.49 -0.00453815 0.00522183 -0.00975998
6.5 -0.00305846 0.00434868 -0.00740714
6.51 -0.00166604 0.00338363 -0.00504967
6.52 -0.00036898 0.00233235 -0.00270133
6.53 0.000825209 0.00120097 -0.000375757
6.54 0.00190967 -4.01005e-06 0.00191368
6.55 0.00287825 -0.00127566 0.00415391
6.56 0.00372549 -0.00260674 0.00633223
6.57 0.00444673 -0.00398967 0.0084364
6.58 0.00503808 -0.00541663 0.0104547
6.59 0.00549513 -0.00688089 0.012376
6.6 0.00581579 -0.00837402 0.0141898
6.61 0.00599985 -0.00988645 0.0158863
6.62 0.00604682 -0.0114096 0.0174564
6.63 0.00595709 -0.0129349 0.0188919
6.64 0.00573188 -0.0144536 0.0201854
6.65 0.00537329 -0.0159571 0.0213304
6.66 0.00488424 -0.0174369 0.0223211
6.67 0.00426849 -0.0188845 0.0231529
6.68 0.0035306 -0.0202916 0.0238222
6.69 0.00267589 -0.0216501 0.024326
6.7 0.00171043 -0.0229522 0.0246626
6.71 0.000641 -0.0241903 0.0248313
6.72 -0.000524943 -0.0253571 0.0248321
6.73 -0.00177933 -0.0264457 0.0246664
6.74 -0.00311469 -0.0274508 0.0243361
6.75 -0.00452043 -0.0283648 0.0238444
6.76 -0.00598677 -0.0291819 0.0231952
6.77 -0.00750362 -0.0298971 0.0223934
6.78 -0.00906056 -0.0305054 0.0214449
6.79 -0.0106469 -0.0310029 0.020356
6.8 -0.0122516 -0.0313859 0.0191343
6.81 -0.0138637 -0.0316514 0.0177877
6.82 -0.015472 -0.031797 0.016325
6.83 -0.0170652 -0.0318208 0.0147556
6.84 -0.0186322 -0.0317217 0.0130895
6.85 -0.0201618 -0.0314988 0.011337
6.86 -0.0216433 -0.0311523 0.00950904
6.87 -0.0230659 -0.0306828 0.00761693
6.88 -0.0244189 -0.0300911 0.0056722
6.89 -0.0256914 -0.0293781 0.00368669
6.9 -0.0268748 -0.0285471 0.00167235
6.91 -0.02796 -0.0276013 -0.000358726
6.92 -0.0289384 -0.026544 -0.00239443
6.93 -0.0298021 -0.0253794 -0.0044227
6.94 -0.0305438 -0.0241122 -0.00643159
6.95 -0.0311568 -0.0227475 -0.00840932
6.96 -0.0316353 -0.0212909 -0.0103444
6.97 -0.031974 -0.0197485 -0.0122255
6.98 -0.0321685 -0.0181266 -0.0140419
6.99 -0.0322152 -0.0164321 -0.0157831
7 -0.0321115 -0.0146722 -0.0174393
7.01 -0.0318553 -0.0128542 -0.0190011
7.02 -0.0314455 -0.0109859 -0.0204596
7.03 -0.0308803 -0.0090734 -0.0218069
7.04 -0.0301611 -0.00712569 -0.0230354
7.05 -0.0292904 -0.00515195 -0.0241385
7.06 -0.0282708 -0.00316072 -0.0251101
7.07 -0.0271055 -0.00116036 -0.0259451
7.08 -0.0257985 0.00084077 -0.0266393
7.09 -0.0243548 0.00283416 -0.027189
7.1 -0.0227799 0.00481165 -0.0275915
7.11 -0.0210804 0.00676482 -0.0278452
7.12 -0.0192633 0.00868573 -0.027949
7.13 -0.0173363 0.0105666 -0.0279029
7.14 -0.0153078 0.0123998 -0.0277076
7.15 -0.0131868 0.0141779 -0.0273647
7.16 -0.0109826 0.0158941 -0.0268767
7.17 -0.00870531 0.0175415 -0.0262469
7.18 -0.00636419 0.019115 -0.0254792
7.19 -0.00397131 0.0206072 -0.0245786
7.2 -0.00153768 0.0220127 -0.0235504
7.21 0.000925515 0.0233265 -0.022401
7.22 0.00340689 0.0245441 -0.0211372
7.23 0.00589497 0.0256615 -0.0197665
7.24 0.00837826 0.0266751 -0.0182968
7.25 0.0108453 0.0275821 -0.0167368
7.26 0.0132846 0.0283799 -0.0150953
7.27 0.0156851 0.0290668 -0.0133817
7.28 0.0180356 0.0296414 -0.0116058
7.29 0.0203255 0.0301031 -0.00977756
7.3 0.0225444 0.0304515 -0.00790712
7.31 0.0246822 0.0306871 -0.0060049
7.32 0.0267287 0.03081 -0.00408135
7.33 0.0286741 0.0308211 -0.00214697
7.34 0.030511 0.0307233 -0.000212252
7.35 0.0322314 0.030519 0.00171241
7.36 0.0338282 0.0302114 0.00361677
7.37 0.0352946 0.0298038 0.00549076
7.38 0.0366249 0.0293003 0.0073246
7.39 0.0378138 0.028705 0.0091088
7.4 0.0388569 0.0280227 0.0108342
7.41 0.0397506 0.0272584 0.0124922
7.42 0.040492 0.0264175 0.0140745
7.43 0.0410791 0.0255058 0.0155733
7.44 0.0415107 0.0245293 0.0169814
7.45 0.0417864 0.0234941 0.0182923
7.46 0.0419065 0.0224066 0.0194999
7.47 0.0418701 0.0212713 0.0205988
7.48 0.0416807 0.0200963 0.0215844
7.49 0.0413418 0.0188891 0.0224527
7.5 0.040857 0.0176567 0.0232003
7.51 0.0402305 0.0164059 0.0238246
7.52 0.0394672 0.0151433 0.0243239
7.53 0.0385729 0.013876 0.0246969
7.54 0.0375537 0.0126103 0.0249434
7.55 0.0364166 0.0113532 0.0250634
7.56 0.0351689 0.0101106 0.0250583
7.57 0.0338184 0.00888887 0.0249295
7.58 0.0323737 0.00769403 0.0246797
7.59 0.0308433 0.00653154 0.0243118
7.6 0.0292364 0.00540689 0.0238295
7.61 0.0275622 0.00432494 0.0232373
7.62 0.0258299 0.00329001 0.0225399
7.63 0.0240502 0.00230735 0.0217429
7.64 0.0222331 0.00138102 0.0208521
7.65 0.0203887 0.000514719 0.019874
7.66 0.0185269 -0.000288481 0.0188154
7.67 0.0166578 -0.00102568 0.0176835
7.68 0.0147912 -0.0016946 0.0164858
7.69 0.0129368 -0.00229334 0.0152301
7.7 0.011104 -0.00282055 0.0139246
7.71 0.00930226 -0.00327497 0.0125772
7.72 0.00754033 -0.0036562 0.0111965
7.73 0.00582683 -0.00396404 0.00979087
7.74 0.00416991 -0.00419878 0.00836869
7.75 0.00257727 -0.00436113 0.0069384
7.76 0.00105684 -0.00445152 0.00550836
7.77 -0.000384459 -0.00447125 0.00408679
7.78 -0.00174119 -0.00442292 0.00268173
7.79 -0.00300784 -0.00430885 0.00130101
7.8 -0.00417948 -0.00413169 -4.77947e-05
7.81 -0.00525185 -0.00389442 -0.00135743
7.82 -0.00622131 -0.00360034 -0.00262097
7.83 -0.0070849 -0.00325301 -0.00383189
7.84 -0.00784033 -0.00285625 -0.00498408
7.85 -0.00848599 -0.00241413 -0.00607186
7.86 -0.00902095 -0.0019309 -0.00709005
7.87 -0.00944496 -0.00141099 -0.00803397
7.88 -0.00975844 -0.00085898 -0.00889946
7.89 -0.00996248 -0.000279567 -0.00968291
7.9 -0.0100588 0.000322477 -0.0103813
7.91 -0.0100482 0.000943875 -0.0109921
7.92 -0.00993506 0.00157835 -0.0115134
7.93 -0.00972326 0.00222071 -0.011944
7.94 -0.00941694 0.00286608 -0.012283
7.95 -0.00902077 0.00350965 -0.0125304
7.96 -0.0085399 0.0041467 -0.0126866
7.97 -0.00797993 0.00477262 -0.0127526
7.98 -0.00734689 0.00538293 -0.0127298
7.99 -0.00664715 0.00597334 -0.0126205
8 -0.00588744 0.00653971 -0.0124272
