# Generated on Sun Sep  5 13:49:33 2021 by yr2369.
# This file was created by PDFgui.
#S 1
#L r  Gtrunc  Gdiff  Gcalc
1.79 -0.193438 -0.0385126 -0.154925
1.8 -0.199439 -0.0312858 -0.168153
1.81 -0.206017 -0.0243734 -0.181644
1.82 -0.213146 -0.0177923 -0.195354
1.83 -0.220795 -0.0115571 -0.209238
1.84 -0.228931 -0.00568247 -0.223249
1.85 -0.237515 -0.000179415 -0.237336
1.86 -0.246503 0.00494429 -0.251447
1.87 -0.25585 0.00968004 -0.26553
1.88 -0.265504 0.0140247 -0.279529
1.89 -0.275414 0.0179728 -0.293387
1.9 -0.285523 0.0215237 -0.307047
1.91 -0.295771 0.0246789 -0.32045
1.92 -0.306095 0.0274423 -0.333537
1.93 -0.316429 0.0298202 -0.346249
1.94 -0.326708 0.031818 -0.358526
1.95 -0.336864 0.0334441 -0.370308
1.96 -0.346827 0.0347092 -0.381536
1.97 -0.356527 0.0356248 -0.392152
1.98 -0.365894 0.0362031 -0.402097
1.99 -0.374858 0.0364576 -0.411316
2 -0.383347 0.0364052 -0.419752
2.01 -0.391292 0.0360615 -0.427354
2.02 -0.398624 0.0354441 -0.434068
2.03 -0.405275 0.0345718 -0.439847
2.04 -0.411178 0.0334647 -0.444643
2.05 -0.416269 0.0321428 -0.448412
2.06 -0.420471 0.030642 -0.451113
2.07 -0.42374 0.0289683 -0.452708
2.08 -0.42602 0.0271431 -0.453163
2.09 -0.427259 0.0251873 -0.452446
2.1 -0.427408 0.0231228 -0.450531
2.11 -0.426423 0.0209701 -0.447393
2.12 -0.424264 0.0187499 -0.443014
2.13 -0.420896 0.0164823 -0.437378
2.14 -0.416287 0.0141885 -0.430475
2.15 -0.410413 0.0118862 -0.422299
2.16 -0.403253 0.0095947 -0.412848
2.17 -0.394791 0.00733293 -0.402124
2.18 -0.385019 0.00511638 -0.390135
2.19 -0.373933 0.00296129 -0.376894
2.2 -0.361521 0.000896535 -0.362418
2.21 -0.347793 -0.00106629 -0.346727
2.22 -0.332773 -0.00292498 -0.329848
2.23 -0.316482 -0.00466971 -0.311812
2.24 -0.298945 -0.00629018 -0.292655
2.25 -0.280192 -0.00777663 -0.272415
2.26 -0.260261 -0.00912302 -0.251138
2.27 -0.239192 -0.0103211 -0.228871
2.28 -0.217034 -0.0113677 -0.205666
2.29 -0.193838 -0.0122577 -0.18158
2.3 -0.169664 -0.0129913 -0.156673
2.31 -0.144572 -0.0135654 -0.131007
2.32 -0.118629 -0.0139805 -0.104649
2.33 -0.0919073 -0.0142395 -0.0776678
2.34 -0.064481 -0.0143444 -0.0501366
2.35 -0.0364201 -0.0142905 -0.0221296
2.36 -0.00781728 -0.0140937 0.00627641
2.37 0.0212412 -0.0137616 0.0350028
2.38 0.0506676 -0.0133015 0.0639691
2.39 0.0803722 -0.0127216 0.0930938
2.4 0.110263 -0.0120312 0.122294
2.41 0.140248 -0.0112391 0.151487
2.42 0.170232 -0.0103568 0.180589
2.43 0.200121 -0.00939466 0.209516
2.44 0.229819 -0.00836539 0.238184
2.45 0.259233 -0.00727928 0.266512
2.46 0.288269 -0.00614856 0.294418
2.47 0.316833 -0.00498677 0.32182
2.48 0.344835 -0.00380505 0.34864
2.49 0.37218 -0.00262141 0.374801
2.5 0.398774 -0.00145511 0.400229
2.51 0.424541 -0.000309885 0.424851
2.52 0.449399 0.000801753 0.448597
2.53 0.47327 0.00186823 0.471402
2.54 0.49608 0.00287866 0.493201
2.55 0.51776 0.00382361 0.513936
2.56 0.538242 0.00469086 0.533551
2.57 0.557466 0.00547222 0.551994
2.58 0.575376 0.00615928 0.569217
2.59 0.59192 0.00674329 0.585177
2.6 0.607053 0.00721798 0.599835
2.61 0.620734 0.00757643 0.613158
2.62 0.632928 0.00781292 0.625115
2.63 0.643607 0.00792391 0.635683
2.64 0.65273 0.00788786 0.644842
2.65 0.660286 0.00770829 0.652578
2.66 0.666275 0.00739466 0.65888
2.67 0.670694 0.00694841 0.663746
2.68 0.673542 0.00636795 0.667174
2.69 0.674828 0.0056567 0.669171
2.7 0.674564 0.00481617 0.669748
2.71 0.67277 0.003851 0.668919
2.72 0.669471 0.00276606 0.666705
2.73 0.664696 0.0015656 0.66313
2.74 0.658481 0.000256379 0.658225
2.75 0.650868 -0.00115321 0.652021
2.76 0.6419 -0.00265792 0.644558
2.77 0.63163 -0.0042465 0.635877
2.78 0.620111 -0.00591146 0.626022
2.79 0.607382 -0.00766283 0.615045
2.8 0.593527 -0.00946898 0.602996
2.81 0.578615 -0.0113163 0.589931
2.82 0.562713 -0.0131961 0.575909
2.83 0.545894 -0.0150959 0.56099
2.84 0.528234 -0.0170028 0.545237
2.85 0.509807 -0.0189078 0.528715
2.86 0.490694 -0.0207963 0.51149
2.87 0.470972 -0.0226592 0.493631
2.88 0.450724 -0.0244827 0.475207
2.89 0.43003 -0.0262563 0.456286
2.9 0.408972 -0.0279684 0.43694
2.91 0.38763 -0.029609 0.417239
2.92 0.366085 -0.0311675 0.397253
2.93 0.344417 -0.0326335 0.377051
2.94 0.322705 -0.0339969 0.356702
2.95 0.301028 -0.0352466 0.336275
2.96 0.27946 -0.0363752 0.315835
2.97 0.258074 -0.0373746 0.295449
2.98 0.236939 -0.0382391 0.275178
2.99 0.216121 -0.0389636 0.255085
3 0.195685 -0.039542 0.235227
3.01 0.175691 -0.0399703 0.215661
3.02 0.156194 -0.0402472 0.196441
3.03 0.137248 -0.0403691 0.177617
3.04 0.118902 -0.0403344 0.159236
3.05 0.101199 -0.0401443 0.141343
3.06 0.0841808 -0.0397978 0.123979
3.07 0.0678816 -0.039298 0.10718
3.08 0.0523433 -0.0386366 0.0909799
3.09 0.0375869 -0.0378225 0.0754094
3.1 0.02363 -0.0368644 0.0604944
3.11 0.0104895 -0.0357678 0.0462573
3.12 -0.00182221 -0.0345388 0.0327166
3.13 -0.0132976 -0.0331848 0.0198872
3.14 -0.0239335 -0.0317134 0.00777989
3.15 -0.0337314 -0.0301333 -0.00359807
3.16 -0.0426969 -0.0284536 -0.0142433
3.17 -0.0508401 -0.0266842 -0.0241559
3.18 -0.0581751 -0.0248354 -0.0333397
3.19 -0.0647199 -0.0229179 -0.041802
3.2 -0.0704963 -0.0209429 -0.0495534
3.21 -0.0755297 -0.0189222 -0.0566075
3.22 -0.0798476 -0.0168662 -0.0629814
3.23 -0.0834721 -0.0147774 -0.0686947
3.24 -0.08645 -0.0126801 -0.0737699
3.25 -0.0888187 -0.0105866 -0.0782321
3.26 -0.0906178 -0.00850931 -0.0821085
3.27 -0.0918891 -0.00646047 -0.0854286
3.28 -0.0926759 -0.00445198 -0.0882239
3.29 -0.0930233 -0.00249586 -0.0905274
3.3 -0.0929771 -0.000603328 -0.0923738
3.31 -0.0925845 0.00121423 -0.0937987
3.32 -0.0918929 0.00294624 -0.0948391
3.33 -0.0909502 0.00458242 -0.0955326
3.34 -0.0898042 0.00611312 -0.0959173
3.35 -0.0885024 0.0075293 -0.0960317
3.36 -0.0870919 0.0088224 -0.0959143
3.37 -0.0856185 0.00998503 -0.0956035
3.38 -0.0841286 0.0110088 -0.0951374
3.39 -0.0826664 0.011887 -0.0945534
3.4 -0.0812738 0.0126143 -0.0938881
3.41 -0.079991 0.0131862 -0.0931772
3.42 -0.0788561 0.0135991 -0.0924552
3.43 -0.077905 0.01385 -0.091755
3.44 -0.077171 0.0139373 -0.0911083
3.45 -0.0766852 0.0138597 -0.0905449
3.46 -0.0764754 0.0136173 -0.0900927
3.47 -0.076567 0.0132106 -0.0897776
3.48 -0.0769822 0.0126414 -0.0896236
3.49 -0.0777402 0.011912 -0.0896522
3.5 -0.078857 0.0110258 -0.0898828
3.51 -0.0803454 0.0099869 -0.0903323
3.52 -0.0822209 0.00879417 -0.0910151
3.53 -0.0844854 0.0074577 -0.0919431
3.54 -0.0871405 0.00598529 -0.0931258
3.55 -0.090186 0.00438396 -0.09457
3.56 -0.0936184 0.00266151 -0.0962799
3.57 -0.0974312 0.000826155 -0.0982574
3.58 -0.101615 -0.00111348 -0.100502
3.59 -0.106156 -0.00314687 -0.103009
3.6 -0.111041 -0.00526649 -0.105775
3.61 -0.116251 -0.00746138 -0.10879
3.62 -0.121765 -0.00972086 -0.112044
3.63 -0.12756 -0.0120344 -0.115526
3.64 -0.133612 -0.0143925 -0.119219
3.65 -0.139893 -0.0167837 -0.123109
3.66 -0.146374 -0.0191973 -0.127177
3.67 -0.153027 -0.0216253 -0.131402
3.68 -0.159816 -0.0240531 -0.135763
3.69 -0.166707 -0.0264697 -0.140237
3.7 -0.173666 -0.0288653 -0.144801
3.71 -0.180658 -0.0312299 -0.149428
3.72 -0.187647 -0.0335536 -0.154093
3.73 -0.194597 -0.0358272 -0.15877
3.74 -0.201471 -0.038041 -0.16343
3.75 -0.208235 -0.0401886 -0.168046
3.76 -0.214851 -0.04226 -0.172591
3.77 -0.221285 -0.0442488 -0.177036
3.78 -0.227502 -0.0461478 -0.181354
3.79 -0.233468 -0.0479502 -0.185518
3.8 -0.239151 -0.049651 -0.1895
3.81 -0.244517 -0.0512421 -0.193275
3.82 -0.249536 -0.052719 -0.196817
3.83 -0.254182 -0.0540798 -0.200102
3.84 -0.258429 -0.0553217 -0.203107
3.85 -0.262254 -0.0564437 -0.20581
3.86 -0.265634 -0.0574433 -0.208191
3.87 -0.26855 -0.0583203 -0.21023
3.88 -0.270984 -0.0590742 -0.21191
3.89 -0.272921 -0.0597056 -0.213215
3.9 -0.274349 -0.0602163 -0.214133
3.91 -0.275257 -0.0606072 -0.21465
3.92 -0.275637 -0.0608804 -0.214757
3.93 -0.275485 -0.0610398 -0.214445
3.94 -0.274798 -0.0610884 -0.21371
3.95 -0.273576 -0.0610301 -0.212546
3.96 -0.271813 -0.0608606 -0.210952
3.97 -0.269523 -0.0605937 -0.208929
3.98 -0.266713 -0.0602341 -0.206479
3.99 -0.263394 -0.0597883 -0.203606
4 -0.259579 -0.0592629 -0.200316
4.01 -0.255281 -0.0586626 -0.196618
4.02 -0.250517 -0.0579941 -0.192523
4.03 -0.245307 -0.0572651 -0.188042
4.04 -0.23967 -0.0564808 -0.183189
4.05 -0.233628 -0.0556476 -0.17798
4.06 -0.227207 -0.0547742 -0.172433
4.07 -0.22043 -0.053865 -0.166565
4.08 -0.213324 -0.052927 -0.160397
4.09 -0.205917 -0.0519667 -0.15395
4.1 -0.198236 -0.0509888 -0.147247
4.11 -0.190309 -0.0499979 -0.140311
4.12 -0.182171 -0.0490045 -0.133166
4.13 -0.17385 -0.0480118 -0.125838
4.14 -0.165378 -0.0470259 -0.118352
4.15 -0.156786 -0.046052 -0.110734
4.16 -0.148104 -0.0450935 -0.103011
4.17 -0.139363 -0.0441549 -0.0952081
4.18 -0.130592 -0.0432388 -0.0873532
4.19 -0.121821 -0.0423486 -0.0794724
4.2 -0.113078 -0.0414863 -0.0715917
4.21 -0.104391 -0.040654 -0.063737
4.22 -0.0957874 -0.0398539 -0.0559335
4.23 -0.0872919 -0.0390862 -0.0482057
4.24 -0.078929 -0.0383516 -0.0405774
4.25 -0.0707237 -0.0376523 -0.0330714
4.26 -0.0626972 -0.0369875 -0.0257097
4.27 -0.0548681 -0.036355 -0.0185131
4.28 -0.0472546 -0.0357537 -0.0115009
4.29 -0.039873 -0.0351815 -0.00469155
4.3 -0.0327378 -0.0346359 0.00189813
4.31 -0.0258619 -0.0341146 0.00825269
4.32 -0.0192562 -0.0336144 0.0143582
4.33 -0.0129296 -0.0331318 0.0202022
4.34 -0.00688931 -0.0326632 0.0257739
4.35 -0.00114056 -0.0322047 0.0310642
4.36 0.00431324 -0.0317521 0.0360654
4.37 0.00947056 -0.031301 0.0407716
4.38 0.0143316 -0.030847 0.0451786
4.39 0.0188983 -0.0303853 0.0492836
4.4 0.0231694 -0.0299163 0.0530857
4.41 0.0271555 -0.02943 0.0565855
4.42 0.0308636 -0.0289213 0.0597849
4.43 0.0343022 -0.0283854 0.0626876
4.44 0.0374808 -0.0278179 0.0652987
4.45 0.0404106 -0.0272138 0.0676244
4.46 0.0431038 -0.0265688 0.0696726
4.47 0.0455735 -0.0258785 0.071452
4.48 0.0478337 -0.0251392 0.0729729
4.49 0.0498995 -0.0243468 0.0742463
4.5 0.0517864 -0.0234979 0.0752843
4.51 0.0535104 -0.0225894 0.0760998
4.52 0.055088 -0.0216184 0.0767064
4.53 0.056536 -0.0205825 0.0771185
4.54 0.0578707 -0.0194803 0.077351
4.55 0.059109 -0.0183099 0.0774189
4.56 0.0602689 -0.0170691 0.077338
4.57 0.0613671 -0.0157569 0.077124
4.58 0.0624196 -0.0143731 0.0767927
4.59 0.0634423 -0.0129176 0.0763599
4.6 0.0644501 -0.0113913 0.0758414
4.61 0.0654575 -0.0097949 0.0752524
4.62 0.066478 -0.00813015 0.0746081
4.63 0.0675245 -0.00639874 0.0739232
4.64 0.0686084 -0.00460336 0.0732118
4.65 0.0697407 -0.00274648 0.0724872
4.66 0.0709306 -0.000831641 0.0717622
4.67 0.0721867 0.00113779 0.0710489
4.68 0.0735161 0.00315782 0.0703583
4.69 0.0749256 0.00522508 0.0697005
4.7 0.0764192 0.00733439 0.0690848
4.71 0.0779997 0.0094804 0.0685193
4.72 0.0796687 0.0116576 0.0680111
4.73 0.0814267 0.0138606 0.0675661
4.74 0.0832729 0.0160837 0.0671892
4.75 0.0852048 0.0183207 0.0668841
4.76 0.087219 0.0205658 0.0666532
4.77 0.0893106 0.0228126 0.066498
4.78 0.0914737 0.025055 0.0664187
4.79 0.093701 0.0272866 0.0664144
4.8 0.0959841 0.0295012 0.0664829
4.81 0.0983138 0.0316925 0.0666213
4.82 0.10068 0.0338546 0.0668254
4.83 0.103071 0.0359809 0.0670901
4.84 0.105474 0.0380647 0.0674093
4.85 0.107878 0.040102 0.067776
4.86 0.110268 0.0420855 0.0681825
4.87 0.11263 0.0440097 0.0686203
4.88 0.11495 0.0458698 0.0690802
4.89 0.117214 0.0476614 0.0695526
4.9 0.119407 0.0493799 0.0700271
4.91 0.121513 0.0510199 0.0704931
4.92 0.123519 0.0525792 0.0709398
4.93 0.125409 0.0540532 0.0713558
4.94 0.127169 0.0554391 0.0717299
4.95 0.128784 0.0567333 0.0720507
4.96 0.130242 0.057935 0.072307
4.97 0.131529 0.0590415 0.0724875
4.98 0.13263 0.0600485 0.0725815
4.99 0.133535 0.0609567 0.0725783
5 0.134232 0.0617641 0.0724679
5.01 0.134714 0.0624734 0.0722406
5.02 0.13497 0.0630826 0.0718874
5.03 0.134993 0.063593 0.0714
5.04 0.134775 0.0640041 0.0707709
5.05 0.134313 0.0643199 0.0699931
5.06 0.1336 0.064539 0.069061
5.07 0.132633 0.0646636 0.0679694
5.08 0.131412 0.0646976 0.0667144
5.09 0.129935 0.0646418 0.0652932
5.1 0.128203 0.0644993 0.0637037
5.11 0.126218 0.0642726 0.0619454
5.12 0.123983 0.0639645 0.0600185
5.13 0.1215 0.0635756 0.0579244
5.14 0.118777 0.063111 0.055666
5.15 0.115823 0.0625762 0.0532468
5.16 0.112645 0.0619732 0.0506718
5.17 0.109255 0.061308 0.047947
5.18 0.105661 0.0605815 0.0450795
5.19 0.101877 0.0597995 0.0420775
5.2 0.0979151 0.058965 0.0389501
5.21 0.0937885 0.058081 0.0357075
5.22 0.0895122 0.0571515 0.0323607
5.23 0.0851012 0.0561795 0.0289217
5.24 0.0805717 0.0551685 0.0254032
5.25 0.0759402 0.0541216 0.0218186
5.26 0.0712237 0.0530417 0.018182
5.27 0.0664393 0.0519312 0.0145081
5.28 0.0616047 0.0507927 0.010812
5.29 0.0567388 0.0496295 0.00710933
5.3 0.0518595 0.0484437 0.0034158
5.31 0.0469847 0.0472372 -0.000252497
5.32 0.0421322 0.0460116 -0.00387941
5.33 0.0373196 0.0447684 -0.00744877
5.34 0.0325641 0.0435086 -0.0109445
5.35 0.0278825 0.0422332 -0.0143507
5.36 0.0232911 0.0409428 -0.0176517
5.37 0.0188055 0.0396378 -0.0208323
5.38 0.0144409 0.0383187 -0.0238778
5.39 0.0102113 0.0369851 -0.0267738
5.4 0.00613002 0.035637 -0.0295069
5.41 0.0022096 0.0342739 -0.0320643
5.42 -0.00153658 0.0328974 -0.0344339
5.43 -0.00509852 0.0315062 -0.0366047
5.44 -0.00846831 0.0300982 -0.0385665
5.45 -0.0116379 0.0286724 -0.0403103
5.46 -0.0146004 0.0272276 -0.041828
5.47 -0.0173502 0.0257626 -0.0431128
5.48 -0.0198829 0.0242761 -0.044159
5.49 -0.0221953 0.0227671 -0.0449624
5.5 -0.0242856 0.0212341 -0.0455197
5.51 -0.0261532 0.0196759 -0.0458291
5.52 -0.0277987 0.0180913 -0.04589
5.53 -0.029224 0.0164794 -0.0457034
5.54 -0.0304322 0.0148392 -0.0452714
5.55 -0.0314275 0.0131699 -0.0445974
5.56 -0.0322156 0.0114705 -0.0436861
5.57 -0.0327993 0.00974446 -0.0425438
5.58 -0.0331901 0.00798747 -0.0411776
5.59 -0.0333966 0.00619951 -0.0395961
5.6 -0.0334284 0.00438071 -0.0378091
5.61 -0.0332961 0.0025313 -0.0358274
5.62 -0.0330107 0.000652223 -0.0336629
5.63 -0.0325843 -0.00125571 -0.0313286
5.64 -0.0320294 -0.00319114 -0.0288383
5.65 -0.0313591 -0.00515245 -0.0262067
5.66 -0.030587 -0.00713774 -0.0234493
5.67 -0.0297271 -0.00914484 -0.0205823
5.68 -0.0287935 -0.0111711 -0.0176224
5.69 -0.0278007 -0.0132136 -0.0145871
5.7 -0.0267631 -0.0152693 -0.0114938
5.71 -0.0256951 -0.0173343 -0.00836075
5.72 -0.0246114 -0.0194054 -0.00520603
5.73 -0.0235265 -0.0214785 -0.00204797
5.74 -0.0224544 -0.0235495 0.00109513
5.75 -0.0214086 -0.0256137 0.00420508
5.76 -0.0204021 -0.027666 0.00726387
5.77 -0.0194476 -0.0297014 0.0102538
5.78 -0.0185569 -0.0317146 0.0131577
5.79 -0.0177414 -0.0337002 0.0159588
5.8 -0.0170115 -0.0356524 0.0186409
5.81 -0.016377 -0.0375656 0.0211886
5.82 -0.0158466 -0.0394339 0.0235873
5.83 -0.0154284 -0.0412515 0.0258231
5.84 -0.0151293 -0.0430126 0.0278833
5.85 -0.0149551 -0.0447111 0.029756
5.86 -0.0149127 -0.0463433 0.0314306
5.87 -0.0150049 -0.0479024 0.0328975
5.88 -0.0152338 -0.0493822 0.0341484
5.89 -0.0156009 -0.050777 0.0351761
5.9 -0.0161069 -0.0520818 0.0359749
5.91 -0.0167512 -0.0532916 0.0365404
5.92 -0.0175322 -0.0544016 0.0368694
5.93 -0.0184472 -0.0554073 0.0369601
5.94 -0.0194924 -0.0563047 0.0368123
5.95 -0.0206631 -0.0570901 0.036427
5.96 -0.0219537 -0.0577601 0.0358064
5.97 -0.0233575 -0.058312 0.0349545
5.98 -0.0248669 -0.0587432 0.0338763
5.99 -0.0264737 -0.0590519 0.0325782
6 -0.0281688 -0.0592366 0.0310678
6.01 -0.0299434 -0.0592974 0.029354
6.02 -0.0317854 -0.0592323 0.0274469
6.03 -0.0336838 -0.0590415 0.0253577
6.04 -0.035627 -0.0587256 0.0230986
6.05 -0.0376031 -0.0582858 0.0206827
6.06 -0.0395997 -0.0577239 0.0181242
6.07 -0.0416042 -0.0570421 0.0154379
6.08 -0.0436039 -0.0562433 0.0126394
6.09 -0.0455858 -0.0553308 0.00974504
6.1 -0.0475373 -0.0543089 0.0067716
6.11 -0.0494454 -0.0531817 0.00373632
6.12 -0.0512975 -0.0519543 0.000656788
6.13 -0.0530813 -0.0506321 -0.00244916
6.14 -0.0547847 -0.0492212 -0.00556355
6.15 -0.0563951 -0.0477267 -0.00866837
6.16 -0.0579007 -0.046155 -0.0117457
6.17 -0.059292 -0.0445143 -0.0147777
6.18 -0.0605587 -0.0428117 -0.017747
6.19 -0.0616916 -0.0410552 -0.0206364
6.2 -0.0626819 -0.0392527 -0.0234292
6.21 -0.0635219 -0.0374126 -0.0261093
6.22 -0.0642043 -0.0355429 -0.0286614
6.23 -0.0647231 -0.0336523 -0.0310708
6.24 -0.065073 -0.0317495 -0.0333235
6.25 -0.0652496 -0.0298429 -0.0354067
6.26 -0.0652496 -0.0279412 -0.0373084
6.27 -0.0650705 -0.0260529 -0.0390176
6.28 -0.064711 -0.0241864 -0.0405246
6.29 -0.0641707 -0.02235 -0.0418207
6.3 -0.0634475 -0.0205491 -0.0428984
6.31 -0.0625452 -0.0187937 -0.0437515
6.32 -0.061467 -0.0170917 -0.0443753
6.33 -0.0602166 -0.0154507 -0.0447659
6.34 -0.0587985 -0.0138773 -0.0449212
6.35 -0.0572183 -0.0123781 -0.0448402
6.36 -0.0554822 -0.0109588 -0.0445234
6.37 -0.0535976 -0.00962519 -0.0439724
6.38 -0.0515723 -0.00838197 -0.0431903
6.39 -0.0494152 -0.0072337 -0.0421815
6.4 -0.0471356 -0.00618403 -0.0409516
6.41 -0.0447438 -0.00523642 -0.0395074
6.42 -0.0422502 -0.00439321 -0.037857
6.43 -0.039666 -0.00365639 -0.0360096
6.44 -0.0370027 -0.00302717 -0.0339755
6.45 -0.0342716 -0.00250553 -0.0317661
6.46 -0.0314862 -0.00209268 -0.0293935
6.47 -0.028659 -0.00178795 -0.026871
6.48 -0.0258027 -0.00159007 -0.0242126
6.49 -0.0229299 -0.00149691 -0.021433
6.5 -0.0200534 -0.00150593 -0.0185475
6.51 -0.0171858 -0.00161381 -0.015572
6.52 -0.0143395 -0.00181658 -0.0125229
6.53 -0.0115268 -0.0021098 -0.009417
6.54 -0.00875964 -0.00248841 -0.00627123
6.55 -0.00604962 -0.00294683 -0.00310279
6.56 -0.00340791 -0.00347896 7.10539e-05
6.57 -0.000845183 -0.00407826 0.00323307
6.58 0.00162844 -0.00473772 0.00636616
6.59 0.00400237 -0.00545105 0.00945342
6.6 0.00626766 -0.00621061 0.0124783
6.61 0.00841703 -0.00700751 0.0154245
6.62 0.0104431 -0.00783346 0.0182766
6.63 0.0123393 -0.00867993 0.0210192
6.64 0.0140998 -0.00953834 0.0236381
6.65 0.0157197 -0.0103999 0.0261196
6.66 0.0171951 -0.0112556 0.0284507
6.67 0.0185226 -0.012097 0.0306196
6.68 0.0197001 -0.0129151 0.0326152
6.69 0.0207261 -0.0137015 0.0344276
6.7 0.0216002 -0.0144475 0.0360477
6.71 0.0223227 -0.0151451 0.0374678
6.72 0.0228951 -0.0157861 0.0386812
6.73 0.0233195 -0.0163629 0.0396824
6.74 0.0235964 -0.0168708 0.0404672
6.75 0.0237322 -0.0173002 0.0410324
6.76 0.0237316 -0.0176448 0.0413764
6.77 0.0236002 -0.0178983 0.0414985
6.78 0.023344 -0.0180554 0.0413994
6.79 0.0229698 -0.0181112 0.041081
6.8 0.0224851 -0.0180614 0.0405465
6.81 0.0218979 -0.0179022 0.0398001
6.82 0.0212166 -0.0176307 0.0388473
6.83 0.0204502 -0.0172445 0.0376947
6.84 0.0196081 -0.0167419 0.03635
6.85 0.0187 -0.0161218 0.0348218
6.86 0.0177358 -0.0153841 0.0331199
6.87 0.0167257 -0.0145291 0.0312548
6.88 0.0156798 -0.0135582 0.029238
6.89 0.0146087 -0.012473 0.0270817
6.9 0.0135231 -0.0112756 0.0247987
6.91 0.0124335 -0.00996916 0.0224027
6.92 0.0113499 -0.00855774 0.0199076
6.93 0.0102826 -0.00704557 0.0173282
6.94 0.0092412 -0.005438 0.0146792
6.95 0.00823524 -0.00374068 0.0119759
6.96 0.00727383 -0.00195993 0.00923376
6.97 0.00636568 -0.000102571 0.00646825
6.98 0.00551902 0.00182408 0.00369494
6.99 0.00474157 0.00381226 0.000929307
7 0.0040405 0.00585381 -0.00181331
7.01 0.00342236 0.00794018 -0.00451782
7.02 0.00289309 0.0100625 -0.00716946
7.03 0.00245909 0.0122129 -0.00975386
7.04 0.00212454 0.0143817 -0.0122571
7.05 0.00189261 0.0165586 -0.014666
7.06 0.00176635 0.0187341 -0.0169678
7.07 0.00174805 0.0208985 -0.0191504
7.08 0.00183926 0.0230421 -0.0212028
7.09 0.00204072 0.0251552 -0.0231145
7.1 0.00235245 0.0272284 -0.024876
7.11 0.00277367 0.0292523 -0.0264786
7.12 0.00330287 0.0312177 -0.0279149
7.13 0.00393777 0.0331158 -0.029178
7.14 0.00467539 0.034938 -0.0302626
7.15 0.00551207 0.036676 -0.031164
7.16 0.00644344 0.0383221 -0.0318787
7.17 0.00746453 0.039869 -0.0324044
7.18 0.00857113 0.041311 -0.0327399
7.19 0.00975541 0.0426402 -0.0328848
7.2 0.0110107 0.0438509 -0.0328402
7.21 0.0123297 0.0449376 -0.0326079
7.22 0.0137048 0.0458958 -0.032191
7.23 0.015128 0.0467215 -0.0315935
7.24 0.0165911 0.0474115 -0.0308204
7.25 0.0180852 0.0479629 -0.0298777
7.26 0.0196017 0.0483739 -0.0287722
7.27 0.0211314 0.0486431 -0.0275117
7.28 0.0226653 0.04877 -0.0261047
7.29 0.0241941 0.0487546 -0.0245605
7.3 0.0257086 0.0485978 -0.0228892
7.31 0.0271998 0.0483011 -0.0211013
7.32 0.0286583 0.0478663 -0.019208
7.33 0.0300747 0.0472957 -0.017221
7.34 0.0314409 0.0465933 -0.0151524
7.35 0.0327484 0.0457631 -0.0130147
7.36 0.0339892 0.0448096 -0.0108204
7.37 0.0351556 0.0437382 -0.0085826
7.38 0.0362403 0.0425545 -0.00631422
7.39 0.0372365 0.0412648 -0.00402832
7.4 0.0381378 0.0398757 -0.00173794
7.41 0.0389383 0.0383943 0.000544023
7.42 0.0396328 0.0368279 0.00280486
7.43 0.0402166 0.0351845 0.00503211
7.44 0.0406856 0.033472 0.00721364
7.45 0.0410363 0.0316986 0.00933772
7.46 0.0412658 0.0298727 0.0113931
7.47 0.0413703 0.0280013 0.013369
7.48 0.0413493 0.026094 0.0152553
7.49 0.0412027 0.0241603 0.0170424
7.5 0.0409301 0.0222086 0.0187215
7.51 0.0405323 0.0202478 0.0202845
7.52 0.0400102 0.0182861 0.0217241
7.53 0.0393658 0.0163322 0.0230336
7.54 0.0386014 0.0143939 0.0242075
7.55 0.0377202 0.0124795 0.0252407
7.56 0.0367258 0.0105963 0.0261295
7.57 0.0356223 0.00875172 0.0268706
7.58 0.0344146 0.00695269 0.0274619
7.59 0.0331079 0.00520572 0.0279022
7.6 0.0317078 0.00351679 0.028191
7.61 0.0302204 0.00189147 0.0283289
7.62 0.0286513 0.000333963 0.0283173
7.63 0.0270088 -0.0011497 0.0281585
7.64 0.0253001 -0.00255541 0.0278555
7.65 0.0235328 -0.00387948 0.0274123
7.66 0.0217146 -0.00511892 0.0268335
7.67 0.0198535 -0.00627113 0.0261246
7.68 0.0179574 -0.00733437 0.0252918
7.69 0.0160347 -0.008307 0.0243417
7.7 0.0140933 -0.00918852 0.0232818
7.71 0.0121417 -0.00997837 0.0221201
7.72 0.0101878 -0.0106771 0.0208649
7.73 0.0082398 -0.0112854 0.0195252
7.74 0.00630562 -0.0118046 0.0181102
7.75 0.00439299 -0.0122365 0.0166295
7.76 0.0025098 -0.0125832 0.015093
7.77 0.000663565 -0.0128471 0.0135107
7.78 -0.00113901 -0.0130317 0.0118927
7.79 -0.00289124 -0.0131407 0.0102494
7.8 -0.00458683 -0.0131778 0.00859101
7.81 -0.00621985 -0.0131475 0.00692768
7.82 -0.00778478 -0.0130543 0.0052695
7.83 -0.00927653 -0.0129029 0.00362638
7.84 -0.0106905 -0.0126985 0.00200796
7.85 -0.0120224 -0.012446 0.000423613
7.86 -0.0132688 -0.0121511 -0.00111766
7.87 -0.0144263 -0.0118191 -0.00260723
7.88 -0.0154923 -0.0114553 -0.00403696
7.89 -0.0164647 -0.0110655 -0.00539918
7.9 -0.0173418 -0.0106551 -0.00668675
7.91 -0.018121 -0.0102279 -0.00789312
7.92 -0.0188028 -0.00979045 -0.00901235
7.93 -0.0193875 -0.00934837 -0.0100391
7.94 -0.0198755 -0.00890668 -0.0109688
7.95 -0.0202677 -0.00847025 -0.0117975
7.96 -0.0205653 -0.00804353 -0.0125218
7.97 -0.0207703 -0.00763107 -0.0131392
7.98 -0.0208847 -0.00723669 -0.013648
7.99 -0.0209114 -0.0068644 -0.014047
8 -0.0208532 -0.00651738 -0.0143358
