# Generated on Sun Sep  5 22:20:23 2021 by yr2369.
# This file was created by PDFgui.
#S 1
#L r  Gtrunc  Gdiff  Gcalc
1.79 -0.151299 0.188807 -0.340106
1.8 -0.159895 0.183869 -0.343764
1.81 -0.1689 0.178999 -0.347899
1.82 -0.178265 0.174336 -0.352601
1.83 -0.187939 0.170017 -0.357956
1.84 -0.197866 0.166184 -0.36405
1.85 -0.20799 0.162976 -0.370966
1.86 -0.218252 0.160532 -0.378784
1.87 -0.22859 0.158991 -0.387581
1.88 -0.238941 0.158488 -0.397429
1.89 -0.249238 0.159157 -0.408395
1.9 -0.259418 0.161122 -0.42054
1.91 -0.269407 0.164511 -0.433918
1.92 -0.27914 0.169439 -0.448579
1.93 -0.288548 0.176013 -0.464561
1.94 -0.297565 0.184333 -0.481898
1.95 -0.306121 0.194491 -0.500612
1.96 -0.314152 0.206567 -0.520719
1.97 -0.32159 0.220634 -0.542224
1.98 -0.328372 0.236749 -0.565121
1.99 -0.334436 0.254959 -0.589395
2 -0.339721 0.2753 -0.615021
2.01 -0.34417 0.297791 -0.641961
2.02 -0.347728 0.322441 -0.670169
2.03 -0.350343 0.349243 -0.699586
2.04 -0.351966 0.378176 -0.730142
2.05 -0.35255 0.409206 -0.761756
2.06 -0.352039 0.442297 -0.794336
2.07 -0.350414 0.477366 -0.82778
2.08 -0.347641 0.514333 -0.861974
2.09 -0.343694 0.553099 -0.896793
2.1 -0.338549 0.593555 -0.932104
2.11 -0.332191 0.635572 -0.967763
2.12 -0.324606 0.67901 -1.00362
2.13 -0.315786 0.723715 -1.0395
2.14 -0.305732 0.769516 -1.07525
2.15 -0.294445 0.816235 -1.11068
2.16 -0.281936 0.863674 -1.14561
2.17 -0.268218 0.911631 -1.17985
2.18 -0.253313 0.959888 -1.2132
2.19 -0.237246 1.00822 -1.24546
2.2 -0.220037 1.0564 -1.27643
2.21 -0.201726 1.10418 -1.3059
2.22 -0.182363 1.1513 -1.33366
2.23 -0.161996 1.19751 -1.3595
2.24 -0.140677 1.24254 -1.38321
2.25 -0.118463 1.28613 -1.40459
2.26 -0.0954143 1.32801 -1.42342
2.27 -0.0715969 1.36791 -1.43951
2.28 -0.0470801 1.40557 -1.45265
2.29 -0.0219372 1.44072 -1.46265
2.3 0.00375515 1.47309 -1.46934
2.31 0.0299171 1.50243 -1.47251
2.32 0.056466 1.52849 -1.47202
2.33 0.0833169 1.55101 -1.4677
2.34 0.110382 1.56977 -1.45939
2.35 0.137574 1.58453 -1.44696
2.36 0.164798 1.59508 -1.43028
2.37 0.191963 1.60121 -1.40924
2.38 0.218976 1.60272 -1.38375
2.39 0.245746 1.59946 -1.35371
2.4 0.272181 1.59124 -1.31906
2.41 0.298191 1.57795 -1.27975
2.42 0.323684 1.55943 -1.23575
2.43 0.348572 1.5356 -1.18703
2.44 0.372768 1.50637 -1.1336
2.45 0.396189 1.47166 -1.07547
2.46 0.418752 1.43144 -1.01269
2.47 0.440377 1.38568 -0.945302
2.48 0.46099 1.33438 -0.873391
2.49 0.480513 1.27756 -0.797046
2.5 0.498865 1.21525 -0.716382
2.51 0.515998 1.14753 -0.631529
2.52 0.531853 1.07449 -0.542637
2.53 0.546376 0.99625 -0.449874
2.54 0.559518 0.912946 -0.353428
2.55 0.571234 0.824735 -0.253501
2.56 0.581486 0.7318 -0.150314
2.57 0.590242 0.634346 -0.0441039
2.58 0.597474 0.532597 0.0648773
2.59 0.603162 0.4268 0.176362
2.6 0.60729 0.31722 0.29007
2.61 0.609848 0.204141 0.405707
2.62 0.610834 0.087868 0.522966
2.63 0.610251 -0.03128 0.641531
2.64 0.60809 -0.152985 0.761075
2.65 0.604373 -0.276889 0.881262
2.66 0.599133 -0.402617 1.00175
2.67 0.592396 -0.529794 1.12219
2.68 0.584195 -0.658032 1.24223
2.69 0.574568 -0.786936 1.3615
2.7 0.563558 -0.916103 1.47966
2.71 0.551214 -1.04512 1.59634
2.72 0.537589 -1.17359 1.71118
2.73 0.52274 -1.30108 1.82382
2.74 0.506731 -1.42717 1.93391
2.75 0.489626 -1.55147 2.04109
2.76 0.471497 -1.67354 2.14503
2.77 0.452416 -1.79298 2.24539
2.78 0.432459 -1.90939 2.34185
2.79 0.411694 -2.02238 2.43408
2.8 0.390217 -2.13156 2.52178
2.81 0.368111 -2.23655 2.60466
2.82 0.345462 -2.33698 2.68244
2.83 0.322355 -2.43251 2.75486
2.84 0.298879 -2.52279 2.82167
2.85 0.275119 -2.60753 2.88265
2.86 0.251163 -2.68641 2.93757
2.87 0.227099 -2.75915 2.98625
2.88 0.203012 -2.82551 3.02852
2.89 0.178987 -2.88524 3.06423
2.9 0.155107 -2.93814 3.09324
2.91 0.131455 -2.984 3.11545
2.92 0.10811 -3.02267 3.13078
2.93 0.0851516 -3.054 3.13915
2.94 0.0626577 -3.07788 3.14053
2.95 0.0406948 -3.09422 3.13491
2.96 0.0193299 -3.10296 3.12229
2.97 -0.00137346 -3.10407 3.10269
2.98 -0.0213559 -3.09754 3.07619
2.99 -0.0405621 -3.0834 3.04284
3 -0.0589412 -3.06169 3.00275
3.01 -0.0764469 -3.03249 2.95604
3.02 -0.0930377 -2.9959 2.90286
3.03 -0.108677 -2.95205 2.84337
3.04 -0.123332 -2.90109 2.77776
3.05 -0.136977 -2.84321 2.70624
3.06 -0.149591 -2.77861 2.62902
3.07 -0.161155 -2.70751 2.54635
3.08 -0.171646 -2.63014 2.4585
3.09 -0.181065 -2.5468 2.36574
3.1 -0.189416 -2.45778 2.26836
3.11 -0.196703 -2.36338 2.16668
3.12 -0.202936 -2.26394 2.06101
3.13 -0.208128 -2.15981 1.95168
3.14 -0.212296 -2.05133 1.83904
3.15 -0.215464 -1.9389 1.72343
3.16 -0.217657 -1.82288 1.60522
3.17 -0.218908 -1.70368 1.48478
3.18 -0.219251 -1.58171 1.36246
3.19 -0.218723 -1.45737 1.23865
3.2 -0.217367 -1.33109 1.11372
3.21 -0.215228 -1.20328 0.988048
3.22 -0.21235 -1.07436 0.86201
3.23 -0.208776 -0.944755 0.735979
3.24 -0.20457 -0.814895 0.610325
3.25 -0.199786 -0.685199 0.485413
3.26 -0.19448 -0.556082 0.361602
3.27 -0.188709 -0.427952 0.239243
3.28 -0.18253 -0.301209 0.118679
3.29 -0.176002 -0.176243 0.000241266
3.3 -0.169184 -0.0534353 -0.115749
3.31 -0.162134 0.0668481 -0.228982
3.32 -0.154912 0.184252 -0.339164
3.33 -0.147574 0.298438 -0.446012
3.34 -0.140179 0.409083 -0.549262
3.35 -0.13278 0.515884 -0.648664
3.36 -0.125433 0.618553 -0.743986
3.37 -0.118192 0.716819 -0.835011
3.38 -0.111107 0.810437 -0.921544
3.39 -0.104226 0.89918 -1.00341
3.4 -0.0975945 0.982844 -1.08044
3.41 -0.0912551 1.06125 -1.1525
3.42 -0.0852475 1.13423 -1.21948
3.43 -0.0796086 1.20166 -1.28127
3.44 -0.0743718 1.26342 -1.33779
3.45 -0.0695674 1.31942 -1.38899
3.46 -0.065222 1.3696 -1.43482
3.47 -0.0613588 1.41391 -1.47527
3.48 -0.0579974 1.45234 -1.51034
3.49 -0.0551535 1.48489 -1.54005
3.5 -0.0528393 1.5116 -1.56443
3.51 -0.0510632 1.5325 -1.58356
3.52 -0.0498381 1.54766 -1.5975
3.53 -0.0491586 1.55719 -1.60635
3.54 -0.04902 1.56119 -1.61021
3.55 -0.0494159 1.55981 -1.60923
3.56 -0.0503366 1.5532 -1.60353
3.57 -0.0517689 1.54152 -1.59329
3.58 -0.0536964 1.52496 -1.57866
3.59 -0.0560995 1.50374 -1.55984
3.6 -0.0589559 1.47806 -1.53701
3.61 -0.0622403 1.44815 -1.5104
3.62 -0.0659251 1.41428 -1.4802
3.63 -0.06998 1.37668 -1.44666
3.64 -0.0743728 1.33562 -1.40999
3.65 -0.0790692 1.29139 -1.37045
3.66 -0.084034 1.24425 -1.32828
3.67 -0.0892315 1.1945 -1.28373
3.68 -0.0946187 1.14243 -1.23705
3.69 -0.100156 1.08835 -1.1885
3.7 -0.105803 1.03253 -1.13834
3.71 -0.111518 0.975297 -1.08681
3.72 -0.117259 0.916932 -1.03419
3.73 -0.122987 0.857735 -0.980722
3.74 -0.128658 0.797999 -0.926657
3.75 -0.134233 0.738012 -0.872245
3.76 -0.139672 0.678057 -0.817729
3.77 -0.144935 0.61841 -0.763345
3.78 -0.149984 0.55934 -0.709324
3.79 -0.154783 0.501105 -0.655888
3.8 -0.159296 0.443957 -0.603253
3.81 -0.163486 0.388139 -0.551625
3.82 -0.167322 0.333877 -0.501199
3.83 -0.170776 0.281386 -0.452162
3.84 -0.173822 0.230868 -0.40469
3.85 -0.176434 0.182512 -0.358946
3.86 -0.178591 0.136492 -0.315083
3.87 -0.180272 0.0929699 -0.273242
3.88 -0.18146 0.0520903 -0.23355
3.89 -0.182141 0.0139829 -0.196124
3.9 -0.182303 -0.0212377 -0.161065
3.91 -0.181937 -0.0534726 -0.128464
3.92 -0.181037 -0.0826393 -0.0983977
3.93 -0.1796 -0.108671 -0.0709288
3.94 -0.177626 -0.131518 -0.0461083
3.95 -0.175117 -0.151143 -0.0239737
3.96 -0.17207 -0.16752 -0.00454976
3.97 -0.168501 -0.180652 0.0121515
3.98 -0.164422 -0.190552 0.0261303
3.99 -0.159846 -0.197245 0.037399
4 -0.154789 -0.200771 0.045982
4.01 -0.149269 -0.201184 0.0519147
4.02 -0.143306 -0.19855 0.0552438
4.03 -0.136924 -0.19295 0.0560264
4.04 -0.130147 -0.184477 0.0543296
4.05 -0.123 -0.17323 0.0502302
4.06 -0.115513 -0.159327 0.0438139
4.07 -0.107713 -0.142888 0.0351748
4.08 -0.0996335 -0.124048 0.0244148
4.09 -0.0913045 -0.102948 0.0116432
4.1 -0.0827583 -0.0797341 -0.00302423
4.11 -0.074028 -0.0545622 -0.0194658
4.12 -0.0651505 -0.0275959 -0.0375546
4.13 -0.0561603 0.000998399 -0.0571587
4.14 -0.0470921 0.0310504 -0.0781425
4.15 -0.0379807 0.0623863 -0.100367
4.16 -0.0288605 0.0948299 -0.12369
4.17 -0.0197657 0.128203 -0.147969
4.18 -0.0107298 0.162327 -0.173057
4.19 -0.00178572 0.197024 -0.19881
4.2 0.00703453 0.232114 -0.22508
4.21 0.0157 0.267422 -0.251722
4.22 0.024181 0.302772 -0.278591
4.23 0.0324489 0.337994 -0.305545
4.24 0.0404769 0.372919 -0.332442
4.25 0.048236 0.407379 -0.359143
4.26 0.0557034 0.441217 -0.385514
4.27 0.0628589 0.474281 -0.411423
4.28 0.0696827 0.506424 -0.436741
4.29 0.0761567 0.537503 -0.461346
4.3 0.0822647 0.567384 -0.48512
4.31 0.087993 0.595941 -0.507948
4.32 0.0933297 0.623053 -0.529723
4.33 0.0982649 0.648608 -0.550343
4.34 0.102791 0.672503 -0.569712
4.35 0.106903 0.694643 -0.58774
4.36 0.110597 0.71494 -0.604343
4.37 0.113872 0.733317 -0.619445
4.38 0.116728 0.749704 -0.632976
4.39 0.119169 0.764041 -0.644872
4.4 0.121193 0.77627 -0.655077
4.41 0.122812 0.786353 -0.663541
4.42 0.124037 0.79426 -0.670223
4.43 0.124877 0.799963 -0.675086
4.44 0.125344 0.803446 -0.678102
4.45 0.125453 0.804704 -0.679251
4.46 0.125216 0.803732 -0.678516
4.47 0.124652 0.800541 -0.675889
4.48 0.123777 0.795147 -0.67137
4.49 0.12261 0.787574 -0.664964
4.5 0.12117 0.777851 -0.656681
4.51 0.119477 0.766015 -0.646538
4.52 0.117552 0.752112 -0.63456
4.53 0.115416 0.736191 -0.620775
4.54 0.11309 0.718308 -0.605218
4.55 0.110596 0.698524 -0.587928
4.56 0.107958 0.676908 -0.56895
4.57 0.105198 0.653533 -0.548335
4.58 0.102338 0.628474 -0.526136
4.59 0.099399 0.60181 -0.502411
4.6 0.0964028 0.573627 -0.477224
4.61 0.0933699 0.544011 -0.450641
4.62 0.0903203 0.513052 -0.422731
4.63 0.0872733 0.480842 -0.393568
4.64 0.0842473 0.447475 -0.363228
4.65 0.08126 0.413049 -0.331789
4.66 0.0783277 0.37766 -0.299332
4.67 0.0754659 0.341407 -0.265941
4.68 0.0726888 0.304391 -0.231702
4.69 0.0700111 0.266711 -0.1967
4.7 0.0674437 0.228469 -0.161025
4.71 0.0649966 0.189762 -0.124765
4.72 0.0626789 0.15069 -0.0880115
4.73 0.0604982 0.111353 -0.0508546
4.74 0.0584608 0.0718467 -0.0133859
4.75 0.0565716 0.0322685 0.0243031
4.76 0.0548341 -0.00728681 0.0621209
4.77 0.0532504 -0.046726 0.0999764
4.78 0.0518215 -0.0859575 0.137779
4.79 0.0505468 -0.124892 0.175438
4.8 0.0494245 -0.163441 0.212866
4.81 0.0484516 -0.201522 0.249973
4.82 0.0476239 -0.23905 0.286674
4.83 0.0469365 -0.275945 0.322882
4.84 0.0463846 -0.31213 0.358514
4.85 0.0459587 -0.347531 0.393489
4.86 0.0456505 -0.382077 0.427727
4.87 0.0454507 -0.415699 0.46115
4.88 0.0453497 -0.448332 0.493682
4.89 0.0453369 -0.479914 0.525251
4.9 0.0454013 -0.510385 0.555787
4.91 0.0455313 -0.539689 0.585221
4.92 0.0457152 -0.567774 0.613489
4.93 0.0459407 -0.594589 0.640529
4.94 0.0461956 -0.620088 0.666284
4.95 0.0464675 -0.644229 0.690696
4.96 0.0467439 -0.666971 0.713715
4.97 0.0470125 -0.688279 0.735292
4.98 0.0472611 -0.70812 0.755381
4.99 0.0474773 -0.726464 0.773942
5 0.04765 -0.743286 0.790936
5.01 0.0477681 -0.758563 0.806331
5.02 0.0478213 -0.772274 0.820095
5.03 0.0477995 -0.784405 0.832204
5.04 0.0476936 -0.794942 0.842635
5.05 0.047495 -0.803876 0.851371
5.06 0.0471959 -0.811201 0.858397
5.07 0.0467896 -0.816916 0.863705
5.08 0.0462697 -0.82102 0.867289
5.09 0.0456312 -0.823518 0.869149
5.1 0.0448697 -0.824417 0.869287
5.11 0.043982 -0.823729 0.867711
5.12 0.0429655 -0.821467 0.864433
5.13 0.0418168 -0.817651 0.859468
5.14 0.0405371 -0.812301 0.852838
5.15 0.0391274 -0.805439 0.844566
5.16 0.037589 -0.797093 0.834682
5.17 0.0359243 -0.787293 0.823218
5.18 0.0341367 -0.776073 0.81021
5.19 0.0322302 -0.76347 0.7957
5.2 0.0302098 -0.749522 0.779732
5.21 0.0280813 -0.734272 0.762353
5.22 0.0258511 -0.717766 0.743618
5.23 0.0235264 -0.700053 0.723579
5.24 0.021115 -0.681183 0.702298
5.25 0.0186253 -0.661209 0.679834
5.26 0.0160661 -0.640189 0.656255
5.27 0.0134466 -0.618181 0.631627
5.28 0.0107762 -0.595246 0.606022
5.29 0.0080658 -0.571447 0.579512
5.3 0.00532564 -0.546849 0.552174
5.31 0.00256614 -0.521519 0.524085
5.32 -0.000202194 -0.495526 0.495324
5.33 -0.00296883 -0.468942 0.465973
5.34 -0.00572328 -0.441837 0.436114
5.35 -0.0084552 -0.414286 0.405831
5.36 -0.0111544 -0.386362 0.375208
5.37 -0.013811 -0.358142 0.344331
5.38 -0.0164154 -0.3297 0.313284
5.39 -0.0189583 -0.301113 0.282155
5.4 -0.021431 -0.272458 0.251027
5.41 -0.0238252 -0.243811 0.219986
5.42 -0.026132 -0.215248 0.189116
5.43 -0.0283444 -0.186844 0.1585
5.44 -0.0304565 -0.158676 0.128219
5.45 -0.0324625 -0.130817 0.0983545
5.46 -0.034357 -0.103341 0.068984
5.47 -0.0361358 -0.0763193 0.0401835
5.48 -0.037795 -0.0498219 0.0120269
5.49 -0.0393316 -0.0239168 -0.0154148
5.5 -0.0407434 0.00133006 -0.0420735
5.51 -0.042029 0.0258552 -0.0678842
5.52 -0.0431875 0.0495978 -0.0927853
5.53 -0.0442191 0.0724998 -0.116719
5.54 -0.0451244 0.0945063 -0.139631
5.55 -0.0459051 0.115565 -0.16147
5.56 -0.0465632 0.135629 -0.182192
5.57 -0.0470997 0.154654 -0.201754
5.58 -0.0475201 0.172598 -0.220118
5.59 -0.0478288 0.189424 -0.237253
5.6 -0.0480303 0.205099 -0.25313
5.61 -0.04813 0.219595 -0.267725
5.62 -0.0481336 0.232887 -0.28102
5.63 -0.0480472 0.244955 -0.293002
5.64 -0.0478775 0.255785 -0.303662
5.65 -0.0476311 0.265365 -0.312996
5.66 -0.0473153 0.273691 -0.321006
5.67 -0.0469374 0.280759 -0.327696
5.68 -0.0465048 0.286574 -0.333079
5.69 -0.0460252 0.291144 -0.337169
5.7 -0.0455062 0.294481 -0.339987
5.71 -0.0449552 0.296602 -0.341557
5.72 -0.0443799 0.297528 -0.341908
5.73 -0.0437879 0.297286 -0.341074
5.74 -0.0431865 0.295905 -0.339091
5.75 -0.0425826 0.293418 -0.336001
5.76 -0.041983 0.289866 -0.331849
5.77 -0.0413938 0.285288 -0.326682
5.78 -0.0408211 0.27973 -0.320551
5.79 -0.0402704 0.273242 -0.313512
5.8 -0.0397466 0.265875 -0.305621
5.81 -0.0392544 0.257683 -0.296937
5.82 -0.0387978 0.248723 -0.287521
5.83 -0.0383801 0.239057 -0.277437
5.84 -0.0380044 0.228744 -0.266748
5.85 -0.0376729 0.217848 -0.255521
5.86 -0.0373878 0.206435 -0.243823
5.87 -0.03715 0.194569 -0.231719
5.88 -0.0369595 0.182319 -0.219279
5.89 -0.0368163 0.169752 -0.206568
5.9 -0.0367193 0.156935 -0.193654
5.91 -0.0366674 0.143935 -0.180603
5.92 -0.0366583 0.130821 -0.167479
5.93 -0.0366896 0.117659 -0.154348
5.94 -0.0367581 0.104513 -0.141271
5.95 -0.0368603 0.091448 -0.128308
5.96 -0.0369919 0.0785263 -0.115518
5.97 -0.0371484 0.0658083 -0.102957
5.98 -0.0373249 0.0533522 -0.0906771
5.99 -0.0375158 0.0412138 -0.0787296
6 -0.0377157 0.0294459 -0.0671616
6.01 -0.0379183 0.0180989 -0.0560172
6.02 -0.0381173 0.00721992 -0.0453372
6.03 -0.0383064 -0.00314774 -0.0351587
6.04 -0.0384789 -0.0129639 -0.025515
6.05 -0.0386282 -0.0221922 -0.016436
6.06 -0.0387477 -0.0308005 -0.00794724
6.07 -0.0388307 -0.03876 -7.06773e-05
6.08 -0.0388707 -0.0460466 0.0071759
6.09 -0.0388613 -0.05264 0.0137787
6.1 -0.0387962 -0.0585241 0.0197279
6.11 -0.0386694 -0.0636872 0.0250178
6.12 -0.0384751 -0.0681215 0.0296464
6.13 -0.038208 -0.0718239 0.0336159
6.14 -0.0378631 -0.0747953 0.0369322
6.15 -0.0374349 -0.0770396 0.0396047
6.16 -0.036919 -0.0785657 0.0416467
6.17 -0.0363126 -0.0793872 0.0430746
6.18 -0.0356126 -0.079521 0.0439084
6.19 -0.0348163 -0.0789871 0.0441708
6.2 -0.0339218 -0.0778097 0.0438879
6.21 -0.0329276 -0.0760156 0.043088
6.22 -0.031833 -0.0736351 0.0418021
6.23 -0.0306377 -0.0707011 0.0400634
6.24 -0.0293423 -0.0672494 0.0379071
6.25 -0.0279478 -0.0633179 0.0353701
6.26 -0.0264559 -0.0589467 0.0324908
6.27 -0.0248691 -0.0541778 0.0293087
6.28 -0.0231904 -0.0490547 0.0258643
6.29 -0.0214233 -0.0436222 0.0221989
6.3 -0.019571 -0.037925 0.018354
6.31 -0.0176393 -0.0320105 0.0143712
6.32 -0.0156339 -0.0259259 0.010292
6.33 -0.0135607 -0.0197182 0.00615755
6.34 -0.0114261 -0.0134343 0.00200817
6.35 -0.00923697 -0.00712027 -0.0021167
6.36 -0.00700054 -0.00082171 -0.00617883
6.37 -0.00472447 0.00541696 -0.0101414
6.38 -0.00241673 0.0115526 -0.0139694
6.39 -8.55707e-05 0.0175438 -0.0176293
6.4 0.00226051 0.0233507 -0.0210902
6.41 0.00461285 0.0289358 -0.0243229
6.42 0.00696263 0.0342637 -0.027301
6.43 0.00930097 0.0393016 -0.0300006
6.44 0.0116188 0.0440192 -0.0324004
6.45 0.0139068 0.0483887 -0.0344819
6.46 0.0161564 0.0523861 -0.0362297
6.47 0.0183588 0.05599 -0.0376312
6.48 0.0205057 0.0591827 -0.038677
6.49 0.0225888 0.0619495 -0.0393607
6.5 0.0246 0.0642791 -0.0396791
6.51 0.0265317 0.0661635 -0.0396318
6.52 0.0283768 0.0675986 -0.0392218
6.53 0.0301282 0.0685832 -0.038455
6.54 0.0317797 0.0691199 -0.0373402
6.55 0.0333254 0.0692145 -0.0358891
6.56 0.0347599 0.0688761 -0.0341162
6.57 0.0360784 0.0681171 -0.0320387
6.58 0.0372768 0.0669529 -0.0296761
6.59 0.0383501 0.0654006 -0.0270505
6.6 0.0392956 0.0634816 -0.024186
6.61 0.040112 0.0612207 -0.0211087
6.62 0.0407977 0.0586444 -0.0178467
6.63 0.0413519 0.0557813 -0.0144294
6.64 0.0417742 0.052662 -0.0108878
6.65 0.0420651 0.0493192 -0.00725411
6.66 0.0422257 0.0457869 -0.00356117
6.67 0.0422577 0.0421004 0.000157275
6.68 0.0421634 0.0382963 0.00386712
6.69 0.041946 0.0344119 0.00753406
6.7 0.041609 0.0304852 0.0111238
6.71 0.0411567 0.0265542 0.0146025
6.72 0.0405938 0.0226571 0.0179367
6.73 0.0399255 0.0188317 0.0210938
6.74 0.0391562 0.015114 0.0240422
6.75 0.0382936 0.011542 0.0267516
6.76 0.0373446 0.00815155 0.029193
6.77 0.0363162 0.00497675 0.0313394
6.78 0.0352157 0.00205024 0.0331655
6.79 0.0340507 -0.000597143 0.0346478
6.8 0.0328291 -0.0029365 0.0357656
6.81 0.0315589 -0.00494122 0.0365001
6.82 0.0302481 -0.00658725 0.0368353
6.83 0.0289051 -0.00785278 0.0367579
6.84 0.027538 -0.0087191 0.0362571
6.85 0.0261551 -0.00917015 0.0353252
6.86 0.0247644 -0.00919312 0.0339575
6.87 0.023374 -0.00877809 0.0321521
6.88 0.0219918 -0.00791837 0.0299102
6.89 0.0206258 -0.00661021 0.027236
6.9 0.0192831 -0.00485378 0.0241369
6.91 0.0179708 -0.00265228 0.0206231
6.92 0.0166955 -1.23784e-05 0.0167079
6.93 0.0154636 0.00305618 0.0124074
6.94 0.0142809 0.0065402 0.0077407
6.95 0.0131528 0.0104234 0.00272939
6.96 0.0120842 0.0146864 -0.00260221
6.97 0.0110795 0.0193069 -0.00822736
6.98 0.0101427 0.0242597 -0.014117
6.99 0.00927696 0.0295169 -0.0202399
7 0.00848517 0.0350482 -0.026563
