# Generated on Sun Sep  5 22:19:42 2021 by yr2369.
# This file was created by PDFgui.
#S 1
#L r  Gtrunc  Gdiff  Gcalc
1.79 -0.151299 0.263001 -0.4143
1.8 -0.159895 0.282679 -0.442574
1.81 -0.1689 0.301419 -0.470319
1.82 -0.178265 0.319157 -0.497422
1.83 -0.187939 0.335831 -0.52377
1.84 -0.197866 0.35139 -0.549256
1.85 -0.20799 0.365787 -0.573777
1.86 -0.218252 0.378983 -0.597235
1.87 -0.22859 0.390949 -0.619539
1.88 -0.238941 0.401659 -0.6406
1.89 -0.249238 0.411104 -0.660342
1.9 -0.259418 0.419274 -0.678692
1.91 -0.269407 0.426178 -0.695585
1.92 -0.27914 0.431827 -0.710967
1.93 -0.288548 0.436241 -0.724789
1.94 -0.297565 0.43945 -0.737015
1.95 -0.306121 0.441494 -0.747615
1.96 -0.314152 0.442418 -0.75657
1.97 -0.32159 0.44228 -0.76387
1.98 -0.328372 0.441144 -0.769516
1.99 -0.334436 0.439081 -0.773517
2 -0.339721 0.436173 -0.775894
2.01 -0.34417 0.432506 -0.776676
2.02 -0.347728 0.428174 -0.775902
2.03 -0.350343 0.423279 -0.773622
2.04 -0.351966 0.417928 -0.769894
2.05 -0.35255 0.412235 -0.764785
2.06 -0.352039 0.406332 -0.758371
2.07 -0.350414 0.400323 -0.750737
2.08 -0.347641 0.394332 -0.741973
2.09 -0.343694 0.388486 -0.73218
2.1 -0.338549 0.382915 -0.721464
2.11 -0.332191 0.377744 -0.709935
2.12 -0.324606 0.373107 -0.697713
2.13 -0.315786 0.369133 -0.684919
2.14 -0.305732 0.365947 -0.671679
2.15 -0.294445 0.363678 -0.658123
2.16 -0.281936 0.362446 -0.644382
2.17 -0.268218 0.362374 -0.630592
2.18 -0.253313 0.363572 -0.616885
2.19 -0.237246 0.366151 -0.603397
2.2 -0.220037 0.370223 -0.59026
2.21 -0.201726 0.375882 -0.577608
2.22 -0.182363 0.383204 -0.565567
2.23 -0.161996 0.392269 -0.554265
2.24 -0.140677 0.403146 -0.543823
2.25 -0.118463 0.415892 -0.534355
2.26 -0.0954143 0.430559 -0.525974
2.27 -0.0715969 0.447184 -0.518781
2.28 -0.0470801 0.465791 -0.512872
2.29 -0.0219372 0.486397 -0.508334
2.3 0.00375515 0.509001 -0.505246
2.31 0.0299171 0.533594 -0.503677
2.32 0.056466 0.56015 -0.503684
2.33 0.0833169 0.588632 -0.505315
2.34 0.110382 0.618988 -0.508606
2.35 0.137574 0.651156 -0.513582
2.36 0.164798 0.685053 -0.520255
2.37 0.191963 0.720588 -0.528625
2.38 0.218976 0.757655 -0.538679
2.39 0.245746 0.796138 -0.550392
2.4 0.272181 0.835906 -0.563725
2.41 0.298191 0.876817 -0.578626
2.42 0.323684 0.918714 -0.59503
2.43 0.348572 0.961434 -0.612862
2.44 0.372768 1.0048 -0.632029
2.45 0.396189 1.04862 -0.652431
2.46 0.418752 1.09271 -0.673953
2.47 0.440377 1.13685 -0.696469
2.48 0.46099 1.18083 -0.719841
2.49 0.480513 1.22444 -0.743923
2.5 0.498865 1.26742 -0.768556
2.51 0.515998 1.30957 -0.793575
2.52 0.531853 1.35066 -0.818803
2.53 0.546376 1.39043 -0.844057
2.54 0.559518 1.42867 -0.869148
2.55 0.571234 1.46511 -0.893879
2.56 0.581486 1.49954 -0.918051
2.57 0.590242 1.5317 -0.941458
2.58 0.597474 1.56137 -0.963893
2.59 0.603162 1.58831 -0.985145
2.6 0.60729 1.6123 -1.00501
2.61 0.609848 1.63311 -1.02326
2.62 0.610834 1.65054 -1.03971
2.63 0.610251 1.66439 -1.05414
2.64 0.60809 1.67444 -1.06635
2.65 0.604373 1.68052 -1.07614
2.66 0.599133 1.68246 -1.08333
2.67 0.592396 1.68012 -1.08772
2.68 0.584195 1.67334 -1.08915
2.69 0.574568 1.662 -1.08743
2.7 0.563558 1.64599 -1.08243
2.71 0.551214 1.6252 -1.07399
2.72 0.537589 1.59956 -1.06197
2.73 0.52274 1.56901 -1.04627
2.74 0.506731 1.53349 -1.02676
2.75 0.489626 1.493 -1.00337
2.76 0.471497 1.44751 -0.976011
2.77 0.452416 1.39704 -0.944627
2.78 0.432459 1.34163 -0.909174
2.79 0.411694 1.28132 -0.869625
2.8 0.390217 1.21619 -0.825972
2.81 0.368111 1.14634 -0.778224
2.82 0.345462 1.07187 -0.726409
2.83 0.322355 0.992926 -0.670571
2.84 0.298879 0.909654 -0.610775
2.85 0.275119 0.822222 -0.547103
2.86 0.251163 0.730819 -0.479656
2.87 0.227099 0.635652 -0.408553
2.88 0.203012 0.536942 -0.33393
2.89 0.178987 0.434928 -0.255941
2.9 0.155107 0.329865 -0.174758
2.91 0.131455 0.222023 -0.090568
2.92 0.10811 0.111684 -0.00357402
2.93 0.0851516 -0.000853576 0.0860052
2.94 0.0626577 -0.115279 0.177937
2.95 0.0406948 -0.23128 0.271974
2.96 0.0193299 -0.348529 0.367859
2.97 -0.00137346 -0.466694 0.465321
2.98 -0.0213559 -0.585433 0.564078
2.99 -0.0405621 -0.704402 0.66384
3 -0.0589412 -0.82325 0.764309
3.01 -0.0764469 -0.941625 0.865178
3.02 -0.0930377 -1.05917 0.966137
3.03 -0.108677 -1.17555 1.06687
3.04 -0.123332 -1.29039 1.16706
3.05 -0.136977 -1.40335 1.26638
3.06 -0.149591 -1.5141 1.36451
3.07 -0.161155 -1.62229 1.46113
3.08 -0.171646 -1.72757 1.55593
3.09 -0.181065 -1.82964 1.64858
3.1 -0.189416 -1.9282 1.73878
3.11 -0.196703 -2.02293 1.82623
3.12 -0.202936 -2.11356 1.91062
3.13 -0.208128 -2.19981 1.99168
3.14 -0.212296 -2.28141 2.06912
3.15 -0.215464 -2.35814 2.14268
3.16 -0.217657 -2.42976 2.2121
3.17 -0.218908 -2.49606 2.27715
3.18 -0.219251 -2.55685 2.3376
3.19 -0.218723 -2.61197 2.39324
3.2 -0.217367 -2.66125 2.44388
3.21 -0.215228 -2.70458 2.48935
3.22 -0.21235 -2.74182 2.52947
3.23 -0.208776 -2.7729 2.56413
3.24 -0.20457 -2.79776 2.59319
3.25 -0.199786 -2.81634 2.61655
3.26 -0.19448 -2.82863 2.63415
3.27 -0.188709 -2.83462 2.64591
3.28 -0.18253 -2.83433 2.6518
3.29 -0.176002 -2.82781 2.65181
3.3 -0.169184 -2.81511 2.64593
3.31 -0.162134 -2.79633 2.63419
3.32 -0.154912 -2.77156 2.61665
3.33 -0.147574 -2.74092 2.59335
3.34 -0.140179 -2.70458 2.5644
3.35 -0.13278 -2.66267 2.52989
3.36 -0.125433 -2.61539 2.48995
3.37 -0.118192 -2.56292 2.44473
3.38 -0.111107 -2.5055 2.39439
3.39 -0.104226 -2.44333 2.33911
3.4 -0.0975945 -2.37668 2.27908
3.41 -0.0912551 -2.30577 2.21452
3.42 -0.0852475 -2.2309 2.14565
3.43 -0.0796086 -2.15232 2.07271
3.44 -0.0743718 -2.07034 1.99596
3.45 -0.0695674 -1.98523 1.91566
3.46 -0.065222 -1.89731 1.83209
3.47 -0.0613588 -1.80687 1.74552
3.48 -0.0579974 -1.71424 1.65624
3.49 -0.0551535 -1.61972 1.56457
3.5 -0.0528393 -1.52363 1.47079
3.51 -0.0510632 -1.42629 1.37523
3.52 -0.0498381 -1.32801 1.27817
3.53 -0.0491586 -1.22911 1.17995
3.54 -0.04902 -1.12989 1.08087
3.55 -0.0494159 -1.03065 0.981231
3.56 -0.0503366 -0.93169 0.881353
3.57 -0.0517689 -0.833307 0.781538
3.58 -0.0536964 -0.735779 0.682083
3.59 -0.0560995 -0.639382 0.583283
3.6 -0.0589559 -0.544378 0.485422
3.61 -0.0622403 -0.451021 0.38878
3.62 -0.0659251 -0.35955 0.293625
3.63 -0.06998 -0.270194 0.200214
3.64 -0.0743728 -0.183167 0.108795
3.65 -0.0790692 -0.0986713 0.0196021
3.66 -0.084034 -0.0168921 -0.0671419
3.67 -0.0892315 0.0619974 -0.151229
3.68 -0.0946187 0.137846 -0.232465
3.69 -0.100156 0.210514 -0.31067
3.7 -0.105803 0.279877 -0.38568
3.71 -0.111518 0.34583 -0.457348
3.72 -0.117259 0.408281 -0.52554
3.73 -0.122987 0.467154 -0.590141
3.74 -0.128658 0.522394 -0.651052
3.75 -0.134233 0.573956 -0.708189
3.76 -0.139672 0.621814 -0.761486
3.77 -0.144935 0.665959 -0.810894
3.78 -0.149984 0.706395 -0.856379
3.79 -0.154783 0.743142 -0.897925
3.8 -0.159296 0.776233 -0.935529
3.81 -0.163486 0.805722 -0.969208
3.82 -0.167322 0.831667 -0.998989
3.83 -0.170776 0.854142 -1.02492
3.84 -0.173822 0.87323 -1.04705
3.85 -0.176434 0.889029 -1.06546
3.86 -0.178591 0.901644 -1.08024
3.87 -0.180272 0.911194 -1.09147
3.88 -0.18146 0.917803 -1.09926
3.89 -0.182141 0.921603 -1.10374
3.9 -0.182303 0.922734 -1.10504
3.91 -0.181937 0.921343 -1.10328
3.92 -0.181037 0.91758 -1.09862
3.93 -0.1796 0.9116 -1.0912
3.94 -0.177626 0.903561 -1.08119
3.95 -0.175117 0.893624 -1.06874
3.96 -0.17207 0.881959 -1.05403
3.97 -0.168501 0.868721 -1.03722
3.98 -0.164422 0.854071 -1.01849
3.99 -0.159846 0.838171 -0.998017
4 -0.154789 0.821178 -0.975967
4.01 -0.149269 0.803251 -0.95252
4.02 -0.143306 0.784542 -0.927848
4.03 -0.136924 0.765199 -0.902123
4.04 -0.130147 0.745366 -0.875513
4.05 -0.123 0.725183 -0.848183
4.06 -0.115513 0.70478 -0.820293
4.07 -0.107713 0.684287 -0.792
4.08 -0.0996335 0.66382 -0.763454
4.09 -0.0913045 0.643493 -0.734797
4.1 -0.0827583 0.623409 -0.706168
4.11 -0.074028 0.603667 -0.677695
4.12 -0.0651505 0.584351 -0.649502
4.13 -0.0561603 0.565541 -0.621702
4.14 -0.0470921 0.547308 -0.5944
4.15 -0.0379807 0.529715 -0.567696
4.16 -0.0288605 0.512816 -0.541676
4.17 -0.0197657 0.496656 -0.516421
4.18 -0.0107298 0.481272 -0.492002
4.19 -0.00178572 0.466693 -0.468479
4.2 0.00703453 0.452941 -0.445906
4.21 0.0157 0.440027 -0.424327
4.22 0.024181 0.427957 -0.403776
4.23 0.0324489 0.41673 -0.384281
4.24 0.0404769 0.406336 -0.365859
4.25 0.048236 0.396757 -0.348521
4.26 0.0557034 0.387972 -0.332269
4.27 0.0628589 0.379957 -0.317098
4.28 0.0696827 0.37268 -0.302997
4.29 0.0761567 0.366104 -0.289948
4.3 0.0822647 0.36019 -0.277925
4.31 0.087993 0.354893 -0.2669
4.32 0.0933297 0.350166 -0.256836
4.33 0.0982649 0.345961 -0.247696
4.34 0.102791 0.342225 -0.239434
4.35 0.106903 0.338907 -0.232004
4.36 0.110597 0.335954 -0.225357
4.37 0.113872 0.333311 -0.219439
4.38 0.116728 0.330925 -0.214197
4.39 0.119169 0.328746 -0.209577
4.4 0.121193 0.326714 -0.205521
4.41 0.122812 0.324785 -0.201973
4.42 0.124037 0.322916 -0.198879
4.43 0.124877 0.32106 -0.196183
4.44 0.125344 0.319175 -0.193831
4.45 0.125453 0.317225 -0.191772
4.46 0.125216 0.315172 -0.189956
4.47 0.124652 0.312987 -0.188335
4.48 0.123777 0.310643 -0.186866
4.49 0.12261 0.308118 -0.185508
4.5 0.12117 0.305392 -0.184222
4.51 0.119477 0.302453 -0.182976
4.52 0.117552 0.299291 -0.181739
4.53 0.115416 0.295902 -0.180486
4.54 0.11309 0.292285 -0.179195
4.55 0.110596 0.288446 -0.17785
4.56 0.107958 0.284394 -0.176436
4.57 0.105198 0.280145 -0.174947
4.58 0.102338 0.275715 -0.173377
4.59 0.099399 0.271127 -0.171728
4.6 0.0964028 0.266406 -0.170003
4.61 0.0933699 0.261581 -0.168211
4.62 0.0903203 0.256684 -0.166363
4.63 0.0872733 0.25175 -0.164476
4.64 0.0842473 0.246816 -0.162569
4.65 0.08126 0.241924 -0.160664
4.66 0.0783277 0.237112 -0.158784
4.67 0.0754659 0.232425 -0.156959
4.68 0.0726888 0.227906 -0.155217
4.69 0.0700111 0.2236 -0.153589
4.7 0.0674437 0.219551 -0.152107
4.71 0.0649966 0.215801 -0.150805
4.72 0.0626789 0.212395 -0.149716
4.73 0.0604982 0.209373 -0.148874
4.74 0.0584608 0.206774 -0.148313
4.75 0.0565716 0.204638 -0.148066
4.76 0.0548341 0.202998 -0.148164
4.77 0.0532504 0.201887 -0.148637
4.78 0.0518215 0.201335 -0.149513
4.79 0.0505468 0.201366 -0.150819
4.8 0.0494245 0.202002 -0.152577
4.81 0.0484516 0.20326 -0.154808
4.82 0.0476239 0.205152 -0.157528
4.83 0.0469365 0.207688 -0.160751
4.84 0.0463846 0.210871 -0.164486
4.85 0.0459587 0.214696 -0.168738
4.86 0.0456505 0.219158 -0.173507
4.87 0.0454507 0.224242 -0.178791
4.88 0.0453497 0.22993 -0.18458
4.89 0.0453369 0.236198 -0.190861
4.9 0.0454013 0.243018 -0.197617
4.91 0.0455313 0.250355 -0.204823
4.92 0.0457152 0.258168 -0.212453
4.93 0.0459407 0.266414 -0.220473
4.94 0.0461956 0.275041 -0.228846
4.95 0.0464675 0.283996 -0.237529
4.96 0.0467439 0.29322 -0.246476
4.97 0.0470125 0.302648 -0.255636
4.98 0.0472611 0.312214 -0.264953
4.99 0.0474773 0.321845 -0.274368
5 0.04765 0.331469 -0.283819
5.01 0.0477681 0.341008 -0.29324
5.02 0.0478213 0.350383 -0.302562
5.03 0.0477995 0.359514 -0.311714
5.04 0.0476936 0.368316 -0.320623
5.05 0.047495 0.376708 -0.329213
5.06 0.0471959 0.384604 -0.337409
5.07 0.0467896 0.391922 -0.345132
5.08 0.0462697 0.398577 -0.352307
5.09 0.0456312 0.404487 -0.358856
5.1 0.0448697 0.409571 -0.364702
5.11 0.043982 0.413752 -0.36977
5.12 0.0429655 0.416952 -0.373987
5.13 0.0418168 0.419097 -0.37728
5.14 0.0405371 0.42012 -0.379582
5.15 0.0391274 0.419955 -0.380827
5.16 0.037589 0.418542 -0.380953
5.17 0.0359243 0.415825 -0.379901
5.18 0.0341367 0.411755 -0.377619
5.19 0.0322302 0.406288 -0.374057
5.2 0.0302098 0.399383 -0.369174
5.21 0.0280813 0.391011 -0.36293
5.22 0.0258511 0.381146 -0.355295
5.23 0.0235264 0.369771 -0.346244
5.24 0.021115 0.356873 -0.335758
5.25 0.0186253 0.342451 -0.323826
5.26 0.0160661 0.326508 -0.310442
5.27 0.0134466 0.309057 -0.29561
5.28 0.0107762 0.290116 -0.27934
5.29 0.0080658 0.269714 -0.261648
5.3 0.00532564 0.247886 -0.242561
5.31 0.00256614 0.224675 -0.222109
5.32 -0.000202194 0.20013 -0.200333
5.33 -0.00296883 0.17431 -0.177279
5.34 -0.00572328 0.14728 -0.153003
5.35 -0.0084552 0.11911 -0.127565
5.36 -0.0111544 0.0898785 -0.101033
5.37 -0.013811 0.0596709 -0.0734819
5.38 -0.0164154 0.0285773 -0.0449927
5.39 -0.0189583 -0.00330643 -0.0156519
5.4 -0.021431 -0.0358791 0.0144481
5.41 -0.0238252 -0.0690351 0.0452099
5.42 -0.026132 -0.102663 0.0765312
5.43 -0.0283444 -0.13665 0.108306
5.44 -0.0304565 -0.17088 0.140423
5.45 -0.0324625 -0.205233 0.17277
5.46 -0.034357 -0.239588 0.205231
5.47 -0.0361358 -0.273823 0.237687
5.48 -0.037795 -0.307813 0.270018
5.49 -0.0393316 -0.341436 0.302105
5.5 -0.0407434 -0.374568 0.333825
5.51 -0.042029 -0.407086 0.365057
5.52 -0.0431875 -0.43887 0.395683
5.53 -0.0442191 -0.469801 0.425582
5.54 -0.0451244 -0.499764 0.454639
5.55 -0.0459051 -0.528645 0.48274
5.56 -0.0465632 -0.556337 0.509774
5.57 -0.0470997 -0.582733 0.535633
5.58 -0.0475201 -0.607736 0.560216
5.59 -0.0478288 -0.631252 0.583424
5.6 -0.0480303 -0.653195 0.605165
5.61 -0.04813 -0.673482 0.625352
5.62 -0.0481336 -0.69204 0.643906
5.63 -0.0480472 -0.7088 0.660753
5.64 -0.0478775 -0.723703 0.675826
5.65 -0.0476311 -0.736697 0.689066
5.66 -0.0473153 -0.747737 0.700421
5.67 -0.0469374 -0.756787 0.70985
5.68 -0.0465048 -0.763821 0.717316
5.69 -0.0460252 -0.768818 0.722793
5.7 -0.0455062 -0.771769 0.726263
5.71 -0.0449552 -0.772672 0.727717
5.72 -0.0443799 -0.771534 0.727154
5.73 -0.0437879 -0.768369 0.724581
5.74 -0.0431865 -0.763204 0.720017
5.75 -0.0425826 -0.756069 0.713486
5.76 -0.041983 -0.747005 0.705022
5.77 -0.0413938 -0.73606 0.694667
5.78 -0.0408211 -0.723292 0.682471
5.79 -0.0402704 -0.708762 0.668492
5.8 -0.0397466 -0.692543 0.652796
5.81 -0.0392544 -0.67471 0.635455
5.82 -0.0387978 -0.655347 0.616549
5.83 -0.0383801 -0.634543 0.596163
5.84 -0.0380044 -0.612394 0.57439
5.85 -0.0376729 -0.588999 0.551326
5.86 -0.0373878 -0.564461 0.527073
5.87 -0.03715 -0.538889 0.501739
5.88 -0.0369595 -0.512393 0.475433
5.89 -0.0368163 -0.485086 0.44827
5.9 -0.0367193 -0.457085 0.420366
5.91 -0.0366674 -0.428507 0.391839
5.92 -0.0366583 -0.399469 0.362811
5.93 -0.0366896 -0.370091 0.333402
5.94 -0.0367581 -0.340492 0.303734
5.95 -0.0368603 -0.310788 0.273928
5.96 -0.0369919 -0.281096 0.244104
5.97 -0.0371484 -0.251531 0.214383
5.98 -0.0373249 -0.222205 0.18488
5.99 -0.0375158 -0.193227 0.155711
6 -0.0377157 -0.164702 0.126986
6.01 -0.0379183 -0.136732 0.098814
6.02 -0.0381173 -0.109415 0.0712974
6.03 -0.0383064 -0.0828419 0.0445355
6.04 -0.0384789 -0.0571007 0.0186218
6.05 -0.0386282 -0.032273 -0.00635518
6.06 -0.0387477 -0.00843442 -0.0303133
6.07 -0.0388307 0.0143457 -0.0531764
6.08 -0.0388707 0.0360042 -0.0748749
6.09 -0.0388613 0.056485 -0.0953463
6.1 -0.0387962 0.0757386 -0.114535
6.11 -0.0386694 0.0937229 -0.132392
6.12 -0.0384751 0.110403 -0.148878
6.13 -0.038208 0.12575 -0.163958
6.14 -0.0378631 0.139744 -0.177607
6.15 -0.0374349 0.152372 -0.189807
6.16 -0.036919 0.163628 -0.200547
6.17 -0.0363126 0.173513 -0.209825
6.18 -0.0356126 0.182033 -0.217646
6.19 -0.0348163 0.189204 -0.22402
6.2 -0.0339218 0.195046 -0.228968
6.21 -0.0329276 0.199588 -0.232515
6.22 -0.031833 0.202862 -0.234695
6.23 -0.0306377 0.204908 -0.235546
6.24 -0.0293423 0.205772 -0.235114
6.25 -0.0279478 0.205502 -0.23345
6.26 -0.0264559 0.204155 -0.230611
6.27 -0.0248691 0.201788 -0.226658
6.28 -0.0231904 0.198466 -0.221657
6.29 -0.0214233 0.194255 -0.215678
6.3 -0.019571 0.189224 -0.208795
6.31 -0.0176393 0.183447 -0.201086
6.32 -0.0156339 0.176997 -0.19263
6.33 -0.0135607 0.169949 -0.183509
6.34 -0.0114261 0.162381 -0.173807
6.35 -0.00923697 0.154371 -0.163608
6.36 -0.00700054 0.145998 -0.152998
6.37 -0.00472447 0.137338 -0.142063
6.38 -0.00241673 0.128471 -0.130887
6.39 -8.55707e-05 0.119471 -0.119556
6.4 0.00226051 0.110413 -0.108153
6.41 0.00461285 0.101371 -0.0967581
6.42 0.00696263 0.0924142 -0.0854516
6.43 0.00930097 0.0836107 -0.0743097
6.44 0.0116188 0.0750248 -0.063406
6.45 0.0139068 0.0667172 -0.0528104
6.46 0.0161564 0.0587454 -0.042589
6.47 0.0183588 0.0511628 -0.032804
6.48 0.0205057 0.0440186 -0.0235129
6.49 0.0225888 0.0373574 -0.0147686
6.5 0.0246 0.0312191 -0.00661911
6.51 0.0265317 0.0256387 0.000892956
6.52 0.0283768 0.0206467 0.00773014
6.53 0.0301282 0.0162677 0.0138605
6.54 0.0317797 0.0125219 0.0192578
6.55 0.0333254 0.00942425 0.0239011
6.56 0.0347599 0.0069842 0.0277757
6.57 0.0360784 0.00520631 0.0308721
6.58 0.0372768 0.00409018 0.0331866
6.59 0.0383501 0.00362889 0.0347212
6.6 0.0392956 0.00381241 0.0354832
6.61 0.040112 0.00462675 0.0354852
6.62 0.0407977 0.00605246 0.0347452
6.63 0.0413519 0.00806595 0.033286
6.64 0.0417742 0.0106393 0.0311349
6.65 0.0420651 0.0137409 0.0283242
6.66 0.0422257 0.0173358 0.0248899
6.67 0.0422577 0.0213856 0.0208721
6.68 0.0421634 0.0258488 0.0163146
6.69 0.041946 0.0306817 0.0112643
6.7 0.041609 0.0358382 0.00577084
6.71 0.0411567 0.0412701 -0.000113414
6.72 0.0405938 0.0469279 -0.00633409
6.73 0.0399255 0.0527606 -0.0128351
6.74 0.0391562 0.0587151 -0.0195589
6.75 0.0382936 0.0647408 -0.0264472
6.76 0.0373446 0.0707857 -0.0334411
6.77 0.0363162 0.0767978 -0.0404816
6.78 0.0352157 0.0827257 -0.04751
6.79 0.0340507 0.0885188 -0.0544681
6.8 0.0328291 0.0941281 -0.061299
6.81 0.0315589 0.099506 -0.0679471
6.82 0.0302481 0.104607 -0.0743586
6.83 0.0289051 0.109387 -0.0804818
6.84 0.027538 0.113806 -0.0862675
6.85 0.0261551 0.117824 -0.0916693
6.86 0.0247644 0.121408 -0.0966438
6.87 0.023374 0.124525 -0.101151
6.88 0.0219918 0.127146 -0.105154
6.89 0.0206258 0.129246 -0.10862
6.9 0.0192831 0.130804 -0.111521
6.91 0.0179708 0.131802 -0.113831
6.92 0.0166955 0.132227 -0.115531
6.93 0.0154636 0.132068 -0.116604
6.94 0.0142809 0.131319 -0.117039
6.95 0.0131528 0.12998 -0.116827
6.96 0.0120842 0.128052 -0.115967
6.97 0.0110795 0.12554 -0.114461
6.98 0.0101427 0.122456 -0.112314
6.99 0.00927696 0.118813 -0.109536
7 0.00848517 0.114629 -0.106143
