# Generated on Sun Sep  5 22:18:45 2021 by yr2369.
# This file was created by PDFgui.
#S 1
#L r  Gtrunc  Gdiff  Gcalc
1.79 -0.151299 0.477361 -0.62866
1.8 -0.159895 0.543042 -0.702937
1.81 -0.1689 0.609472 -0.778372
1.82 -0.178265 0.67637 -0.854635
1.83 -0.187939 0.743445 -0.931384
1.84 -0.197866 0.810394 -1.00826
1.85 -0.20799 0.876906 -1.0849
1.86 -0.218252 0.942659 -1.16091
1.87 -0.22859 1.00733 -1.23592
1.88 -0.238941 1.07057 -1.30952
1.89 -0.249238 1.13207 -1.38131
1.9 -0.259418 1.19147 -1.45089
1.91 -0.269407 1.24845 -1.51785
1.92 -0.27914 1.30265 -1.58179
1.93 -0.288548 1.35376 -1.64231
1.94 -0.297565 1.40143 -1.69899
1.95 -0.306121 1.44533 -1.75146
1.96 -0.314152 1.48516 -1.79931
1.97 -0.32159 1.5206 -1.84219
1.98 -0.328372 1.55136 -1.87973
1.99 -0.334436 1.57714 -1.91157
2 -0.339721 1.59767 -1.9374
2.01 -0.34417 1.61271 -1.95688
2.02 -0.347728 1.62201 -1.96974
2.03 -0.350343 1.62535 -1.97569
2.04 -0.351966 1.62253 -1.97449
2.05 -0.35255 1.61337 -1.96592
2.06 -0.352039 1.59774 -1.94978
2.07 -0.350414 1.57549 -1.9259
2.08 -0.347641 1.5465 -1.89414
2.09 -0.343694 1.51069 -1.85439
2.1 -0.338549 1.46802 -1.80657
2.11 -0.332191 1.41845 -1.75064
2.12 -0.324606 1.36198 -1.68659
2.13 -0.315786 1.29864 -1.61443
2.14 -0.305732 1.2285 -1.53423
2.15 -0.294445 1.15162 -1.44607
2.16 -0.281936 1.06815 -1.35008
2.17 -0.268218 0.978207 -1.24643
2.18 -0.253313 0.881981 -1.13529
2.19 -0.237246 0.779672 -1.01692
2.2 -0.220037 0.671523 -0.89156
2.21 -0.201726 0.557792 -0.759518
2.22 -0.182363 0.438758 -0.621121
2.23 -0.161996 0.314732 -0.476728
2.24 -0.140677 0.186054 -0.326731
2.25 -0.118463 0.0530874 -0.17155
2.26 -0.0954143 -0.0837812 -0.0116331
2.27 -0.0715969 -0.224144 0.152547
2.28 -0.0470801 -0.367572 0.320492
2.29 -0.0219372 -0.513617 0.49168
2.3 0.00375515 -0.661816 0.665572
2.31 0.0299171 -0.811689 0.841606
2.32 0.056466 -0.962741 1.01921
2.33 0.0833169 -1.11447 1.19779
2.34 0.110382 -1.26636 1.37674
2.35 0.137574 -1.41788 1.55546
2.36 0.164798 -1.56852 1.73332
2.37 0.191963 -1.71775 1.90971
2.38 0.218976 -1.86502 2.084
2.39 0.245746 -2.00982 2.25557
2.4 0.272181 -2.15161 2.42379
2.41 0.298191 -2.28987 2.58807
2.42 0.323684 -2.4241 2.74778
2.43 0.348572 -2.55378 2.90235
2.44 0.372768 -2.67842 3.05119
2.45 0.396189 -2.79756 3.19375
2.46 0.418752 -2.91072 3.32947
2.47 0.440377 -3.01747 3.45785
2.48 0.46099 -3.11738 3.57837
2.49 0.480513 -3.21007 3.69059
2.5 0.498865 -3.29518 3.79404
2.51 0.515998 -3.37233 3.88833
2.52 0.531853 -3.44121 3.97306
2.53 0.546376 -3.50153 4.0479
2.54 0.559518 -3.55302 4.11254
2.55 0.571234 -3.59547 4.1667
2.56 0.581486 -3.62867 4.21016
2.57 0.590242 -3.65246 4.24271
2.58 0.597474 -3.66672 4.2642
2.59 0.603162 -3.67135 4.27452
2.6 0.60729 -3.66631 4.2736
2.61 0.609848 -3.65156 4.26141
2.62 0.610834 -3.62713 4.23796
2.63 0.610251 -3.59307 4.20332
2.64 0.60809 -3.5495 4.15759
2.65 0.604373 -3.49652 4.10089
2.66 0.599133 -3.4343 4.03343
2.67 0.592396 -3.36303 3.95542
2.68 0.584195 -3.28294 3.86713
2.69 0.574568 -3.1943 3.76887
2.7 0.563558 -3.09741 3.66097
2.71 0.551214 -2.9926 3.54381
2.72 0.537589 -2.88022 3.41781
2.73 0.52274 -2.76068 3.28342
2.74 0.506731 -2.63438 3.14111
2.75 0.489626 -2.50176 2.99139
2.76 0.471497 -2.36329 2.83479
2.77 0.452416 -2.21946 2.67188
2.78 0.432459 -2.07077 2.50323
2.79 0.411694 -1.91775 2.32944
2.8 0.390217 -1.76092 2.15114
2.81 0.368111 -1.60085 1.96896
2.82 0.345462 -1.43808 1.78354
2.83 0.322355 -1.27319 1.59555
2.84 0.298879 -1.10675 1.40563
2.85 0.275119 -0.939337 1.21446
2.86 0.251163 -0.771532 1.02269
2.87 0.227099 -0.603909 0.831008
2.88 0.203012 -0.437043 0.640055
2.89 0.178987 -0.2715 0.450487
2.9 0.155107 -0.107838 0.262945
2.91 0.131455 0.0533985 0.0780565
2.92 0.10811 0.211676 -0.103566
2.93 0.0851516 0.366481 -0.281329
2.94 0.0626577 0.517318 -0.45466
2.95 0.0406948 0.663702 -0.623008
2.96 0.0193299 0.805178 -0.785848
2.97 -0.00137346 0.941309 -0.942683
2.98 -0.0213559 1.07169 -1.09305
2.99 -0.0405621 1.19594 -1.2365
3 -0.0589412 1.3137 -1.37264
3.01 -0.0764469 1.42465 -1.50109
3.02 -0.0930377 1.5285 -1.62154
3.03 -0.108677 1.62499 -1.73366
3.04 -0.123332 1.71389 -1.83722
3.05 -0.136977 1.79501 -1.93199
3.06 -0.149591 1.86819 -2.01778
3.07 -0.161155 1.93331 -2.09447
3.08 -0.171646 1.9903 -2.16194
3.09 -0.181065 2.03908 -2.22015
3.1 -0.189416 2.07965 -2.26906
3.11 -0.196703 2.11201 -2.30871
3.12 -0.202936 2.13621 -2.33915
3.13 -0.208128 2.15235 -2.36048
3.14 -0.212296 2.16054 -2.37284
3.15 -0.215464 2.16094 -2.3764
3.16 -0.217657 2.15372 -2.37137
3.17 -0.218908 2.1391 -2.358
3.18 -0.219251 2.11732 -2.33657
3.19 -0.218723 2.08866 -2.30738
3.2 -0.217367 2.0534 -2.27077
3.21 -0.215228 2.01188 -2.22711
3.22 -0.21235 1.96444 -2.17679
3.23 -0.208776 1.91145 -2.12023
3.24 -0.20457 1.85329 -2.05786
3.25 -0.199786 1.79036 -1.99015
3.26 -0.19448 1.72307 -1.91755
3.27 -0.188709 1.65186 -1.84057
3.28 -0.18253 1.57717 -1.7597
3.29 -0.176002 1.49944 -1.67545
3.3 -0.169184 1.41915 -1.58833
3.31 -0.162134 1.33673 -1.49887
3.32 -0.154912 1.25267 -1.40758
3.33 -0.147574 1.16742 -1.31499
3.34 -0.140179 1.08143 -1.22161
3.35 -0.13278 0.995182 -1.12796
3.36 -0.125433 0.909105 -1.03454
3.37 -0.118192 0.823644 -0.941836
3.38 -0.111107 0.739227 -0.850334
3.39 -0.104226 0.656272 -0.760498
3.4 -0.0975945 0.575179 -0.672773
3.41 -0.0912551 0.496335 -0.58759
3.42 -0.0852475 0.420107 -0.505355
3.43 -0.0796086 0.346843 -0.426451
3.44 -0.0743718 0.276868 -0.35124
3.45 -0.0695674 0.210487 -0.280054
3.46 -0.065222 0.147979 -0.213201
3.47 -0.0613588 0.0895987 -0.150958
3.48 -0.0579974 0.0355752 -0.0935726
3.49 -0.0551535 -0.0138898 -0.0412637
3.5 -0.0528393 -0.0586217 0.00578239
3.51 -0.0510632 -0.0984743 0.0474111
3.52 -0.0498381 -0.133338 0.0835
3.53 -0.0491586 -0.163118 0.113959
3.54 -0.04902 -0.187751 0.138731
3.55 -0.0494159 -0.207206 0.15779
3.56 -0.0503366 -0.22148 0.171143
3.57 -0.0517689 -0.2306 0.178831
3.58 -0.0536964 -0.234619 0.180922
3.59 -0.0560995 -0.233618 0.177518
3.6 -0.0589559 -0.227704 0.168749
3.61 -0.0622403 -0.217013 0.154773
3.62 -0.0659251 -0.201702 0.135777
3.63 -0.06998 -0.181953 0.111973
3.64 -0.0743728 -0.157972 0.0835994
3.65 -0.0790692 -0.129985 0.050916
3.66 -0.084034 -0.0982392 0.0142052
3.67 -0.0892315 -0.0630006 -0.0262309
3.68 -0.0946187 -0.024547 -0.0700717
3.69 -0.100156 0.0168248 -0.116981
3.7 -0.105803 0.0608042 -0.166607
3.71 -0.111518 0.107069 -0.218587
3.72 -0.117259 0.155289 -0.272548
3.73 -0.122987 0.20512 -0.328107
3.74 -0.128658 0.256218 -0.384876
3.75 -0.134233 0.30823 -0.442463
3.76 -0.139672 0.360803 -0.500475
3.77 -0.144935 0.413582 -0.558517
3.78 -0.149984 0.466213 -0.616197
3.79 -0.154783 0.518345 -0.673128
3.8 -0.159296 0.569633 -0.728929
3.81 -0.163486 0.619741 -0.783227
3.82 -0.167322 0.668337 -0.835659
3.83 -0.170776 0.715099 -0.885875
3.84 -0.173822 0.759714 -0.933536
3.85 -0.176434 0.801887 -0.978321
3.86 -0.178591 0.841333 -1.01992
3.87 -0.180272 0.877788 -1.05806
3.88 -0.18146 0.911 -1.09246
3.89 -0.182141 0.940739 -1.12288
3.9 -0.182303 0.96679 -1.14909
3.91 -0.181937 0.988963 -1.1709
3.92 -0.181037 1.00709 -1.18812
3.93 -0.1796 1.02101 -1.20061
3.94 -0.177626 1.03061 -1.20823
3.95 -0.175117 1.03577 -1.21089
3.96 -0.17207 1.03643 -1.2085
3.97 -0.168501 1.03253 -1.20103
3.98 -0.164422 1.02402 -1.18844
3.99 -0.159846 1.01089 -1.17074
4 -0.154789 0.993162 -1.14795
4.01 -0.149269 0.970868 -1.12014
4.02 -0.143306 0.944068 -1.08737
4.03 -0.136924 0.912842 -1.04977
4.04 -0.130147 0.877294 -1.00744
4.05 -0.123 0.83755 -0.96055
4.06 -0.115513 0.793752 -0.909265
4.07 -0.107713 0.746068 -0.853781
4.08 -0.0996335 0.694677 -0.79431
4.09 -0.0913045 0.639782 -0.731086
4.1 -0.0827583 0.5816 -0.664359
4.11 -0.074028 0.520365 -0.594393
4.12 -0.0651505 0.456318 -0.521469
4.13 -0.0561603 0.389719 -0.44588
4.14 -0.0470921 0.320838 -0.36793
4.15 -0.0379807 0.249954 -0.287934
4.16 -0.0288605 0.177354 -0.206215
4.17 -0.0197657 0.103335 -0.123101
4.18 -0.0107298 0.0281959 -0.0389257
4.19 -0.00178572 -0.0477587 0.045973
4.2 0.00703453 -0.124222 0.131257
4.21 0.0157 -0.200888 0.216588
4.22 0.024181 -0.277448 0.301629
4.23 0.0324489 -0.353598 0.386047
4.24 0.0404769 -0.429036 0.469513
4.25 0.048236 -0.503471 0.551707
4.26 0.0557034 -0.576611 0.632315
4.27 0.0628589 -0.648172 0.711031
4.28 0.0696827 -0.717881 0.787564
4.29 0.0761567 -0.785474 0.86163
4.3 0.0822647 -0.850699 0.932963
4.31 0.087993 -0.913316 1.00131
4.32 0.0933297 -0.973099 1.06643
4.33 0.0982649 -1.02984 1.1281
4.34 0.102791 -1.08333 1.18612
4.35 0.106903 -1.1334 1.2403
4.36 0.110597 -1.17988 1.29048
4.37 0.113872 -1.22262 1.3365
4.38 0.116728 -1.2615 1.37823
4.39 0.119169 -1.2964 1.41557
4.4 0.121193 -1.32723 1.44843
4.41 0.122812 -1.35392 1.47673
4.42 0.124037 -1.3764 1.50044
4.43 0.124877 -1.39464 1.51952
4.44 0.125344 -1.40861 1.53396
4.45 0.125453 -1.41832 1.54378
4.46 0.125216 -1.42379 1.54901
4.47 0.124652 -1.42504 1.54969
4.48 0.123777 -1.42213 1.54591
4.49 0.12261 -1.41512 1.53773
4.5 0.12117 -1.40411 1.52528
4.51 0.119477 -1.38919 1.50867
4.52 0.117552 -1.37047 1.48803
4.53 0.115416 -1.3481 1.46351
4.54 0.11309 -1.3222 1.43529
4.55 0.110596 -1.29293 1.40352
4.56 0.107958 -1.26046 1.36842
4.57 0.105198 -1.22496 1.33016
4.58 0.102338 -1.18662 1.28896
4.59 0.099399 -1.14564 1.24504
4.6 0.0964028 -1.10221 1.19861
4.61 0.0933699 -1.05654 1.14991
4.62 0.0903203 -1.00884 1.09916
4.63 0.0872733 -0.959334 1.04661
4.64 0.0842473 -0.908237 0.992484
4.65 0.08126 -0.855771 0.937031
4.66 0.0783277 -0.802157 0.880485
4.67 0.0754659 -0.747618 0.823084
4.68 0.0726888 -0.692374 0.765063
4.69 0.0700111 -0.63664 0.706651
4.7 0.0674437 -0.580633 0.648076
4.71 0.0649966 -0.524562 0.589559
4.72 0.0626789 -0.468634 0.531313
4.73 0.0604982 -0.413047 0.473545
4.74 0.0584608 -0.357994 0.416455
4.75 0.0565716 -0.30366 0.360232
4.76 0.0548341 -0.250222 0.305056
4.77 0.0532504 -0.197847 0.251097
4.78 0.0518215 -0.146694 0.198515
4.79 0.0505468 -0.0969107 0.147457
4.8 0.0494245 -0.0486359 0.0980604
4.81 0.0484516 -0.00199668 0.0504483
4.82 0.0476239 0.0428906 0.00473325
4.83 0.0469365 0.0859216 -0.0389851
4.84 0.0463846 0.127004 -0.0806197
4.85 0.0459587 0.166055 -0.120096
4.86 0.0456505 0.203003 -0.157352
4.87 0.0454507 0.23779 -0.192339
4.88 0.0453497 0.270369 -0.225019
4.89 0.0453369 0.300704 -0.255367
4.9 0.0454013 0.328772 -0.28337
4.91 0.0455313 0.354558 -0.309027
4.92 0.0457152 0.378062 -0.332346
4.93 0.0459407 0.399289 -0.353348
4.94 0.0461956 0.418259 -0.372063
4.95 0.0464675 0.434998 -0.38853
4.96 0.0467439 0.449543 -0.402799
4.97 0.0470125 0.461938 -0.414926
4.98 0.0472611 0.472237 -0.424976
4.99 0.0474773 0.480499 -0.433022
5 0.04765 0.486791 -0.439141
5.01 0.0477681 0.491187 -0.443419
5.02 0.0478213 0.493766 -0.445945
5.03 0.0477995 0.494611 -0.446811
5.04 0.0476936 0.49381 -0.446117
5.05 0.047495 0.491456 -0.443961
5.06 0.0471959 0.487642 -0.440446
5.07 0.0467896 0.482465 -0.435675
5.08 0.0462697 0.476024 -0.429755
5.09 0.0456312 0.468419 -0.422788
5.1 0.0448697 0.459749 -0.41488
5.11 0.043982 0.450115 -0.406133
5.12 0.0429655 0.439615 -0.396649
5.13 0.0418168 0.428344 -0.386528
5.14 0.0405371 0.416402 -0.375865
5.15 0.0391274 0.403881 -0.364753
5.16 0.037589 0.390872 -0.353283
5.17 0.0359243 0.377463 -0.341539
5.18 0.0341367 0.363738 -0.329602
5.19 0.0322302 0.349778 -0.317548
5.2 0.0302098 0.335659 -0.305449
5.21 0.0280813 0.321451 -0.293369
5.22 0.0258511 0.307221 -0.28137
5.23 0.0235264 0.293032 -0.269506
5.24 0.021115 0.278941 -0.257826
5.25 0.0186253 0.264998 -0.246373
5.26 0.0160661 0.25125 -0.235184
5.27 0.0134466 0.237739 -0.224292
5.28 0.0107762 0.2245 -0.213723
5.29 0.0080658 0.211564 -0.203498
5.3 0.00532564 0.198958 -0.193632
5.31 0.00256614 0.186701 -0.184135
5.32 -0.000202194 0.174811 -0.175013
5.33 -0.00296883 0.163298 -0.166267
5.34 -0.00572328 0.15217 -0.157893
5.35 -0.0084552 0.141429 -0.149884
5.36 -0.0111544 0.131073 -0.142228
5.37 -0.013811 0.121099 -0.13491
5.38 -0.0164154 0.111498 -0.127914
5.39 -0.0189583 0.102259 -0.121218
5.4 -0.021431 0.093369 -0.1148
5.41 -0.0238252 0.0848112 -0.108636
5.42 -0.026132 0.076569 -0.102701
5.43 -0.0283444 0.0686227 -0.0969671
5.44 -0.0304565 0.0609508 -0.0914073
5.45 -0.0324625 0.0535316 -0.0859941
5.46 -0.034357 0.046343 -0.0807
5.47 -0.0361358 0.0393622 -0.075498
5.48 -0.037795 0.0325671 -0.0703621
5.49 -0.0393316 0.0259357 -0.0652673
5.5 -0.0407434 0.019447 -0.0601904
5.51 -0.042029 0.0130808 -0.0551098
5.52 -0.0431875 0.00681848 -0.050006
5.53 -0.0442191 0.000642851 -0.044862
5.54 -0.0451244 -0.00546128 -0.0396631
5.55 -0.0459051 -0.0115074 -0.0343977
5.56 -0.0465632 -0.0175064 -0.0290568
5.57 -0.0470997 -0.0234651 -0.0236346
5.58 -0.0475201 -0.0293917 -0.0181284
5.59 -0.0478288 -0.0352901 -0.0125387
5.6 -0.0480303 -0.041161 -0.00686931
5.61 -0.04813 -0.0470028 -0.00112724
5.62 -0.0481336 -0.0528108 0.00467724
5.63 -0.0480472 -0.0585779 0.0105307
5.64 -0.0478775 -0.0642941 0.0164166
5.65 -0.0476311 -0.0699466 0.0223155
5.66 -0.0473153 -0.0755203 0.028205
5.67 -0.0469374 -0.0809975 0.0340601
5.68 -0.0465048 -0.0863583 0.0398535
5.69 -0.0460252 -0.0915806 0.0455554
5.7 -0.0455062 -0.0966404 0.0511342
5.71 -0.0449552 -0.101512 0.0565565
5.72 -0.0443799 -0.106167 0.0617875
5.73 -0.0437879 -0.110579 0.066791
5.74 -0.0431865 -0.114717 0.0715304
5.75 -0.0425826 -0.118551 0.0759681
5.76 -0.041983 -0.12205 0.0800666
5.77 -0.0413938 -0.125182 0.0837884
5.78 -0.0408211 -0.127918 0.0870965
5.79 -0.0402704 -0.130225 0.0899548
5.8 -0.0397466 -0.132075 0.092328
5.81 -0.0392544 -0.133437 0.0941827
5.82 -0.0387978 -0.134285 0.095487
5.83 -0.0383801 -0.134591 0.0962111
5.84 -0.0380044 -0.134332 0.0963277
5.85 -0.0376729 -0.133485 0.0958122
5.86 -0.0373878 -0.132031 0.0946429
5.87 -0.03715 -0.129951 0.0928012
5.88 -0.0369595 -0.127232 0.090272
5.89 -0.0368163 -0.12386 0.087044
5.9 -0.0367193 -0.119829 0.0831095
5.91 -0.0366674 -0.115132 0.0784649
5.92 -0.0366583 -0.109769 0.0731106
5.93 -0.0366896 -0.103741 0.0670514
5.94 -0.0367581 -0.0970543 0.0602962
5.95 -0.0368603 -0.0897187 0.0528584
5.96 -0.0369919 -0.0817477 0.0447558
5.97 -0.0371484 -0.0731586 0.0360102
5.98 -0.0373249 -0.0639731 0.0266482
5.99 -0.0375158 -0.054216 0.0167002
6 -0.0377157 -0.0439168 0.00620111
6.01 -0.0379183 -0.0331078 -0.00481048
6.02 -0.0381173 -0.0218253 -0.016292
6.03 -0.0383064 -0.0101093 -0.0281971
6.04 -0.0384789 0.00199733 -0.0404762
6.05 -0.0386282 0.0144483 -0.0530765
6.06 -0.0387477 0.0271943 -0.065942
6.07 -0.0388307 0.0401836 -0.0790143
6.08 -0.0388707 0.0533618 -0.0922325
6.09 -0.0388613 0.0666725 -0.105534
6.1 -0.0387962 0.0800573 -0.118853
6.11 -0.0386694 0.0934562 -0.132126
6.12 -0.0384751 0.106808 -0.145283
6.13 -0.038208 0.120051 -0.158259
6.14 -0.0378631 0.133122 -0.170985
6.15 -0.0374349 0.145958 -0.183393
6.16 -0.036919 0.158498 -0.195417
6.17 -0.0363126 0.170678 -0.20699
6.18 -0.0356126 0.182435 -0.218048
6.19 -0.0348163 0.19371 -0.228526
6.2 -0.0339218 0.204443 -0.238365
6.21 -0.0329276 0.214578 -0.247505
6.22 -0.031833 0.224058 -0.255891
6.23 -0.0306377 0.232831 -0.263469
6.24 -0.0293423 0.240848 -0.27019
6.25 -0.0279478 0.248062 -0.27601
6.26 -0.0264559 0.254429 -0.280885
6.27 -0.0248691 0.25991 -0.284779
6.28 -0.0231904 0.264468 -0.287659
6.29 -0.0214233 0.268073 -0.289497
6.3 -0.019571 0.270698 -0.290269
6.31 -0.0176393 0.272319 -0.289958
6.32 -0.0156339 0.272917 -0.288551
6.33 -0.0135607 0.27248 -0.28604
6.34 -0.0114261 0.270998 -0.282424
6.35 -0.00923697 0.268467 -0.277704
6.36 -0.00700054 0.26489 -0.271891
6.37 -0.00472447 0.260273 -0.264997
6.38 -0.00241673 0.254626 -0.257043
6.39 -8.55707e-05 0.247967 -0.248053
6.4 0.00226051 0.240317 -0.238056
6.41 0.00461285 0.231702 -0.227089
6.42 0.00696263 0.222152 -0.215189
6.43 0.00930097 0.211704 -0.202403
6.44 0.0116188 0.200396 -0.188778
6.45 0.0139068 0.188273 -0.174367
6.46 0.0161564 0.175383 -0.159227
6.47 0.0183588 0.161777 -0.143418
6.48 0.0205057 0.147511 -0.127005
6.49 0.0225888 0.132642 -0.110053
6.5 0.0246 0.117233 -0.0926328
6.51 0.0265317 0.101346 -0.0748147
6.52 0.0283768 0.0850494 -0.0566726
6.53 0.0301282 0.0684094 -0.0382812
6.54 0.0317797 0.0514962 -0.0197165
6.55 0.0333254 0.0343805 -0.00105514
6.56 0.0347599 0.017134 0.0176259
6.57 0.0360784 -0.000171247 0.0362496
6.58 0.0372768 -0.017463 0.0547398
6.59 0.0383501 -0.0346708 0.0730209
6.6 0.0392956 -0.051723 0.0910186
6.61 0.040112 -0.0685483 0.10866
6.62 0.0407977 -0.0850778 0.125876
6.63 0.0413519 -0.101244 0.142596
6.64 0.0417742 -0.116982 0.158756
6.65 0.0420651 -0.132229 0.174294
6.66 0.0422257 -0.146923 0.189149
6.67 0.0422577 -0.16101 0.203267
6.68 0.0421634 -0.174433 0.216596
6.69 0.041946 -0.187142 0.229088
6.7 0.041609 -0.199092 0.240701
6.71 0.0411567 -0.210238 0.251395
6.72 0.0405938 -0.220542 0.261136
6.73 0.0399255 -0.22997 0.269895
6.74 0.0391562 -0.238492 0.277648
6.75 0.0382936 -0.246082 0.284376
6.76 0.0373446 -0.25272 0.290064
6.77 0.0363162 -0.258388 0.294704
6.78 0.0352157 -0.263075 0.29829
6.79 0.0340507 -0.266775 0.300825
6.8 0.0328291 -0.269485 0.302314
6.81 0.0315589 -0.271209 0.302768
6.82 0.0302481 -0.271954 0.302202
6.83 0.0289051 -0.271733 0.300638
6.84 0.027538 -0.270561 0.298099
6.85 0.0261551 -0.268459 0.294614
6.86 0.0247644 -0.265453 0.290217
6.87 0.023374 -0.261571 0.284945
6.88 0.0219918 -0.256847 0.278838
6.89 0.0206258 -0.251315 0.271941
6.9 0.0192831 -0.245016 0.264299
6.91 0.0179708 -0.237992 0.255963
6.92 0.0166955 -0.23029 0.246985
6.93 0.0154636 -0.221956 0.237419
6.94 0.0142809 -0.213041 0.227322
6.95 0.0131528 -0.203598 0.21675
6.96 0.0120842 -0.193679 0.205764
6.97 0.0110795 -0.183342 0.194421
6.98 0.0101427 -0.17264 0.182783
6.99 0.00927696 -0.161632 0.170909
7 0.00848517 -0.150374 0.158859
