# Generated on Thu Aug 12 22:19:42 2021 by yr2369.
# This file was created by PDFgui.
#S 1
#L r  Gtrunc  Gdiff  Gcalc
1.99 -0.823103 -0.405686 -0.417417
2 -0.861915 -0.359194 -0.502721
2.01 -0.902894 -0.312555 -0.590339
2.02 -0.943737 -0.265985 -0.677752
2.03 -0.982355 -0.220059 -0.762296
2.04 -1.01669 -0.175393 -0.841297
2.05 -1.0443 -0.132076 -0.912224
2.06 -1.06411 -0.0912784 -0.972832
2.07 -1.07524 -0.0539364 -1.0213
2.08 -1.07733 -0.0209561 -1.05637
2.09 -1.07008 0.00734203 -1.07742
2.1 -1.05529 0.0292434 -1.08453
2.11 -1.03469 0.0438285 -1.07852
2.12 -1.01045 0.0504365 -1.06089
2.13 -0.98538 0.0483932 -1.03377
2.14 -0.962685 0.0371372 -0.999822
2.15 -0.945247 0.0167785 -0.962025
2.16 -0.935741 -0.0122117 -0.923529
2.17 -0.937259 -0.0498437 -0.887415
2.18 -0.950984 -0.0945164 -0.856468
2.19 -0.977364 -0.144423 -0.832941
2.2 -1.01604 -0.197699 -0.818341
2.21 -1.06603 -0.252795 -0.813235
2.22 -1.12382 -0.306722 -0.817098
2.23 -1.18512 -0.356899 -0.828221
2.24 -1.24487 -0.401199 -0.843671
2.25 -1.29625 -0.436921 -0.859329
2.26 -1.33179 -0.461801 -0.869989
2.27 -1.34443 -0.474889 -0.869541
2.28 -1.32677 -0.475564 -0.851206
2.29 -1.26948 -0.461644 -0.807836
2.3 -1.16554 -0.433283 -0.732257
2.31 -1.01068 -0.39304 -0.61764
2.32 -0.80056 -0.342676 -0.457884
2.33 -0.529855 -0.281866 -0.247989
2.34 -0.197445 -0.213036 0.0155909
2.35 0.193082 -0.141567 0.334649
2.36 0.63862 -0.0703661 0.708986
2.37 1.13558 -0.000671939 1.13625
2.38 1.6764 0.064527 1.61187
2.39 2.24964 0.12056 2.12908
2.4 2.84485 0.165816 2.67903
2.41 3.45033 0.199281 3.25105
2.42 4.05193 0.219021 3.83291
2.43 4.63622 0.224962 4.41126
2.44 5.19045 0.218397 4.97205
2.45 5.70115 0.200079 5.50107
2.46 6.15345 0.169032 5.98442
2.47 6.54004 0.13098 6.40906
2.48 6.85262 0.0893094 6.76331
2.49 7.08342 0.0461397 7.03728
2.5 7.22321 -4.91567e-05 7.22326
2.51 7.27551 -0.0405015 7.31601
2.52 7.24057 -0.072404 7.31297
2.53 7.11995 -0.094397 7.21435
2.54 6.91329 -0.109785 7.02307
2.55 6.63322 -0.111498 6.74472
2.56 6.28752 -0.0997018 6.38722
2.57 5.88502 -0.0755724 5.96059
2.58 5.43296 -0.0435407 5.4765
2.59 4.94632 -0.00150529 4.94783
2.6 4.4356 0.0474385 4.38816
2.61 3.91116 0.0998441 3.81132
2.62 3.38349 0.15268 3.23081
2.63 2.86279 0.203376 2.65941
2.64 2.35709 0.248357 2.10873
2.65 1.87336 0.284507 1.58885
2.66 1.41972 0.311641 1.10808
2.67 0.999308 0.326561 0.672747
2.68 0.614768 0.327632 0.287136
2.69 0.267891 0.314415 -0.0465237
2.7 -0.0382004 0.289767 -0.327967
2.71 -0.305803 0.252918 -0.558721
2.72 -0.536974 0.2049 -0.741874
2.73 -0.733757 0.14803 -0.881787
2.74 -0.8971 0.0866796 -0.98378
2.75 -1.03142 0.0223692 -1.05379
2.76 -1.14066 -0.0426193 -1.09804
2.77 -1.22808 -0.105353 -1.12273
2.78 -1.29611 -0.162384 -1.13373
2.79 -1.34855 -0.212193 -1.13636
2.8 -1.38868 -0.253486 -1.13519
2.81 -1.41898 -0.285045 -1.13394
2.82 -1.44134 -0.306005 -1.13534
2.83 -1.45785 -0.316657 -1.14119
2.84 -1.47019 -0.317791 -1.1524
2.85 -1.47948 -0.310454 -1.16903
2.86 -1.48651 -0.296053 -1.19046
2.87 -1.49194 -0.276391 -1.21555
2.88 -1.49623 -0.253433 -1.2428
2.89 -1.49962 -0.229102 -1.27052
2.9 -1.50219 -0.205177 -1.29701
2.91 -1.50396 -0.183238 -1.32072
2.92 -1.50494 -0.164593 -1.34035
2.93 -1.50509 -0.150141 -1.35495
2.94 -1.50434 -0.140339 -1.364
2.95 -1.50261 -0.135194 -1.36742
2.96 -1.49991 -0.134382 -1.36553
2.97 -1.49626 -0.137206 -1.35905
2.98 -1.49163 -0.142611 -1.34902
2.99 -1.48603 -0.149362 -1.33667
3 -1.47956 -0.156198 -1.32336
3.01 -1.47228 -0.161805 -1.31047
3.02 -1.46425 -0.164959 -1.29929
3.03 -1.45553 -0.164617 -1.29091
3.04 -1.44624 -0.16005 -1.28619
3.05 -1.43648 -0.150817 -1.28566
3.06 -1.42633 -0.13679 -1.28954
3.07 -1.4159 -0.118208 -1.29769
3.08 -1.40532 -0.0956453 -1.30967
3.09 -1.39471 -0.0699368 -1.32477
3.1 -1.38419 -0.0421258 -1.34206
3.11 -1.37392 -0.0134291 -1.36049
3.12 -1.36401 0.0149352 -1.37895
3.13 -1.35459 0.0417602 -1.39635
3.14 -1.34578 0.065958 -1.41174
3.15 -1.33773 0.086586 -1.42432
3.16 -1.33048 0.103037 -1.43352
3.17 -1.32407 0.114963 -1.43903
3.18 -1.31849 0.12233 -1.44082
3.19 -1.31374 0.12535 -1.43909
3.2 -1.30966 0.124616 -1.43428
3.21 -1.30606 0.120919 -1.42698
3.22 -1.30267 0.115232 -1.4179
3.23 -1.29913 0.108639 -1.40777
3.24 -1.29497 0.102275 -1.39725
3.25 -1.28967 0.0971857 -1.38686
3.26 -1.28265 0.0942597 -1.37691
3.27 -1.27303 0.09441 -1.36744
3.28 -1.26004 0.0981185 -1.35816
3.29 -1.24291 0.105524 -1.34843
3.3 -1.22076 0.116533 -1.33729
3.31 -1.19235 0.131095 -1.32345
3.32 -1.15674 0.148594 -1.30533
3.33 -1.11324 0.16797 -1.28121
3.34 -1.061 0.188219 -1.24922
3.35 -0.99883 0.208682 -1.20751
3.36 -0.926061 0.228294 -1.15436
3.37 -0.842624 0.245625 -1.08825
3.38 -0.748275 0.259764 -1.00804
3.39 -0.642612 0.270405 -0.913017
3.4 -0.525856 0.277151 -0.803007
3.41 -0.399123 0.279306 -0.678429
3.42 -0.263334 0.276998 -0.540332
3.43 -0.119547 0.270856 -0.390403
3.44 0.0305626 0.26151 -0.230947
3.45 0.184632 0.249462 -0.0648298
3.46 0.340437 0.235835 0.104602
3.47 0.495425 0.221797 0.273628
3.48 0.646455 0.208175 0.43828
3.49 0.790741 0.196252 0.594489
3.5 0.925418 0.187188 0.73823
3.51 1.0474 0.181719 0.865681
3.52 1.15291 0.179542 0.973368
3.53 1.2403 0.182003 1.0583
3.54 1.30741 0.189333 1.11808
3.55 1.3522 0.201194 1.15101
3.56 1.37176 0.215619 1.15614
3.57 1.36695 0.233621 1.13333
3.58 1.33757 0.254364 1.08321
3.59 1.28385 0.276678 1.00717
3.6 1.20512 0.297796 0.907324
3.61 1.10481 0.318441 0.786369
3.62 0.984948 0.337433 0.647515
3.63 0.847939 0.353604 0.494335
3.64 0.6957 0.365068 0.330632
3.65 0.532632 0.372338 0.160294
3.66 0.361931 0.374785 -0.0128541
3.67 0.186774 0.371958 -0.185184
3.68 0.010435 0.363816 -0.353381
3.69 -0.16382 0.350731 -0.514551
3.7 -0.333396 0.332899 -0.666295
3.71 -0.49605 0.31071 -0.80676
3.72 -0.649229 0.285436 -0.934665
3.73 -0.791876 0.257423 -1.0493
3.74 -0.92327 0.227217 -1.15049
3.75 -1.04297 0.195574 -1.23854
3.76 -1.15024 0.163956 -1.3142
3.77 -1.24594 0.132562 -1.3785
3.78 -1.33099 0.101762 -1.43275
3.79 -1.40626 0.0721106 -1.47837
3.8 -1.47236 0.0444625 -1.51682
3.81 -1.53072 0.0188011 -1.54952
3.82 -1.58262 -0.00486692 -1.57775
3.83 -1.62902 -0.0264019 -1.60262
3.84 -1.67056 -0.0455728 -1.62499
3.85 -1.70802 -0.0625383 -1.64548
3.86 -1.74199 -0.0775179 -1.66447
3.87 -1.77273 -0.0906334 -1.6821
3.88 -1.80021 -0.101913 -1.6983
3.89 -1.82437 -0.111506 -1.71286
3.9 -1.84519 -0.11969 -1.7255
3.91 -1.86252 -0.126646 -1.73587
3.92 -1.87608 -0.132396 -1.74368
3.93 -1.88574 -0.13703 -1.74871
3.94 -1.89175 -0.140894 -1.75086
3.95 -1.89429 -0.144119 -1.75017
3.96 -1.89363 -0.146768 -1.74686
3.97 -1.89025 -0.148972 -1.74128
3.98 -1.88492 -0.151043 -1.73388
3.99 -1.87829 -0.153121 -1.72517
4 -1.87099 -0.155339 -1.71565
4.01 -1.86362 -0.157903 -1.70572
4.02 -1.85651 -0.160938 -1.69557
4.03 -1.84968 -0.164546 -1.68513
4.04 -1.84277 -0.168823 -1.67395
4.05 -1.8348 -0.173692 -1.66111
4.06 -1.82433 -0.179126 -1.6452
4.07 -1.80939 -0.185109 -1.62428
4.08 -1.78739 -0.191548 -1.59584
4.09 -1.7543 -0.197421 -1.55688
4.1 -1.707 -0.203064 -1.50394
4.11 -1.6416 -0.208388 -1.43321
4.12 -1.55396 -0.213262 -1.3407
4.13 -1.43743 -0.215089 -1.22234
4.14 -1.28979 -0.215557 -1.07423
4.15 -1.10746 -0.214644 -0.892816
4.16 -0.887392 -0.212299 -0.675093
4.17 -0.624095 -0.205257 -0.418838
4.18 -0.31915 -0.19636 -0.12279
4.19 0.0272152 -0.185964 0.213179
4.2 0.413772 -0.174154 0.587926
4.21 0.840305 -0.158637 0.998942
4.22 1.30008 -0.142235 1.44231
4.23 1.78715 -0.125586 1.91274
4.24 2.29484 -0.108738 2.40358
4.25 2.81552 -0.0914958 2.90702
4.26 3.33878 -0.0754373 3.41422
4.27 3.85491 -0.0606643 3.91557
4.28 4.35406 -0.0469197 4.40098
4.29 4.82406 -0.0360756 4.86014
4.3 5.25493 -0.0279509 5.28288
4.31 5.63828 -0.0212469 5.65953
4.32 5.9659 -0.0152851 5.98119
4.33 6.22707 -0.0130045 6.24007
4.34 6.41671 -0.0130855 6.4298
4.35 6.53286 -0.012698 6.54556
4.36 6.57324 -0.011114 6.58435
4.37 6.53387 -0.0111974 6.54507
4.38 6.41687 -0.0116459 6.42852
4.39 6.22826 -0.0091629 6.23742
4.4 5.97273 -0.00359155 5.97632
4.41 5.6543 0.00290639 5.65139
4.42 5.28104 0.0107884 5.27025
4.43 4.86391 0.0222371 4.84167
4.44 4.41179 0.0364933 4.3753
4.45 3.9334 0.0521014 3.8813
4.46 3.43895 0.0688964 3.37005
4.47 2.93867 0.086866 2.8518
4.48 2.441 0.104656 2.33634
4.49 1.95415 0.121415 1.83273
4.5 1.48629 0.137234 1.34906
4.51 1.04239 0.150179 0.892211
4.52 0.626902 0.15912 0.467782
4.53 0.243805 0.163859 0.0799464
4.54 -0.103098 0.165454 -0.268552
4.55 -0.415006 0.161365 -0.576371
4.56 -0.6921 0.151387 -0.843487
4.57 -0.935026 0.136044 -1.07107
4.58 -1.14404 0.117275 -1.26132
4.59 -1.324 0.0932493 -1.41725
4.6 -1.47781 0.0647117 -1.54252
4.61 -1.60848 0.0327038 -1.64118
4.62 -1.71821 -0.000737005 -1.71747
4.63 -1.8119 -0.0362907 -1.77561
4.64 -1.89248 -0.0728694 -1.81961
4.65 -1.96258 -0.109445 -1.85314
4.66 -2.02401 -0.144654 -1.87936
4.67 -2.07934 -0.178474 -1.90087
4.68 -2.12982 -0.210194 -1.91963
4.69 -2.17623 -0.239292 -1.93694
4.7 -2.21863 -0.265173 -1.95346
4.71 -2.25706 -0.287831 -1.96923
4.72 -2.29096 -0.307204 -1.98376
4.73 -2.31942 -0.323347 -1.99607
4.74 -2.3407 -0.33585 -2.00485
4.75 -2.35361 -0.345125 -2.00848
4.76 -2.3567 -0.351482 -2.00522
4.77 -2.34839 -0.355161 -1.99323
4.78 -2.32621 -0.355477 -1.97073
4.79 -2.28905 -0.352978 -1.93607
4.8 -2.23586 -0.348076 -1.88778
4.81 -2.16552 -0.340845 -1.82468
4.82 -2.07613 -0.330268 -1.74586
4.83 -1.96761 -0.316798 -1.65081
4.84 -1.84027 -0.300899 -1.53937
4.85 -1.6943 -0.282522 -1.41178
4.86 -1.52946 -0.26079 -1.26867
4.87 -1.34719 -0.236112 -1.11108
4.88 -1.14958 -0.209157 -0.940423
4.89 -0.938544 -0.180048 -0.758496
4.9 -0.716018 -0.148581 -0.567437
4.91 -0.485145 -0.115434 -0.369711
4.92 -0.249461 -0.0813882 -0.168073
4.93 -0.0123495 -0.0468244 0.0344749
4.94 0.22234 -0.0123844 0.234724
4.95 0.450219 0.0208997 0.429319
4.96 0.667498 0.0526814 0.614817
4.97 0.870316 0.0825596 0.787756
4.98 1.05426 0.10952 0.94474
4.99 1.21482 0.132307 1.08251
5 1.3498 0.151745 1.19805
5.01 1.45643 0.167766 1.28866
5.02 1.5317 0.179647 1.35205
5.03 1.57259 0.186162 1.38643
5.04 1.58002 0.189456 1.39056
5.05 1.55372 0.189851 1.36387
5.06 1.49362 0.187192 1.30643
5.07 1.39949 0.180461 1.21903
5.08 1.27549 0.172324 1.10317
5.09 1.12415 0.163134 0.961016
5.1 0.948364 0.152973 0.795391
5.11 0.750832 0.141165 0.609667
5.12 0.537255 0.129574 0.407681
5.13 0.311775 0.118155 0.19362
5.14 0.0786005 0.106716 -0.0281156
5.15 -0.157895 0.0951626 -0.253058
5.16 -0.393118 0.0836989 -0.476817
5.17 -0.623383 0.0718485 -0.695232
5.18 -0.845375 0.0591288 -0.904504
5.19 -1.0551 0.0462214 -1.10132
5.2 -1.25093 0.0320265 -1.28296
5.21 -1.43119 0.0161465 -1.44734
5.22 -1.59471 -0.001627 -1.59308
5.23 -1.73955 -0.020033 -1.71952
5.24 -1.86666 -0.0400318 -1.82663
5.25 -1.97652 -0.0615097 -1.91501
5.26 -2.0697 -0.0839336 -1.98577
5.27 -2.14603 -0.105643 -2.04039
5.28 -2.20733 -0.126723 -2.08061
5.29 -2.25472 -0.146465 -2.10825
5.3 -2.28898 -0.163887 -2.12509
5.31 -2.30997 -0.177305 -2.13267
5.32 -2.31846 -0.186301 -2.13216
5.33 -2.3146 -0.190312 -2.12429
5.34 -2.29795 -0.188741 -2.10921
5.35 -2.26691 -0.180443 -2.08647
5.36 -2.22047 -0.165484 -2.05499
5.37 -2.15752 -0.144417 -2.0131
5.38 -2.07636 -0.117724 -1.95864
5.39 -1.97417 -0.0851727 -1.889
5.4 -1.84914 -0.0477992 -1.80134
5.41 -1.70034 -0.00760525 -1.69273
5.42 -1.5264 0.0339549 -1.56035
5.43 -1.32524 0.0764471 -1.40169
5.44 -1.09634 0.118389 -1.21473
5.45 -0.841046 0.157132 -0.998178
5.46 -0.560302 0.191299 -0.751601
5.47 -0.255064 0.220505 -0.475569
5.48 0.0720879 0.243836 -0.171748
5.49 0.416605 0.259557 0.157048
5.5 0.774379 0.267517 0.506862
5.51 1.14072 0.268068 0.872652
5.52 1.50963 0.261235 1.24839
5.53 1.87477 0.247522 1.62725
5.54 2.23002 0.228274 2.00175
5.55 2.56865 0.204615 2.36403
5.56 2.88284 0.176708 2.70613
5.57 3.16764 0.147439 3.0202
5.58 3.41762 0.118797 3.29882
5.59 3.62723 0.0919625 3.53527
5.6 3.78959 0.0658617 3.72373
5.61 3.90424 0.0447017 3.85954
5.62 3.96905 0.0297143 3.93934
5.63 3.98243 0.0212482 3.96118
5.64 3.941 0.0163741 3.92463
5.65 3.8497 0.018989 3.83071
5.66 3.71069 0.0287654 3.68192
5.67 3.52697 0.0448756 3.48209
5.68 3.29969 0.0634545 3.23624
5.69 3.03723 0.0868737 2.95036
5.7 2.74486 0.113628 2.63123
5.71 2.42821 0.142052 2.28616
5.72 2.09234 0.16965 1.92269
5.73 1.74505 0.196661 1.54839
5.74 1.39222 0.221645 1.17058
5.75 1.03938 0.243273 0.796107
5.76 0.692452 0.261261 0.431191
5.77 0.356173 0.274945 0.0812276
5.78 0.0343838 0.283678 -0.249294
5.79 -0.269641 0.287221 -0.556862
5.8 -0.55184 0.287118 -0.838958
5.81 -0.811103 0.282926 -1.09403
5.82 -1.04668 0.27474 -1.32142
5.83 -1.25803 0.263244 -1.52127
5.84 -1.44379 0.250615 -1.69441
5.85 -1.6053 0.236852 -1.84215
5.86 -1.74405 0.222171 -1.96622
5.87 -1.86115 0.207391 -2.06854
5.88 -1.95694 0.194168 -2.15111
5.89 -2.03339 0.182472 -2.21586
5.9 -2.09246 0.172121 -2.26458
5.91 -2.13544 0.163359 -2.2988
5.92 -2.16289 0.15687 -2.31976
5.93 -2.17607 0.152328 -2.3284
5.94 -2.17637 0.148979 -2.32535
5.95 -2.16446 0.146533 -2.31099
5.96 -2.14053 0.144981 -2.28551
5.97 -2.10507 0.143897 -2.24897
5.98 -2.05903 0.142366 -2.2014
5.99 -2.00292 0.139977 -2.1429
6 -1.93702 0.136698 -2.07372
6.01 -1.86199 0.13235 -1.99434
6.02 -1.77923 0.126308 -1.90554
6.03 -1.68986 0.118559 -1.80842
6.04 -1.59516 0.109285 -1.70445
6.05 -1.49682 0.0986048 -1.59542
6.06 -1.39702 0.0864596 -1.48348
6.07 -1.2978 0.0731896 -1.37099
6.08 -1.20142 0.0590967 -1.26052
6.09 -1.11066 0.0440533 -1.15471
6.1 -1.02763 0.0285902 -1.05622
6.11 -0.954527 0.0130343 -0.967561
6.12 -0.89358 -0.00254037 -0.89104
6.13 -0.847611 -0.0189681 -0.828643
6.14 -0.817271 -0.0353083 -0.781963
6.15 -0.803688 -0.051555 -0.752133
6.16 -0.807713 -0.0679232 -0.73979
6.17 -0.830913 -0.0858564 -0.745057
6.18 -0.871746 -0.104193 -0.767553
6.19 -0.92958 -0.123154 -0.806426
6.2 -1.0034 -0.142995 -0.860405
6.21 -1.09283 -0.164959 -0.927871
6.22 -1.19482 -0.187886 -1.00693
6.23 -1.30734 -0.211816 -1.09552
6.24 -1.42823 -0.236756 -1.19147
6.25 -1.55542 -0.26282 -1.2926
6.26 -1.6859 -0.289135 -1.39677
6.27 -1.81725 -0.315315 -1.50193
6.28 -1.94715 -0.340949 -1.6062
6.29 -2.07288 -0.365087 -1.70779
6.3 -2.1922 -0.387137 -1.80506
6.31 -2.30306 -0.406609 -1.89645
6.32 -2.40339 -0.422959 -1.98043
6.33 -2.49023 -0.434782 -2.05545
6.34 -2.56181 -0.441965 -2.11985
6.35 -2.61628 -0.444486 -2.17179
6.36 -2.65145 -0.442218 -2.20923
6.37 -2.6637 -0.433889 -2.22981
6.38 -2.65091 -0.420033 -2.23088
6.39 -2.61107 -0.401605 -2.20946
6.4 -2.54154 -0.379204 -2.16234
6.41 -2.43787 -0.351827 -2.08604
6.42 -2.29751 -0.320475 -1.97704
6.43 -2.11898 -0.287192 -1.83179
6.44 -1.89995 -0.25298 -1.64697
6.45 -1.63657 -0.216943 -1.41963
6.46 -1.32735 -0.179972 -1.14738
6.47 -0.973325 -0.144704 -0.828621
6.48 -0.574608 -0.111878 -0.46273
6.49 -0.130771 -0.0805453 -0.0502257
6.5 0.356082 -0.0509866 0.407069
6.51 0.880451 -0.0254722 0.905923
6.52 1.43769 -0.00395065 1.44164
6.53 2.02259 0.0145377 2.00805
6.54 2.62759 0.0300154 2.59757
6.55 3.24304 0.041712 3.20133
6.56 3.85985 0.0505335 3.80932
6.57 4.4678 0.0571357 4.41066
6.58 5.05459 0.060688 4.9939
6.59 5.61015 0.0628573 5.54729
6.6 6.12406 0.0648746 6.05919
6.61 6.58527 0.0668881 6.51838
6.62 6.98036 0.0658563 6.9145
6.63 7.30453 0.0661896 7.23834
6.64 7.55088 0.0687121 7.48217
6.65 7.71308 0.0730596 7.64002
6.66 7.78171 0.0738046 7.70791
6.67 7.7612 0.0772493 7.68395
6.68 7.65184 0.0833619 7.56848
6.69 7.45548 0.0914803 7.364
6.7 7.1705 0.0953642 7.07514
6.71 6.80977 0.10131 6.70846
6.72 6.38085 0.108575 6.27227
6.73 5.89249 0.116158 5.77633
6.74 5.35167 0.120165 5.2315
6.75 4.77372 0.12429 4.64943
6.76 4.16982 0.127691 4.04213
6.77 3.55102 0.129383 3.42164
6.78 2.92879 0.129158 2.79963
6.79 2.31463 0.127524 2.18711
6.8 1.71785 0.12378 1.59407
6.81 1.14672 0.117412 1.02931
6.82 0.610995 0.110803 0.500192
6.83 0.115237 0.10267 0.0125668
6.84 -0.337013 0.0923018 -0.429315
6.85 -0.743029 0.0797512 -0.82278
6.86 -1.09857 0.0681033 -1.16667
6.87 -1.40541 0.0558266 -1.46124
6.88 -1.66586 0.0420901 -1.70795
6.89 -1.88208 0.0272583 -1.90934
6.9 -2.05501 0.0137449 -2.06875
6.91 -2.18966 0.000498147 -2.19016
6.92 -2.29118 -0.0132924 -2.27789
6.93 -2.3637 -0.027247 -2.33645
6.94 -2.41044 -0.040096 -2.37034
6.95 -2.43622 -0.0523524 -2.38387
6.96 -2.44563 -0.0646103 -2.38102
6.97 -2.44202 -0.0766284 -2.36539
6.98 -2.42811 -0.0879951 -2.34011
6.99 -2.40675 -0.0989099 -2.30784
7 -2.38039 -0.109641 -2.27075
7.01 -2.35068 -0.120089 -2.23059
7.02 -2.31894 -0.130194 -2.18875
7.03 -2.2863 -0.140004 -2.1463
7.04 -2.25365 -0.149546 -2.1041
7.05 -2.22166 -0.158762 -2.0629
7.06 -2.19097 -0.167628 -2.02334
7.07 -2.1623 -0.176201 -1.9861
7.08 -2.1362 -0.184325 -1.95187
7.09 -2.11337 -0.191923 -1.92145
7.1 -2.09466 -0.198991 -1.89567
7.11 -2.08118 -0.205725 -1.87545
7.12 -2.07353 -0.211782 -1.86175
7.13 -2.07255 -0.217082 -1.85547
7.14 -2.07913 -0.221677 -1.85745
7.15 -2.09437 -0.225985 -1.86838
7.16 -2.11818 -0.229458 -1.88872
7.17 -2.15068 -0.232054 -1.91863
7.18 -2.19174 -0.233841 -1.9579
7.19 -2.24122 -0.235287 -2.00593
7.2 -2.29743 -0.235759 -2.06167
7.21 -2.35887 -0.235279 -2.12359
7.22 -2.42364 -0.233934 -2.18971
7.23 -2.48921 -0.231623 -2.25759
7.24 -2.55252 -0.228121 -2.3244
7.25 -2.61047 -0.223498 -2.38697
7.26 -2.65975 -0.217882 -2.44187
7.27 -2.69559 -0.210111 -2.48548
7.28 -2.71497 -0.200838 -2.51413
7.29 -2.71445 -0.190258 -2.52419
7.3 -2.69071 -0.178526 -2.51218
7.31 -2.63859 -0.163686 -2.4749
7.32 -2.55671 -0.147181 -2.40953
7.33 -2.44325 -0.129527 -2.31372
7.34 -2.29667 -0.110941 -2.18573
7.35 -2.11382 -0.0893664 -2.02445
7.36 -1.89614 -0.0666085 -1.82953
7.37 -1.64492 -0.0435433 -1.60138
7.38 -1.3616 -0.020385 -1.34122
7.39 -1.04689 0.00420756 -1.0511
7.4 -0.70519 0.0287044 -0.733894
7.41 -0.341102 0.0521661 -0.393268
7.42 0.0408826 0.0745096 -0.033627
7.43 0.435998 0.0960562 0.339942
7.44 0.837601 0.115842 0.721759
7.45 1.23923 0.133574 1.10566
7.46 1.63458 0.149479 1.4851
7.47 2.0163 0.162968 1.85333
7.48 2.37712 0.173611 2.20351
7.49 2.71125 0.182377 2.52887
7.5 3.01275 0.189833 2.82292
7.51 3.27442 0.194874 3.07955
7.52 3.49043 0.197176 3.29325
7.53 3.65839 0.199113 3.45928
7.54 3.77505 0.201305 3.57374
7.55 3.83634 0.202531 3.63381
7.56 3.83981 0.202057 3.63775
7.57 3.78812 0.203045 3.58508
7.58 3.68228 0.205746 3.47653
7.59 3.52315 0.20898 3.31417
7.6 3.31281 0.21153 3.10128
7.61 3.05854 0.216177 2.84236
7.62 2.76553 0.22251 2.54302
7.63 2.43926 0.229433 2.20983
7.64 2.08602 0.23585 1.85017
7.65 1.7151 0.243048 1.47205
7.66 1.33395 0.250069 1.08388
7.67 0.950207 0.255963 0.694244
7.68 0.572562 0.260893 0.311669
7.69 0.208442 0.264051 -0.0556094
7.7 -0.135373 0.264504 -0.399877
7.71 -0.452483 0.261662 -0.714145
7.72 -0.7346 0.257741 -0.992341
7.73 -0.979274 0.250182 -1.22946
7.74 -1.18299 0.238679 -1.42167
7.75 -1.34321 0.223213 -1.56642
7.76 -1.45473 0.207737 -1.66247
7.77 -1.52079 0.189056 -1.70985
7.78 -1.54223 0.167633 -1.70986
7.79 -1.52073 0.144267 -1.665
7.8 -1.45622 0.122567 -1.57879
7.81 -1.35521 0.100482 -1.45569
7.82 -1.22223 0.0787005 -1.30093
7.83 -1.06201 0.058294 -1.1203
7.84 -0.878669 0.0413437 -0.920013
7.85 -0.679469 0.027004 -0.706473
7.86 -0.470335 0.0158059 -0.486141
7.87 -0.2569 0.00844539 -0.265345
7.88 -0.0451798 0.00495958 -0.0501394
7.89 0.158964 0.00513287 0.153831
7.9 0.350632 0.0091958 0.341436
7.91 0.525287 0.017138 0.508149
7.92 0.677464 0.027353 0.650111
7.93 0.803857 0.0396805 0.764176
7.94 0.902227 0.0542885 0.847939
7.95 0.970377 0.0706386 0.899738
7.96 1.00515 0.0864882 0.918662
7.97 1.00612 0.101596 0.904524
7.98 0.974271 0.116426 0.857845
7.99 0.910211 0.130388 0.779823
8 0.813965 0.14167 0.672295
8.01 0.687849 0.150147 0.537702
8.02 0.535728 0.156688 0.37904
8.03 0.360788 0.160973 0.199815
8.04 0.16621 0.162225 0.00398496
8.05 -0.043385 0.160714 -0.204099
8.06 -0.262507 0.157258 -0.419765
8.07 -0.486286 0.151817 -0.638103
8.08 -0.709492 0.14456 -0.854052
8.09 -0.926181 0.136323 -1.0625
8.1 -1.13131 0.127108 -1.25842
8.11 -1.32002 0.116915 -1.43693
8.12 -1.48715 0.10636 -1.59351
8.13 -1.62719 0.0968498 -1.72404
8.14 -1.73794 0.0870476 -1.82499
8.15 -1.81663 0.0768776 -1.89351
8.16 -1.86066 0.0668925 -1.92755
8.17 -1.86709 0.058875 -1.92597
8.18 -1.83811 0.0504371 -1.88855
8.19 -1.77457 0.0415317 -1.8161
8.2 -1.67795 0.0324933 -1.71044
8.21 -1.54941 0.0249644 -1.57437
8.22 -1.39503 0.0165979 -1.41163
8.23 -1.21917 0.00760367 -1.22677
8.24 -1.02678 -0.00168697 -1.02509
8.25 -0.823091 -0.0106668 -0.812424
8.26 -0.615245 -0.0202616 -0.594983
8.27 -0.409151 -0.0299821 -0.379169
8.28 -0.210659 -0.039305 -0.171354
8.29 -0.0269578 -0.0492783 0.0223205
8.3 0.13732 -0.0588293 0.196149
8.31 0.277693 -0.0673564 0.345049
8.32 0.390318 -0.0744079 0.464726
8.33 0.469732 -0.0820769 0.551809
8.34 0.515645 -0.0883103 0.603955
8.35 0.527372 -0.0925423 0.619914
8.36 0.504861 -0.094691 0.599552
8.37 0.446942 -0.0968942 0.543836
8.38 0.357384 -0.097399 0.454783
8.39 0.239509 -0.0958591 0.335368
8.4 0.0967858 -0.092622 0.189408
8.41 -0.0676295 -0.0890454 0.0214159
8.42 -0.247845 -0.0842867 -0.163558
8.43 -0.438495 -0.0783938 -0.360101
8.44 -0.634528 -0.0719171 -0.562611
8.45 -0.830572 -0.0651028 -0.765469
8.46 -1.02105 -0.057845 -0.963205
8.47 -1.20131 -0.0506675 -1.15064
8.48 -1.36709 -0.0440587 -1.32303
8.49 -1.5135 -0.0373439 -1.47616
8.5 -1.6371 -0.0306777 -1.60642
8.51 -1.73598 -0.0250596 -1.71092
8.52 -1.80822 -0.0207526 -1.78747
8.53 -1.85142 -0.0167915 -1.83463
8.54 -1.86495 -0.0132294 -1.85172
8.55 -1.85021 -0.0114094 -1.8388
8.56 -1.80808 -0.0114391 -1.79664
8.57 -1.73928 -0.0125858 -1.72669
8.58 -1.64587 -0.0148193 -1.63105
8.59 -1.53185 -0.0194627 -1.51239
8.6 -1.40041 -0.0264989 -1.37391
8.61 -1.25489 -0.0355936 -1.2193
8.62 -1.0995 -0.0468857 -1.05261
8.63 -0.939238 -0.060983 -0.878255
8.64 -0.778477 -0.0776367 -0.70084
8.65 -0.621824 -0.0966974 -0.525127
8.66 -0.474532 -0.118636 -0.355896
8.67 -0.340523 -0.142687 -0.197836
8.68 -0.223639 -0.168229 -0.0554104
8.69 -0.127645 -0.194927 0.0672821
8.7 -0.0569599 -0.223612 0.166652
8.71 -0.0122385 -0.252004 0.239766
8.72 0.00526528 -0.279227 0.284492
8.73 -0.00505148 -0.304682 0.299631
8.74 -0.0442584 -0.329294 0.285036
8.75 -0.108459 -0.350162 0.241703
8.76 -0.194793 -0.366628 0.171835
8.77 -0.299428 -0.378291 0.0788625
8.78 -0.418008 -0.385432 -0.0325761
8.79 -0.543077 -0.386375 -0.156702
8.8 -0.667976 -0.38126 -0.286716
8.81 -0.78549 -0.370524 -0.414966
8.82 -0.88612 -0.352953 -0.533167
8.83 -0.9624 -0.329743 -0.632657
8.84 -1.00678 -0.302086 -0.704694
8.85 -1.01201 -0.271235 -0.740775
8.86 -0.967778 -0.234804 -0.732974
8.87 -0.870607 -0.196337 -0.67427
8.88 -0.716797 -0.157925 -0.558872
8.89 -0.503462 -0.120951 -0.382511
8.9 -0.225424 -0.0827377 -0.142686
8.91 0.113884 -0.0472503 0.161134
8.92 0.51078 -0.0166087 0.527389
8.93 0.960969 0.00860503 0.952364
8.94 1.46061 0.0303904 1.43022
8.95 1.99937 0.0462769 1.95309
8.96 2.56665 0.0553663 2.51128
8.97 3.15191 0.0583985 3.09351
8.98 3.74328 0.0560394 3.68724
8.99 4.32691 0.0478529 4.27906
9 4.89024 0.0351541 4.85509
9.01 5.42107 0.019639 5.40143
9.02 5.90516 0.000539198 5.90462
9.03 6.33048 -0.0215625 6.35204
9.04 6.68923 -0.043116 6.73235
9.05 6.97338 -0.062424 7.0358
9.06 7.17322 -0.0813913 7.25461
9.07 7.2832 -0.0999154 7.38312
9.08 7.3047 -0.113267 7.41797
9.09 7.23743 -0.120759 7.35819
9.1 7.08038 -0.12478 7.20516
9.11 6.8361 -0.126417 6.96252
9.12 6.51451 -0.121472 6.63598
9.13 6.12258 -0.110544 6.23312
9.14 5.66714 -0.0959252 5.76307
9.15 5.1569 -0.0792453 5.23615
9.16 4.60529 -0.0582703 4.66356
9.17 4.02252 -0.0344701 4.05699
9.18 3.41865 -0.00957845 3.42823
9.19 2.80443 0.0155979 2.78883
9.2 2.19058 0.0407813 2.1498
9.21 1.58577 0.0644846 1.52129
9.22 0.998079 0.0857022 0.912377
9.23 0.436322 0.105416 0.330906
9.24 -0.0953104 0.121357 -0.216667
9.25 -0.592624 0.132697 -0.725321
9.26 -1.05234 0.139139 -1.19148
9.27 -1.46963 0.143344 -1.61297
9.28 -1.84674 0.142218 -1.98896
9.29 -2.18396 0.135821 -2.31978
9.3 -2.48239 0.124449 -2.60684
9.31 -2.74106 0.11134 -2.8524
9.32 -2.9655 0.09392 -3.05942
9.33 -3.15852 0.0728329 -3.23135
9.34 -3.32309 0.0488726 -3.37196
9.35 -3.46065 0.0244952 -3.48515
9.36 -3.57617 -0.00140536 -3.57476
9.37 -3.6726 -0.0280944 -3.64451
9.38 -3.75248 -0.0547326 -3.69775
9.39 -3.81714 -0.0796803 -3.73746
9.4 -3.86926 -0.103139 -3.76612
9.41 -3.91023 -0.124571 -3.78566
9.42 -3.94083 -0.143415 -3.79742
9.43 -3.96074 -0.15861 -3.80213
9.44 -3.97014 -0.170194 -3.79995
9.45 -3.96858 -0.178148 -3.79043
9.46 -3.95502 -0.182395 -3.77263
9.47 -3.92729 -0.182201 -3.74509
9.48 -3.88394 -0.177953 -3.70599
9.49 -3.82349 -0.170325 -3.65317
9.5 -3.74405 -0.15979 -3.58426
9.51 -3.6426 -0.145801 -3.4968
9.52 -3.51739 -0.129061 -3.38833
9.53 -3.36752 -0.110987 -3.25653
9.54 -3.19167 -0.0923036 -3.09937
9.55 -2.98774 -0.0725609 -2.91518
9.56 -2.75526 -0.0524174 -2.70284
9.57 -2.49548 -0.0336166 -2.46186
9.58 -2.20914 -0.0166561 -2.19248
9.59 -1.89683 -0.00106535 -1.89576
9.6 -1.56077 0.0128727 -1.57364
9.61 -1.20508 0.0238823 -1.22896
9.62 -0.833363 0.032111 -0.865474
9.63 -0.449706 0.0380941 -0.4878
9.64 -0.0595142 0.0418493 -0.101363
9.65 0.3311 0.0433825 0.287717
9.66 0.716286 0.0435169 0.672769
9.67 1.08952 0.0427875 1.04673
9.68 1.44315 0.0407903 1.40236
9.69 1.77167 0.0392412 1.73243
9.7 2.06919 0.0392194 2.02997
9.71 2.32952 0.0410212 2.2885
9.72 2.54517 0.042937 2.50223
9.73 2.71448 0.0481728 2.66631
9.74 2.83431 0.0573578 2.77695
9.75 2.90199 0.0703442 2.83165
9.76 2.91311 0.0838888 2.82922
9.77 2.87171 0.101779 2.76993
9.78 2.77922 0.123763 2.65546
9.79 2.63801 0.149132 2.48888
9.8 2.44877 0.174199 2.27457
9.81 2.22007 0.20199 2.01808
9.82 1.95747 0.23154 1.72593
9.83 1.66712 0.261705 1.40542
9.84 1.35466 0.290313 1.06435
9.85 1.02924 0.318444 0.710796
9.86 0.697848 0.345023 0.352825
9.87 0.367238 0.369019 -0.00178097
9.88 0.044844 0.390605 -0.345761
9.89 -0.263463 0.409138 -0.672601
9.9 -0.552837 0.423888 -0.976725
9.91 -0.81919 0.434457 -1.25365
9.92 -1.05748 0.442582 -1.50006
9.93 -1.26679 0.447121 -1.71391
9.94 -1.44668 0.447688 -1.89437
9.95 -1.59724 0.444559 -2.0418
9.96 -1.71794 0.439723 -2.15766
9.97 -1.81201 0.432362 -2.24437
9.98 -1.88279 0.422332 -2.30512
9.99 -1.93349 0.410207 -2.3437
10 -1.96706 0.397191 -2.36425
10.01 -1.98813 0.382959 -2.37109
10.02 -2.0009 0.367548 -2.36845
10.03 -2.00888 0.351413 -2.36029
10.04 -2.01532 0.334806 -2.35013
10.05 -2.02317 0.317661 -2.34083
10.06 -2.03435 0.300195 -2.33454
10.07 -2.05001 0.282565 -2.33258
10.08 -2.07073 0.264619 -2.33535
10.09 -2.09598 0.246431 -2.34241
10.1 -2.12419 0.228264 -2.35245
10.11 -2.15334 0.210061 -2.3634
10.12 -2.18063 0.191875 -2.3725
10.13 -2.20238 0.174115 -2.37649
10.14 -2.2151 0.156635 -2.37173
10.15 -2.21507 0.139334 -2.3544
10.16 -2.19804 0.122646 -2.32069
10.17 -2.15946 0.107503 -2.26696
10.18 -2.09711 0.0928878 -2.19
10.19 -2.00842 0.0786968 -2.08712
10.2 -1.89087 0.06549 -1.95636
10.21 -1.74209 0.0545258 -1.79662
10.22 -1.5638 0.0439226 -1.60772
10.23 -1.35695 0.0335868 -1.39054
10.24 -1.1231 0.0238642 -1.14696
10.25 -0.864284 0.0156677 -0.879952
10.26 -0.586344 0.00709608 -0.59344
10.27 -0.294102 -0.00182443 -0.292278
10.28 0.00695948 -0.0109437 0.0179032
10.29 0.310241 -0.0206008 0.330842
10.3 0.608537 -0.031299 0.639836
10.31 0.895205 -0.0427454 0.93795
10.32 1.16363 -0.0546119 1.21824
10.33 1.40491 -0.0690835 1.47399
10.34 1.61476 -0.0841897 1.69895
10.35 1.78817 -0.0993722 1.88754
10.36 1.921 -0.1141 2.0351
10.37 2.00659 -0.131445 2.13803
10.38 2.04603 -0.147959 2.19399
10.39 2.03912 -0.162828 2.20195
10.4 1.9866 -0.175704 2.1623
10.41 1.88771 -0.189161 2.07687
10.42 1.74872 -0.200122 1.94884
10.43 1.57467 -0.20803 1.7827
10.44 1.37104 -0.213033 1.58407
10.45 1.14306 -0.216484 1.35954
10.46 0.899399 -0.217019 1.11642
10.47 0.647588 -0.214875 0.862463
10.48 0.394776 -0.210841 0.605617
10.49 0.148703 -0.204995 0.353698
10.5 -0.0836015 -0.197705 0.114104
10.51 -0.296651 -0.190187 -0.106464
10.52 -0.485673 -0.183416 -0.302257
10.53 -0.645352 -0.176659 -0.468693
10.54 -0.773454 -0.170933 -0.602521
10.55 -0.869788 -0.167858 -0.70193
10.56 -0.934476 -0.167885 -0.766591
10.57 -0.967592 -0.169953 -0.797639
10.58 -0.972179 -0.174604 -0.797575
10.59 -0.952929 -0.182811 -0.770118
10.6 -0.914081 -0.194088 -0.719993
10.61 -0.860042 -0.207372 -0.65267
10.62 -0.796493 -0.222428 -0.574065
10.63 -0.729091 -0.238867 -0.490224
10.64 -0.662552 -0.255557 -0.406995
10.65 -0.601372 -0.271665 -0.329707
10.66 -0.54956 -0.286683 -0.262877
10.67 -0.509155 -0.299199 -0.209956
10.68 -0.481402 -0.308279 -0.173123
10.69 -0.466708 -0.313557 -0.153151
10.7 -0.464106 -0.31477 -0.149336
10.71 -0.470347 -0.310838 -0.159509
10.72 -0.481912 -0.301787 -0.180125
10.73 -0.494335 -0.287916 -0.206419
10.74 -0.50165 -0.269008 -0.232642
10.75 -0.498141 -0.245797 -0.252344
10.76 -0.478052 -0.219345 -0.258707
10.77 -0.435436 -0.190531 -0.244905
10.78 -0.362943 -0.15847 -0.204473
10.79 -0.257808 -0.126133 -0.131675
10.8 -0.116726 -0.094887 -0.021839
10.81 0.0626505 -0.0656926 0.128343
10.82 0.283808 -0.0367694 0.320577
10.83 0.542737 -0.0120603 0.554797
10.84 0.836845 0.00777108 0.829074
10.85 1.16209 0.0224803 1.13961
10.86 1.51439 0.0335706 1.48082
10.87 1.88416 0.0386657 1.84549
10.88 2.26335 0.0383066 2.22504
10.89 2.64321 0.0334093 2.6098
10.9 3.01299 0.023604 2.98939
10.91 3.36294 0.00983845 3.3531
10.92 3.68399 -0.00635837 3.69035
10.93 3.96756 -0.0234816 3.99104
10.94 4.20229 -0.0437178 4.24601
10.95 4.38344 -0.0639048 4.44734
10.96 4.50674 -0.0819898 4.58873
10.97 4.56879 -0.096871 4.66566
10.98 4.56399 -0.111633 4.67562
10.99 4.49508 -0.123088 4.61817
11 4.36543 -0.129484 4.49491
11.01 4.17862 -0.130836 4.30946
11.02 3.93721 -0.12999 4.0672
11.03 3.64984 -0.125283 3.77512
11.04 3.32535 -0.116128 3.44148
11.05 2.97182 -0.103634 3.07545
11.06 2.5972 -0.0896025 2.6868
11.07 2.21144 -0.074021 2.28546
11.08 1.82345 -0.0577238 1.88117
11.09 1.4409 -0.04224 1.48314
11.1 1.07157 -0.0281262 1.0997
11.11 0.722122 -0.0159288 0.738051
11.12 0.396664 -0.00741263 0.404077
11.13 0.0986196 -0.00355312 0.102173
11.14 -0.168684 -0.00388037 -0.164804
11.15 -0.403881 -0.00834825 -0.395533
11.16 -0.608716 -0.0185562 -0.59016
11.17 -0.784487 -0.0343277 -0.750159
11.18 -0.932597 -0.0544513 -0.878146
11.19 -1.0556 -0.0779591 -0.977641
11.2 -1.15812 -0.105308 -1.05281
11.21 -1.24349 -0.135296 -1.10819
11.22 -1.31476 -0.166355 -1.14841
11.23 -1.37491 -0.197026 -1.17788
11.24 -1.42726 -0.226622 -1.20064
11.25 -1.47372 -0.25368 -1.22004
11.26 -1.51552 -0.276858 -1.23866
11.27 -1.553 -0.294834 -1.25817
11.28 -1.58614 -0.306896 -1.27924
11.29 -1.61392 -0.312294 -1.30163
11.3 -1.63472 -0.310587 -1.32413
11.31 -1.64568 -0.300889 -1.34479
11.32 -1.64487 -0.283887 -1.36098
11.33 -1.62976 -0.260118 -1.36964
11.34 -1.59783 -0.230362 -1.36747
11.35 -1.54522 -0.19406 -1.35116
11.36 -1.47151 -0.153859 -1.31765
11.37 -1.37557 -0.111238 -1.26433
11.38 -1.25697 -0.0677172 -1.18925
11.39 -1.11442 -0.0231254 -1.09129
11.4 -0.951034 0.0192662 -0.9703
11.41 -0.769161 0.0579939 -0.827155
11.42 -0.571853 0.0919643 -0.663817
11.43 -0.362471 0.120823 -0.483294
11.44 -0.146731 0.14283 -0.289561
11.45 0.0702247 0.157661 -0.0874361
11.46 0.283086 0.165489 0.117597
11.47 0.485385 0.165788 0.319597
11.48 0.671697 0.159289 0.512408
11.49 0.837249 0.147342 0.689907
11.5 0.977609 0.13134 0.846269
11.51 1.08709 0.110877 0.976213
11.52 1.16357 0.0883324 1.07524
11.53 1.20592 0.0661065 1.13981
11.54 1.21336 0.0458132 1.16755
11.55 1.18433 0.0270438 1.15729
11.56 1.12116 0.0119822 1.10918
11.57 1.02728 0.00261747 1.02466
11.58 0.905898 -0.000517331 0.906415
11.59 0.76007 0.00184025 0.75823
11.6 0.595169 0.0103166 0.584852
11.61 0.416922 0.0251464 0.391776
11.62 0.230345 0.045347 0.184998
11.63 0.0405034 0.0697389 -0.0292355
11.64 -0.147211 0.0974901 -0.244701
11.65 -0.328425 0.127033 -0.455458
11.66 -0.499454 0.15664 -0.656094
11.67 -0.656734 0.185203 -0.841937
11.68 -0.797516 0.211712 -1.00923
11.69 -0.921133 0.234113 -1.15525
11.7 -1.02703 0.251343 -1.27837
11.71 -1.11491 0.263197 -1.37811
11.72 -1.18529 0.269723 -1.45501
11.73 -1.24064 0.269977 -1.51062
11.74 -1.2828 0.264456 -1.54726
11.75 -1.31371 0.254174 -1.56788
11.76 -1.33548 0.240371 -1.57585
11.77 -1.3509 0.223768 -1.57467
11.78 -1.36186 0.205901 -1.56776
11.79 -1.36989 0.188354 -1.55824
11.8 -1.37607 0.172647 -1.54872
11.81 -1.38107 0.160023 -1.54109
11.82 -1.3848 0.151675 -1.53648
11.83 -1.38665 0.148444 -1.53509
11.84 -1.38515 0.151142 -1.53629
11.85 -1.37879 0.159781 -1.53857
11.86 -1.36566 0.174043 -1.5397
11.87 -1.34367 0.19321 -1.53688
11.88 -1.3096 0.217317 -1.52692
11.89 -1.2622 0.244277 -1.50648
11.9 -1.19981 0.272513 -1.47232
11.91 -1.1212 0.300359 -1.42156
11.92 -1.0244 0.327474 -1.35187
11.93 -0.910685 0.351065 -1.26175
11.94 -0.781036 0.369599 -1.15064
11.95 -0.637054 0.382009 -1.01906
11.96 -0.480506 0.388207 -0.868713
11.97 -0.315563 0.386853 -0.702416
11.98 -0.146166 0.377912 -0.524078
11.99 0.0234309 0.361993 -0.338562
12 0.187996 0.339488 -0.151492
12.01 0.342399 0.31143 0.0309687
12.02 0.482 0.279606 0.202394
12.03 0.602285 0.245908 0.356377
12.04 0.69754 0.210714 0.486826
12.05 0.764557 0.176308 0.588249
12.06 0.801189 0.145184 0.656005
12.07 0.805473 0.118947 0.686526
12.08 0.774597 0.0971188 0.677478
12.09 0.709064 0.0811967 0.627867
12.1 0.610805 0.0727273 0.538078
12.11 0.481502 0.0716594 0.409843
12.12 0.32248 0.0763294 0.246151
12.13 0.13748 0.0863863 0.0510937
12.14 -0.0687246 0.101611 -0.170335
12.15 -0.29212 0.12036 -0.41248
12.16 -0.528794 0.140491 -0.669285
12.17 -0.773945 0.160616 -0.934561
12.18 -1.02286 0.179387 -1.20225
12.19 -1.27164 0.195008 -1.46665
12.2 -1.51642 0.206216 -1.72264
12.21 -1.75346 0.212344 -1.9658
12.22 -1.98022 0.212344 -2.19256
12.23 -2.19441 0.205779 -2.40019
12.24 -2.39369 0.193108 -2.5868
12.25 -2.57578 0.175498 -2.75128
12.26 -2.74025 0.152917 -2.89317
12.27 -2.88599 0.126509 -3.0125
12.28 -3.01162 0.0979969 -3.10962
12.29 -3.11505 0.0699336 -3.18498
12.3 -3.1964 0.0425957 -3.239
12.31 -3.25442 0.0173958 -3.27182
12.32 -3.28739 -0.00415188 -3.28324
12.33 -3.29198 -0.0193812 -3.2726
12.34 -3.26811 -0.0293719 -3.23874
12.35 -3.21394 -0.0339206 -3.18002
12.36 -3.12745 -0.0330449 -3.09441
12.37 -3.0043 -0.0247126 -2.97959
12.38 -2.84552 -0.0123544 -2.83317
12.39 -2.65007 0.00278858 -2.65286
12.4 -2.41746 0.0192818 -2.43674
12.41 -2.145 0.0384898 -2.18349
12.42 -1.83677 0.0558407 -1.89261
12.43 -1.4949 0.0697547 -1.56465
12.44 -1.12236 0.0790208 -1.20138
12.45 -0.721587 0.0842836 -0.805871
12.46 -0.29988 0.0826958 -0.382576
12.47 0.136567 0.0738623 0.0627047
12.48 0.581044 0.0581217 0.522922
12.49 1.02564 0.0356915 0.989948
12.5 1.46169 0.00687942 1.45481
12.51 1.88122 -0.0267637 1.90798
12.52 2.27635 -0.0633747 2.33972
12.53 2.637 -0.103432 2.74043
12.54 2.95667 -0.144344 3.10101
12.55 3.22993 -0.183314 3.41324
12.56 3.45168 -0.218407 3.67009
12.57 3.6147 -0.251279 3.86598
12.58 3.71762 -0.279424 3.99704
12.59 3.76089 -0.300349 4.06124
12.6 3.74478 -0.313641 4.05842
12.61 3.66823 -0.322094 3.99032
12.62 3.53546 -0.325003 3.86046
12.63 3.35261 -0.321349 3.67396
12.64 3.12481 -0.312491 3.4373
12.65 2.85663 -0.301423 3.15805
12.66 2.55553 -0.289004 2.84453
12.67 2.22993 -0.275545 2.50548
12.68 1.88673 -0.26295 2.14968
12.69 1.53267 -0.253035 1.78571
12.7 1.17514 -0.246441 1.42158
12.71 0.820677 -0.243894 1.06457
12.72 0.474792 -0.24621 0.721002
12.73 0.142927 -0.253227 0.396154
12.74 -0.169724 -0.263942 0.0942181
12.75 -0.460416 -0.278739 -0.181677
12.76 -0.72628 -0.296899 -0.429381
12.77 -0.964332 -0.316741 -0.647591
12.78 -1.17144 -0.33576 -0.83568
12.79 -1.34783 -0.354326 -0.993504
12.8 -1.49237 -0.371161 -1.12121
12.81 -1.60362 -0.384583 -1.21904
12.82 -1.679 -0.391834 -1.28717
12.83 -1.71995 -0.394371 -1.32558
12.84 -1.72582 -0.391833 -1.33399
12.85 -1.69566 -0.383864 -1.3118
12.86 -1.62659 -0.368457 -1.25813
12.87 -1.52082 -0.348894 -1.17193
12.88 -1.37819 -0.326162 -1.05203
12.89 -1.19874 -0.301363 -0.897377
12.9 -0.980383 -0.273191 -0.707192
12.91 -0.727175 -0.246009 -0.481166
12.92 -0.440899 -0.221231 -0.219668
12.93 -0.123982 -0.200063 0.076081
12.94 0.222185 -0.181679 0.403864
12.95 0.591171 -0.169198 0.760369
12.96 0.97808 -0.163068 1.14115
12.97 1.37747 -0.163169 1.54064
12.98 1.78321 -0.169044 1.95225
12.99 2.18769 -0.180836 2.36853
13 2.58402 -0.197306 2.78133
13.01 2.96529 -0.216829 3.18212
13.02 3.32278 -0.239483 3.56226
13.03 3.65039 -0.26294 3.91333
13.04 3.94269 -0.284742 4.22743
13.05 4.1946 -0.302931 4.49753
13.06 4.3991 -0.318633 4.71773
13.07 4.55444 -0.329081 4.88352
13.08 4.65996 -0.331985 4.99194
13.09 4.71516 -0.326575 5.04173
13.1 4.71826 -0.315084 5.03334
13.11 4.67267 -0.296245 4.96892
13.12 4.58306 -0.269109 4.85217
13.13 4.45357 -0.234654 4.68822
13.14 4.28777 -0.195593 4.48336
13.15 4.0923 -0.152437 4.24474
13.16 3.8743 -0.105754 3.98005
13.17 3.63976 -0.057483 3.69724
13.18 3.39441 -0.00970815 3.40412
13.19 3.14457 0.0365041 3.10807
13.2 2.8956 0.0798374 2.81576
13.21 2.6518 0.11886 2.53294
13.22 2.41705 0.152844 2.26421
13.23 2.19445 0.181517 2.01293
13.24 1.98511 0.2039 1.78121
13.25 1.78973 0.219868 1.56986
13.26 1.60855 0.230016 1.37853
13.27 1.44092 0.235094 1.20583
13.28 1.2845 0.235021 1.04948
13.29 1.13728 0.230691 0.906589
13.3 0.997061 0.223219 0.773842
13.31 0.861303 0.213551 0.647752
13.32 0.7272 0.202308 0.524892
13.33 0.59257 0.190463 0.402107
13.34 0.455471 0.178782 0.276689
13.35 0.314076 0.167561 0.146515
13.36 0.167658 0.157514 0.0101436
13.37 0.0158285 0.148976 -0.133148
13.38 -0.141346 0.142016 -0.283362
13.39 -0.303492 0.136342 -0.439834
13.4 -0.469096 0.132221 -0.601317
13.41 -0.636728 0.129377 -0.766105
13.42 -0.804733 0.127441 -0.932174
13.43 -0.971019 0.126318 -1.09734
13.44 -1.13375 0.125651 -1.2594
13.45 -1.29123 0.125087 -1.41632
13.46 -1.442 0.124315 -1.56631
13.47 -1.58418 0.12383 -1.70801
13.48 -1.71747 0.123019 -1.84049
13.49 -1.84162 0.121731 -1.96335
13.5 -1.9567 0.120029 -2.07673
13.51 -2.06272 0.118546 -2.18127
13.52 -2.16124 0.116828 -2.27807
13.53 -2.25372 0.114907 -2.36863
13.54 -2.34177 0.112956 -2.45473
13.55 -2.42716 0.111167 -2.53833
13.56 -2.51213 0.109325 -2.62146
13.57 -2.59864 0.107438 -2.70608
13.58 -2.68845 0.10554 -2.79399
13.59 -2.78351 0.103206 -2.88672
13.6 -2.88507 0.100344 -2.98541
13.61 -2.99382 0.0969946 -3.09081
13.62 -3.11016 0.0930055 -3.20317
13.63 -3.23438 0.0878252 -3.32221
13.64 -3.3656 0.0815538 -3.44715
13.65 -3.50236 0.0743632 -3.57672
13.66 -3.64298 0.0661633 -3.70914
13.67 -3.78522 0.0569822 -3.8422
13.68 -3.92603 0.0472682 -3.9733
13.69 -4.06229 0.0372085 -4.0995
13.7 -4.19061 0.026995 -4.2176
13.71 -4.30681 0.0174131 -4.32422
13.72 -4.4065 0.00933334 -4.41583
13.73 -4.48635 0.0025135 -4.48886
13.74 -4.54259 -0.00282734 -4.53976
13.75 -4.57063 -0.00555445 -4.56508
13.76 -4.56598 -0.00446153 -4.56152
13.77 -4.527 -0.000943327 -4.52606
13.78 -4.45106 0.0049237 -4.45598
13.79 -4.33501 0.0139923 -4.349
13.8 -4.17579 0.0275168 -4.20331
13.81 -3.97484 0.0428247 -4.01766
13.82 -3.73205 0.059447 -3.7915
13.83 -3.44732 0.0776333 -3.52495
13.84 -3.12046 0.098519 -3.21898
13.85 -2.75648 0.118891 -2.87537
13.86 -2.35856 0.138258 -2.49682
13.87 -1.93031 0.15661 -2.08692
13.88 -1.47553 0.174654 -1.65018
13.89 -1.00191 0.190085 -1.192
13.9 -0.515566 0.20299 -0.718556
13.91 -0.0231373 0.213659 -0.236796
13.92 0.467455 0.221707 0.245748
13.93 0.948308 0.227223 0.721085
13.94 1.41193 0.230987 1.18094
13.95 1.85086 0.233893 1.61697
13.96 2.25457 0.233637 2.02093
13.97 2.61808 0.233106 2.38497
13.98 2.93518 0.233384 2.7018
13.99 3.20027 0.235366 2.9649
14 3.40406 0.235264 3.1688
14.01 3.54621 0.237066 3.30914
14.02 3.62471 0.241772 3.38294
14.03 3.63818 0.249579 3.3886
14.04 3.58214 0.256086 3.32605
14.05 3.46136 0.264622 3.19674
14.06 3.27934 0.275743 3.0036
14.07 3.03973 0.288724 2.75101
14.08 2.74451 0.299846 2.44466
14.09 2.40236 0.310917 2.09144
14.1 2.02118 0.321969 1.69921
14.11 1.60847 0.331848 1.27662
14.12 1.17154 0.338644 0.832896
14.13 0.720547 0.342968 0.377579
14.14 0.264768 0.344455 -0.079687
14.15 -0.187181 0.342214 -0.529395
14.16 -0.625799 0.336592 -0.962391
14.17 -1.04211 0.327956 -1.37007
14.18 -1.42907 0.315462 -1.74453
14.19 -1.77987 0.298896 -2.07877
14.2 -2.08642 0.280303 -2.36672
14.21 -2.34295 0.260475 -2.60342
14.22 -2.54713 0.237879 -2.78501
14.23 -2.69593 0.212833 -2.90876
14.24 -2.78526 0.187861 -2.97312
14.25 -2.81344 0.164205 -2.97764
14.26 -2.78343 0.139556 -2.92299
14.27 -2.6965 0.11433 -2.81083
14.28 -2.55337 0.0904583 -2.64383
14.29 -2.35636 0.0691645 -2.42552
14.3 -2.11247 0.0477979 -2.16027
14.31 -1.82647 0.0266555 -1.85313
14.32 -1.50309 0.00669767 -1.50979
14.33 -1.14789 -0.0114202 -1.13647
14.34 -0.769472 -0.0296622 -0.73981
14.35 -0.374523 -0.0477617 -0.326761
14.36 0.0301586 -0.0653601 0.0955187
14.37 0.436996 -0.08279 0.519786
14.38 0.838547 -0.100284 0.938831
14.39 1.22825 -0.117355 1.34561
14.4 1.59964 -0.133709 1.73335
14.41 1.94477 -0.15095 2.09572
14.42 2.2598 -0.167124 2.42692
14.43 2.54022 -0.181615 2.72183
14.44 2.78214 -0.193967 2.97611
14.45 2.97914 -0.207135 3.18627
14.46 3.13229 -0.217549 3.34984
14.47 3.2405 -0.224819 3.46532
14.48 3.30351 -0.228783 3.53229
14.49 3.31862 -0.232782 3.5514
14.5 3.29085 -0.233472 3.52432
14.51 3.22279 -0.230922 3.45371
14.52 3.11753 -0.225593 3.34312
14.53 2.97675 -0.220135 3.19689
14.54 2.80719 -0.212776 3.01997
14.55 2.61382 -0.203988 2.81781
14.56 2.40151 -0.194643 2.59615
14.57 2.1747 -0.186162 2.36086
14.58 1.93953 -0.178194 2.11772
14.59 1.70093 -0.171356 1.87229
14.6 1.46332 -0.166365 1.62968
14.61 1.23127 -0.163237 1.39451
14.62 1.00851 -0.162166 1.17068
14.63 0.797767 -0.163593 0.96136
14.64 0.601333 -0.167597 0.76893
14.65 0.421794 -0.173144 0.594938
14.66 0.259922 -0.180218 0.44014
14.67 0.115601 -0.188943 0.304544
14.68 -0.0113174 -0.198811 0.187493
14.69 -0.120722 -0.20849 0.0877684
14.7 -0.213947 -0.217654 0.00370692
14.71 -0.292959 -0.226294 -0.0666647
14.72 -0.359308 -0.23381 -0.125498
14.73 -0.414307 -0.239313 -0.174994
14.74 -0.459866 -0.242583 -0.217283
14.75 -0.498089 -0.243763 -0.254326
14.76 -0.530506 -0.242673 -0.287833
14.77 -0.558394 -0.239189 -0.319205
14.78 -0.583029 -0.233521 -0.349508
14.79 -0.605555 -0.226087 -0.379468
14.8 -0.626709 -0.217218 -0.409491
14.81 -0.647036 -0.207332 -0.439704
14.82 -0.666948 -0.196934 -0.470014
14.83 -0.686728 -0.186552 -0.500176
14.84 -0.706535 -0.176666 -0.529869
14.85 -0.726497 -0.167725 -0.558772
14.86 -0.746763 -0.160138 -0.586625
14.87 -0.767482 -0.154189 -0.613293
14.88 -0.788871 -0.150076 -0.638795
14.89 -0.811227 -0.147893 -0.663334
14.9 -0.835012 -0.147725 -0.687287
14.91 -0.860567 -0.149384 -0.711183
14.92 -0.888307 -0.152648 -0.735659
14.93 -0.918639 -0.157242 -0.761397
14.94 -0.952095 -0.16305 -0.789045
14.95 -0.988624 -0.169489 -0.819135
14.96 -1.02816 -0.176172 -0.851988
14.97 -1.07039 -0.182759 -0.887631
14.98 -1.11475 -0.189032 -0.925718
14.99 -1.15996 -0.194491 -0.965469
15 -1.20455 -0.198927 -1.00562
15.01 -1.24671 -0.202286 -1.04442
15.02 -1.28364 -0.204013 -1.07963
15.03 -1.31279 -0.204254 -1.10854
15.04 -1.33128 -0.203207 -1.12807
15.05 -1.33598 -0.201114 -1.13487
15.06 -1.32221 -0.196838 -1.12537
15.07 -1.28734 -0.19133 -1.09601
15.08 -1.2285 -0.185185 -1.04332
15.09 -1.14283 -0.178735 -0.964095
15.1 -1.02591 -0.170323 -0.855587
15.11 -0.876936 -0.161318 -0.715618
15.12 -0.69533 -0.152598 -0.542732
15.13 -0.480676 -0.144357 -0.336319
15.14 -0.231617 -0.134915 -0.0967022
15.15 0.0492654 -0.125535 0.174801
15.16 0.358738 -0.117109 0.475847
15.17 0.693529 -0.109552 0.803081
15.18 1.05029 -0.101884 1.15217
15.19 1.42296 -0.0949503 1.51791
15.2 1.80511 -0.0891878 1.8943
15.21 2.19046 -0.0842526 2.27471
15.22 2.57183 -0.0802368 2.65207
15.23 2.94132 -0.0776754 3.019
15.24 3.29212 -0.0759356 3.36806
15.25 3.61741 -0.0745219 3.69193
15.26 3.9093 -0.0743398 3.98364
15.27 4.16075 -0.0759714 4.23672
15.28 4.36806 -0.0773663 4.44543
15.29 4.52694 -0.0779331 4.60487
15.3 4.63235 -0.0788344 4.71118
15.31 4.6806 -0.0809941 4.76159
15.32 4.67336 -0.0811615 4.75452
15.33 4.61072 -0.0788917 4.68961
15.34 4.49259 -0.0751516 4.56774
15.35 4.31985 -0.0711413 4.39099
15.36 4.09907 -0.0635134 4.16258
15.37 3.83455 -0.0522408 3.88679
15.38 3.53074 -0.0380785 3.56882
15.39 3.1925 -0.0221621 3.21466
15.4 2.82854 -0.00240738 2.83095
15.41 2.44533 0.0205732 2.42476
15.42 2.0494 0.0459521 2.00345
15.43 1.64771 0.073242 1.57447
15.44 1.24749 0.102318 1.14517
15.45 0.85471 0.132062 0.722648
15.46 0.474994 0.161443 0.313551
15.47 0.115105 0.191143 -0.0760378
15.48 -0.221764 0.218981 -0.440745
15.49 -0.53214 0.243865 -0.776005
15.5 -0.813263 0.264877 -1.07814
15.51 -1.0605 0.283911 -1.34441
15.52 -1.27503 0.298017 -1.57305
15.53 -1.45655 0.306692 -1.76324
15.54 -1.60534 0.309784 -1.91512
15.55 -1.72011 0.309599 -2.02971
15.56 -1.8046 0.304224 -2.10882
15.57 -1.86113 0.293885 -2.15502
15.58 -1.89211 0.279333 -2.17144
15.59 -1.89902 0.262739 -2.16176
15.6 -1.88634 0.243641 -2.12998
15.61 -1.85756 0.222808 -2.08037
15.62 -1.81588 0.201402 -2.01728
15.63 -1.76414 0.180932 -1.94507
15.64 -1.70624 0.161715 -1.86796
15.65 -1.64534 0.144569 -1.78991
15.66 -1.58426 0.130327 -1.71459
15.67 -1.52588 0.119357 -1.64524
15.68 -1.47275 0.111897 -1.58465
15.69 -1.4268 0.108304 -1.5351
15.7 -1.38976 0.10861 -1.49837
15.71 -1.36357 0.112108 -1.47568
15.72 -1.3493 0.11844 -1.46774
15.73 -1.34727 0.127499 -1.47477
15.74 -1.35784 0.138679 -1.49652
15.75 -1.3816 0.150724 -1.53232
15.76 -1.41821 0.162944 -1.58115
15.77 -1.46653 0.17514 -1.64167
15.78 -1.52568 0.1866 -1.71228
15.79 -1.59483 0.196372 -1.7912
15.8 -1.6725 0.204019 -1.87652
15.81 -1.75664 0.209592 -1.96623
15.82 -1.84551 0.212802 -2.05831
15.83 -1.93727 0.213472 -2.15074
15.84 -2.02973 0.211827 -2.24156
15.85 -2.12075 0.20813 -2.32888
15.86 -2.20835 0.202597 -2.41095
15.87 -2.29048 0.195656 -2.48614
15.88 -2.36482 0.188163 -2.55298
15.89 -2.43006 0.180139 -2.6102
15.9 -2.48477 0.171916 -2.65669
15.91 -2.52751 0.164036 -2.69155
15.92 -2.55659 0.157504 -2.71409
15.93 -2.57216 0.151701 -2.72386
15.94 -2.57387 0.14673 -2.7206
15.95 -2.56156 0.142735 -2.7043
15.96 -2.53468 0.140478 -2.67516
15.97 -2.49485 0.138775 -2.63362
15.98 -2.44295 0.137406 -2.58036
15.99 -2.38007 0.136156 -2.51623
16 -2.30697 0.135334 -2.4423
16.01 -2.22604 0.133801 -2.35984
16.02 -2.13894 0.131305 -2.27025
16.03 -2.04739 0.127658 -2.17505
16.04 -1.9531 0.122774 -2.07587
16.05 -1.85816 0.116238 -1.9744
16.06 -1.76419 0.108117 -1.87231
16.07 -1.67271 0.098536 -1.77125
16.08 -1.58545 0.0873299 -1.67278
16.09 -1.5034 0.0749391 -1.57834
16.1 -1.42739 0.0617864 -1.48918
16.11 -1.35801 0.0483129 -1.40632
16.12 -1.29607 0.0344797 -1.33055
16.13 -1.24123 0.0211051 -1.26234
16.14 -1.19309 0.00874936 -1.20184
16.15 -1.15106 -0.00217198 -1.14889
16.16 -1.11454 -0.011576 -1.10296
16.17 -1.08207 -0.0188599 -1.06321
16.18 -1.05218 -0.0237393 -1.02844
16.19 -1.02329 -0.0261254 -0.997165
16.2 -0.993547 -0.0259307 -0.967616
16.21 -0.960848 -0.0230506 -0.937797
16.22 -0.923269 -0.0177437 -0.905525
16.23 -0.878827 -0.0103369 -0.86849
16.24 -0.825039 -0.000722728 -0.824316
16.25 -0.759804 0.0108261 -0.77063
16.26 -0.68165 0.0234799 -0.70513
16.27 -0.588943 0.0367148 -0.625658
16.28 -0.479571 0.0507008 -0.530272
16.29 -0.352161 0.0651558 -0.417317
16.3 -0.206603 0.0788892 -0.285492
16.31 -0.0424481 0.0914663 -0.133914
16.32 0.140956 0.10313 0.0378259
16.33 0.343435 0.113819 0.229616
16.34 0.563121 0.122339 0.440782
16.35 0.798591 0.12853 0.670061
16.36 1.04823 0.132641 0.915589
16.37 1.3096 0.134703 1.1749
16.38 1.57892 0.13399 1.44493
16.39 1.85275 0.130669 1.72208
16.4 2.12717 0.124936 2.00223
16.41 2.39729 0.116449 2.28084
16.42 2.6585 0.105502 2.553
16.43 2.90613 0.092574 2.81356
16.44 3.13508 0.0778495 3.05723
16.45 3.33878 0.0600429 3.27874
16.46 3.51393 0.0409993 3.47293
16.47 3.6563 0.0213455 3.63495
16.48 3.7618 0.00140909 3.76039
16.49 3.82411 -0.0213018 3.84541
16.5 3.84353 -0.0433919 3.88692
16.51 3.8184 -0.0642909 3.88269
16.52 3.74791 -0.0835582 3.83147
16.53 3.62862 -0.104456 3.73308
16.54 3.46561 -0.122866 3.58848
16.55 3.26125 -0.138554 3.3998
16.56 3.01889 -0.151482 3.17037
16.57 2.74078 -0.163855 2.90463
16.58 2.4351 -0.173015 2.60811
16.59 2.10823 -0.179064 2.28729
16.6 1.76695 -0.18252 1.94947
16.61 1.41872 -0.183858 1.60258
16.62 1.0724 -0.182587 1.25499
16.63 0.735835 -0.179434 0.915269
16.64 0.416683 -0.175277 0.59196
16.65 0.124391 -0.168917 0.293308
16.66 -0.13454 -0.161563 0.0270227
16.67 -0.354604 -0.154638 -0.199966
16.68 -0.530688 -0.148955 -0.381733
16.69 -0.65581 -0.142259 -0.513551
16.7 -0.72835 -0.136287 -0.592063
16.71 -0.74823 -0.132827 -0.615403
16.72 -0.715441 -0.13216 -0.583281
16.73 -0.628917 -0.131903 -0.497014
16.74 -0.492788 -0.133278 -0.35951
16.75 -0.312976 -0.137771 -0.175205
16.76 -0.0948908 -0.144947 0.0500566
16.77 0.156025 -0.153155 0.30918
16.78 0.431139 -0.16288 0.594019
16.79 0.721048 -0.174563 0.895611
16.8 1.01715 -0.18729 1.20444
16.81 1.31012 -0.20059 1.51071
16.82 1.58981 -0.214825 1.80463
16.83 1.84782 -0.228907 2.07673
16.84 2.07615 -0.241922 2.31807
16.85 2.26613 -0.25446 2.52059
16.86 2.40971 -0.26756 2.67727
16.87 2.50374 -0.278626 2.78237
16.88 2.54441 -0.287155 2.83156
16.89 2.52783 -0.29427 2.8221
16.9 2.45099 -0.301836 2.75283
16.91 2.31781 -0.306433 2.62424
16.92 2.13039 -0.308082 2.43847
16.93 1.89133 -0.307858 2.19919
16.94 1.60387 -0.307636 1.91151
16.95 1.27743 -0.304398 1.58183
16.96 0.919041 -0.298622 1.21766
16.97 0.536376 -0.291031 0.827407
16.98 0.137929 -0.28218 0.420109
16.99 -0.265706 -0.270929 0.005223
17 -0.665603 -0.25795 -0.407653
17.01 -1.05286 -0.243827 -0.809033
17.02 -1.41659 -0.226793 -1.1898
17.03 -1.74998 -0.208553 -1.54143
17.04 -2.04608 -0.189849 -1.85623
17.05 -2.29884 -0.171307 -2.12753
17.06 -2.49909 -0.149247 -2.34984
17.07 -2.64674 -0.127751 -2.51899
17.08 -2.73976 -0.107552 -2.63221
17.09 -2.77733 -0.0891174 -2.68821
17.1 -2.75611 -0.0689085 -2.6872
17.11 -2.68189 -0.0510481 -2.63084
17.12 -2.5585 -0.0362917 -2.52221
17.13 -2.39041 -0.0247255 -2.36568
17.14 -2.18096 -0.0141282 -2.16683
17.15 -1.9393 -0.00707472 -1.93223
17.16 -1.67309 -0.00382551 -1.66926
17.17 -1.38984 -0.00387858 -1.38596
17.18 -1.0973 -0.00658694 -1.09071
17.19 -0.804501 -0.012437 -0.792064
17.2 -0.519136 -0.0206702 -0.498466
17.21 -0.248303 -0.0302637 -0.218039
17.22 -4.06316e-05 -0.0416932 0.0416526
17.23 0.219815 -0.0540008 0.273816
17.24 0.407217 -0.0653963 0.472613
17.25 0.558514 -0.0748112 0.633325
17.26 0.66921 -0.0832654 0.752475
17.27 0.738349 -0.0895726 0.827922
17.28 0.767268 -0.0916375 0.858905
17.29 0.75707 -0.0889906 0.846061
17.3 0.70855 -0.0828297 0.79138
17.31 0.625463 -0.0726765 0.69814
17.32 0.513565 -0.0572227 0.570788
17.33 0.377815 -0.036979 0.414794
17.34 0.223351 -0.0131199 0.236471
17.35 0.0568444 0.0140759 0.0427685
17.36 -0.114595 0.0443529 -0.158948
17.37 -0.284693 0.0764403 -0.361133
17.38 -0.446901 0.1094 -0.556301
17.39 -0.594289 0.14297 -0.737259
17.4 -0.721986 0.175345 -0.897331
17.41 -0.82534 0.205226 -1.03057
17.42 -0.899722 0.232193 -1.13191
17.43 -0.940534 0.256849 -1.19738
17.44 -0.94752 0.276627 -1.22415
17.45 -0.919676 0.290953 -1.21063
17.46 -0.856444 0.300094 -1.15654
17.47 -0.757237 0.305625 -1.06286
17.48 -0.626502 0.305324 -0.931826
17.49 -0.467213 0.299598 -0.766811
17.5 -0.282939 0.289299 -0.572238
17.51 -0.077381 0.276038 -0.353419
17.52 0.142483 0.25887 -0.116387
17.53 0.371118 0.238822 0.132296
17.54 0.602727 0.216986 0.385741
17.55 0.830541 0.193598 0.636943
17.56 1.04844 0.169454 0.878986
17.57 1.25081 0.145561 1.10525
17.58 1.43237 0.122782 1.30959
17.59 1.58597 0.0994641 1.48651
17.6 1.70903 0.0777315 1.6313
17.61 1.7984 0.0582319 1.74017
17.62 1.8516 0.0412887 1.81031
17.63 1.86428 0.0243074 1.83997
17.64 1.83807 0.00960426 1.82847
17.65 1.77379 -0.0023726 1.77616
17.66 1.67272 -0.0117311 1.68445
17.67 1.53494 -0.0207248 1.55566
17.68 1.3654 -0.0275869 1.39299
17.69 1.1684 -0.0319331 1.20033
17.7 0.948165 -0.0340527 0.982218
17.71 0.708607 -0.0349996 0.743607
17.72 0.455949 -0.0338155 0.489764
17.73 0.195727 -0.0303725 0.226099
17.74 -0.0669744 -0.0249848 -0.0419896
17.75 -0.326794 -0.0175368 -0.309257
17.76 -0.578565 -0.00782059 -0.570744
17.77 -0.818212 0.00368291 -0.821895
17.78 -1.04207 0.0165836 -1.05865
17.79 -1.24606 0.0314835 -1.27754
17.8 -1.42764 0.0480797 -1.47572
17.81 -1.58585 0.0651508 -1.651
17.82 -1.71972 0.0821571 -1.80188
17.83 -1.82792 0.0995762 -1.9275
17.84 -1.91072 0.116909 -2.02763
17.85 -1.97007 0.132548 -2.10262
17.86 -2.0073 0.146009 -2.15331
17.87 -2.02351 0.157467 -2.18098
17.88 -2.0206 0.166634 -2.18723
17.89 -2.00171 0.172237 -2.17395
17.9 -1.969 0.174141 -2.14314
17.91 -1.92433 0.172592 -2.09692
17.92 -1.86966 0.16773 -2.03739
17.93 -1.80738 0.159197 -1.96658
17.94 -1.739 0.147387 -1.88639
17.95 -1.66569 0.132863 -1.79855
17.96 -1.58833 0.116279 -1.70461
17.97 -1.50784 0.0980356 -1.60588
17.98 -1.42457 0.0788893 -1.50346
17.99 -1.33866 0.0596037 -1.39826
18 -1.24995 0.0410624 -1.29101
18.01 -1.15849 0.0237889 -1.18228
18.02 -1.06412 0.00840291 -1.07252
18.03 -0.966672 -0.00454326 -0.962129
18.04 -0.865859 -0.014415 -0.851444
18.05 -0.761992 -0.0211764 -0.740816
18.06 -0.655307 -0.0246859 -0.630621
18.07 -0.546213 -0.0249201 -0.521293
18.08 -0.435237 -0.021902 -0.413335
18.09 -0.323407 -0.0160758 -0.307331
18.1 -0.211704 -0.00776002 -0.203944
18.11 -0.101234 0.0026724 -0.103906
18.12 0.00650236 0.0145086 -0.00800622
18.13 0.110291 0.027356 0.082935
18.14 0.208899 0.0408128 0.168086
18.15 0.301122 0.0544888 0.246633
18.16 0.385246 0.0674427 0.317803
18.17 0.460616 0.0797268 0.380889
18.18 0.526528 0.0912613 0.435267
18.19 0.582344 0.101935 0.480409
18.2 0.626919 0.111024 0.515895
18.21 0.660394 0.118984 0.54141
18.22 0.68286 0.126118 0.556742
18.23 0.694321 0.132547 0.561774
18.24 0.694282 0.137807 0.556475
18.25 0.683269 0.142384 0.540885
18.26 0.661777 0.146668 0.515109
18.27 0.630035 0.150731 0.479304
18.28 0.587794 0.154111 0.433683
18.29 0.535481 0.156964 0.378517
18.3 0.47365 0.159502 0.314148
18.31 0.402565 0.161552 0.241013
18.32 0.322186 0.162518 0.159668
18.33 0.233059 0.162231 0.0708279
18.34 0.136156 0.16075 -0.0245944
18.35 0.0323215 0.15777 -0.125448
18.36 -0.0774871 0.152817 -0.230304
18.37 -0.191625 0.145795 -0.33742
18.38 -0.307937 0.136784 -0.444721
18.39 -0.424159 0.125627 -0.549786
18.4 -0.53746 0.112397 -0.649857
18.41 -0.644249 0.097622 -0.741871
18.42 -0.741248 0.0812612 -0.822509
18.43 -0.82482 0.063455 -0.888275
18.44 -0.890689 0.0449032 -0.935592
18.45 -0.933869 0.0270576 -0.960927
18.46 -0.951741 0.00918283 -0.960924
18.47 -0.941016 -0.00845412 -0.932562
18.48 -0.898281 -0.0249716 -0.873309
18.49 -0.819569 -0.0382849 -0.781284
18.5 -0.705713 -0.05031 -0.655403
18.51 -0.556457 -0.0609408 -0.495516
18.52 -0.372215 -0.0696992 -0.302516
18.53 -0.153237 -0.0748243 -0.0784127
18.54 0.0946713 -0.0789543 0.173626
18.55 0.367073 -0.0822077 0.449281
18.56 0.658551 -0.0845859 0.743137
18.57 0.962813 -0.0859708 1.04878
18.58 1.27092 -0.0880456 1.35897
18.59 1.57493 -0.0908459 1.66578
18.6 1.86657 -0.0943202 1.96089
18.61 2.13502 -0.10081 2.23583
18.62 2.37305 -0.1092 2.48225
18.63 2.57321 -0.119018 2.69223
18.64 2.72874 -0.129825 2.85857
18.65 2.82986 -0.145202 2.97506
18.66 2.87513 -0.161639 3.03677
18.67 2.86238 -0.177824 3.0402
18.68 2.79049 -0.193028 2.98352
18.69 2.65628 -0.210321 2.8666
18.7 2.46547 -0.225662 2.69113
18.71 2.22313 -0.23743 2.46056
18.72 1.93485 -0.245164 2.18001
18.73 1.60575 -0.25041 1.85616
18.74 1.24643 -0.250557 1.49699
18.75 0.86665 -0.244906 1.11156
18.76 0.475843 -0.233851 0.709694
18.77 0.0841571 -0.217514 0.301671
18.78 -0.297696 -0.195555 -0.102141
18.79 -0.660741 -0.169131 -0.49161
18.8 -0.996747 -0.139568 -0.857179
18.81 -1.29645 -0.106286 -1.19016
18.82 -1.55349 -0.0704641 -1.48303
18.83 -1.76457 -0.0349854 -1.72958
18.84 -1.92658 -0.00139388 -1.92519
18.85 -2.03574 0.0310639 -2.0668
18.86 -2.09195 0.061129 -2.15308
18.87 -2.0987 0.0855982 -2.1843
18.88 -2.05864 0.103672 -2.16231
18.89 -1.97413 0.116268 -2.0904
18.9 -1.84999 0.123092 -1.97308
18.91 -1.69367 0.122251 -1.81592
18.92 -1.511 0.114254 -1.62525
18.93 -1.30767 0.100283 -1.40795
18.94 -1.0902 0.0809553 -1.17116
18.95 -0.86554 0.0564754 -0.922015
18.96 -0.639188 0.0282786 -0.667467
18.97 -0.416362 -0.00234784 -0.414014
18.98 -0.202309 -0.034751 -0.167558
18.99 -0.000447583 -0.0671929 0.0667453
19 0.186285 -0.0982957 0.284581
19.01 0.355344 -0.127188 0.482532
19.02 0.504052 -0.154048 0.6581
19.03 0.63278 -0.176903 0.809683
19.04 0.741282 -0.195244 0.936526
19.05 0.82962 -0.209024 1.03864
19.06 0.897288 -0.219437 1.11673
19.07 0.946783 -0.225233 1.17202
19.08 0.979358 -0.226852 1.20621
19.09 0.996392 -0.224929 1.22132
19.1 0.998478 -0.221094 1.21957
19.11 0.988415 -0.214878 1.20329
19.12 0.967753 -0.207065 1.17482
19.13 0.938013 -0.1984 1.13641
19.14 0.900211 -0.190002 1.09021
19.15 0.856414 -0.181752 1.03817
19.16 0.807946 -0.174063 0.982009
19.17 0.756018 -0.167223 0.923241
19.18 0.701672 -0.16145 0.863122
19.19 0.646157 -0.156509 0.802666
19.2 0.590379 -0.152277 0.742656
19.21 0.535109 -0.148547 0.683656
19.22 0.481105 -0.144923 0.626028
19.23 0.428848 -0.1411 0.569948
19.24 0.378625 -0.136808 0.515433
19.25 0.330589 -0.131769 0.462358
19.26 0.284841 -0.125643 0.410484
19.27 0.24108 -0.118397 0.359477
19.28 0.198884 -0.110055 0.308939
19.29 0.157755 -0.10068 0.258435
19.3 0.117081 -0.0904483 0.207529
19.31 0.076105 -0.0797103 0.155815
19.32 0.0341493 -0.0688095 0.102959
19.33 -0.00939088 -0.0581268 0.0487359
19.34 -0.0551186 -0.0481923 -0.00692628
19.35 -0.10334 -0.03943 -0.06391
19.36 -0.153985 -0.0321131 -0.121872
19.37 -0.206767 -0.0265528 -0.180214
19.38 -0.26109 -0.0230246 -0.238065
19.39 -0.315792 -0.0215192 -0.294273
19.4 -0.369377 -0.0219663 -0.347411
19.41 -0.420084 -0.0242802 -0.395804
19.42 -0.465621 -0.0280515 -0.437569
19.43 -0.503237 -0.032559 -0.470678
19.44 -0.530709 -0.0376793 -0.49303
19.45 -0.545558 -0.0430102 -0.502548
19.46 -0.54495 -0.0476663 -0.497284
19.47 -0.525957 -0.0504274 -0.47553
19.48 -0.487715 -0.0517798 -0.435935
19.49 -0.429027 -0.0514064 -0.377621
19.5 -0.348893 -0.048613 -0.30028
19.51 -0.246629 -0.0423582 -0.204271
19.52 -0.124666 -0.0339867 -0.0906793
19.53 0.0150758 -0.0235634 0.0386392
19.54 0.170012 -0.0110414 0.181053
19.55 0.33677 0.00358629 0.333184
19.56 0.509878 0.0189114 0.490967
19.57 0.684361 0.0346051 0.649756
19.58 0.854762 0.0503031 0.804459
19.59 1.01412 0.0644171 0.949703
19.6 1.157 0.076972 1.08003
19.61 1.27791 0.0878131 1.1901
19.62 1.37176 0.096845 1.27491
19.63 1.43115 0.1011 1.33005
19.64 1.45483 0.102988 1.35184
19.65 1.44042 0.102826 1.33759
19.66 1.3867 0.100968 1.28573
19.67 1.2908 0.0948731 1.19593
19.68 1.15711 0.0879346 1.06918
19.69 0.988809 0.0809855 0.907824
19.7 0.790049 0.0745073 0.715542
19.71 0.564911 0.0676674 0.497244
19.72 0.321889 0.0629371 0.258952
19.73 0.068539 0.0609244 0.00761461
19.74 -0.187409 0.0617121 -0.249121
19.75 -0.437001 0.0661691 -0.50317
19.76 -0.671554 0.0747412 -0.746295
19.77 -0.883561 0.0868454 -0.970406
19.78 -1.06599 0.101872 -1.16786
19.79 -1.21028 0.121479 -1.33176
19.8 -1.31187 0.144331 -1.4562
19.81 -1.36812 0.168413 -1.53653
19.82 -1.37684 0.192688 -1.56953
19.83 -1.33493 0.218604 -1.55353
19.84 -1.24432 0.244227 -1.48855
19.85 -1.10926 0.266979 -1.37624
19.86 -0.933745 0.286169 -1.21991
19.87 -0.721903 0.302502 -1.0244
19.88 -0.481336 0.314584 -0.79592
19.89 -0.220934 0.320896 -0.54183
19.9 0.0511804 0.321604 -0.270424
19.91 0.326261 0.316879 0.009382
19.92 0.594442 0.306102 0.28834
19.93 0.847196 0.290008 0.557188
19.94 1.0766 0.269638 0.806962
19.95 1.27426 0.24497 1.02929
19.96 1.43228 0.215612 1.21667
19.97 1.54722 0.184523 1.3627
19.98 1.61529 0.153014 1.46228
19.99 1.63277 0.121017 1.51175
20 1.59674 0.0877226 1.50902
20.01 1.51059 0.0570555 1.45353
20.02 1.37612 0.0297883 1.34633
20.03 1.19558 0.0056539 1.18993
20.04 0.971675 -0.0165294 0.988204
20.05 0.712569 -0.0336899 0.746259
20.06 0.424169 -0.0460188 0.470188
20.07 0.112739 -0.0541279 0.166867
20.08 -0.21512 -0.0588233 -0.156297
20.09 -0.550855 -0.0592343 -0.491621
20.1 -0.887689 -0.0562866 -0.831402
20.11 -1.21908 -0.0509162 -1.16816
20.12 -1.53755 -0.0426711 -1.49488
20.13 -1.83824 -0.0330663 -1.80517
20.14 -2.11663 -0.0231357 -2.09349
20.15 -2.36903 -0.0137929 -2.35524
20.16 -2.59013 -0.00329178 -2.58684
20.17 -2.7802 0.00561937 -2.78582
20.18 -2.93852 0.0122714 -2.95079
20.19 -3.06508 0.0163361 -3.08142
20.2 -3.15856 0.0197695 -3.17833
20.21 -3.22263 0.0204013 -3.24303
20.22 -3.2597 0.0180457 -3.27775
20.23 -3.27228 0.0129812 -3.28526
20.24 -3.26195 0.00680453 -3.26875
20.25 -3.23304 -0.00143092 -3.23161
20.26 -3.18871 -0.0114766 -3.17723
20.27 -3.13159 -0.0227013 -3.10889
20.28 -3.06357 -0.0340387 -3.02953
20.29 -2.98714 -0.045462 -2.94168
20.3 -2.90383 -0.056532 -2.8473
20.31 -2.81444 -0.0667032 -2.74774
20.32 -2.71885 -0.0751757 -2.64367
20.33 -2.61675 -0.0816311 -2.53512
20.34 -2.50731 -0.085873 -2.42144
20.35 -2.38912 -0.0877031 -2.30142
20.36 -2.25977 -0.0864062 -2.17336
20.37 -2.11708 -0.081859 -2.03522
20.38 -1.95923 -0.0745171 -1.88471
20.39 -1.78409 -0.0645878 -1.7195
20.4 -1.58886 -0.0515047 -1.53736
20.41 -1.37172 -0.0354125 -1.33631
20.42 -1.13239 -0.0175693 -1.11482
20.43 -0.870403 0.00152424 -0.871927
20.44 -0.585195 0.0221562 -0.607351
20.45 -0.277642 0.0439616 -0.321604
20.46 0.0492662 0.0653105 -0.0160443
20.47 0.392839 0.0857487 0.30709
20.48 0.749874 0.105176 0.644698
20.49 1.11582 0.12296 0.99286
20.5 1.48506 0.138135 1.34693
20.51 1.8522 0.150571 1.70163
20.52 2.21127 0.160026 2.05124
20.53 2.5551 0.16535 2.38975
20.54 2.8783 0.167272 2.71103
20.55 3.17525 0.166192 3.00906
20.56 3.44017 0.162048 3.27812
20.57 3.66596 0.152958 3.513
20.58 3.85092 0.141758 3.70916
20.59 3.99209 0.129182 3.86291
20.6 4.08702 0.115496 3.97152
20.61 4.13164 0.098269 4.03337
20.62 4.12958 0.081631 4.04795
20.63 4.08214 0.0662184 4.01592
20.64 3.99151 0.0524127 3.9391
20.65 3.85819 0.0378187 3.82037
20.66 3.68986 0.0262306 3.66363
20.67 3.49136 0.0177421 3.47362
20.68 3.26802 0.0122355 3.25578
20.69 3.02464 0.00854348 3.0161
20.7 2.76903 0.00818686 2.76084
20.71 2.50713 0.0106997 2.49643
20.72 2.24456 0.0153853 2.22917
20.73 1.98737 0.022264 1.96511
20.74 1.74047 0.0306869 1.70978
20.75 1.50782 0.0396879 1.46813
20.76 1.2927 0.0483893 1.24431
20.77 1.09908 0.0574752 1.0416
20.78 0.927775 0.0654173 0.862358
20.79 0.77909 0.0711529 0.707937
20.8 0.652928 0.0741913 0.578737
20.81 0.549599 0.0753856 0.474213
20.82 0.466575 0.0736183 0.392957
20.83 0.401123 0.0683365 0.332786
20.84 0.350596 0.059721 0.290875
20.85 0.312434 0.0485468 0.263887
20.86 0.282766 0.0346332 0.248133
20.87 0.257963 0.0182374 0.239726
20.88 0.234815 7.34211e-05 0.234742
20.89 0.210058 -0.0193132 0.229371
20.9 0.180568 -0.0394918 0.22006
20.91 0.144051 -0.0595798 0.203631
20.92 0.098563 -0.0788257 0.177389
20.93 0.0421618 -0.0970362 0.139198
20.94 -0.0262959 -0.113831 0.087535
20.95 -0.106753 -0.128268 0.0215146
20.96 -0.199152 -0.14004 -0.0591118
20.97 -0.303342 -0.14936 -0.153982
20.98 -0.418466 -0.156292 -0.262174
20.99 -0.542665 -0.160389 -0.382276
21 -0.674409 -0.161936 -0.512473
21.01 -0.812093 -0.161449 -0.650644
21.02 -0.953788 -0.159316 -0.794472
21.03 -1.09733 -0.155782 -0.941548
21.04 -1.24095 -0.151469 -1.08948
21.05 -1.38294 -0.146947 -1.23599
21.06 -1.52151 -0.142501 -1.37901
21.07 -1.65556 -0.138833 -1.51673
21.08 -1.78413 -0.136457 -1.64767
21.09 -1.90643 -0.135701 -1.77073
21.1 -2.02161 -0.136457 -1.88515
21.11 -2.12995 -0.139391 -1.99056
21.12 -2.23149 -0.144599 -2.08689
21.13 -2.32639 -0.152021 -2.17437
21.14 -2.41452 -0.1611 -2.25342
21.15 -2.49673 -0.172133 -2.3246
21.16 -2.57326 -0.184768 -2.38849
21.17 -2.64426 -0.198625 -2.44563
21.18 -2.70923 -0.212823 -2.49641
21.19 -2.76823 -0.22728 -2.54095
21.2 -2.82058 -0.24149 -2.57909
21.21 -2.86529 -0.25501 -2.61028
21.22 -2.90015 -0.266589 -2.63356
21.23 -2.92378 -0.276233 -2.64755
21.24 -2.93411 -0.283676 -2.65043
21.25 -2.9287 -0.288658 -2.64004
21.26 -2.9034 -0.289519 -2.61388
21.27 -2.85612 -0.286883 -2.56924
21.28 -2.78432 -0.281022 -2.5033
21.29 -2.68531 -0.272033 -2.41328
21.3 -2.55467 -0.258102 -2.29657
21.31 -2.39143 -0.240532 -2.1509
21.32 -2.19479 -0.220308 -1.97448
21.33 -1.96402 -0.197842 -1.76618
21.34 -1.69733 -0.171715 -1.52561
21.35 -1.39687 -0.14356 -1.25331
21.36 -1.06562 -0.114864 -0.950756
21.37 -0.706578 -0.0861133 -0.620465
21.38 -0.322821 -0.0568356 -0.265985
21.39 0.0795923 -0.0285356 0.108128
21.4 0.493977 -0.00241201 0.496389
21.41 0.913756 0.0212608 0.892495
21.42 1.33137 0.0418876 1.28948
21.43 1.73826 0.0583432 1.67992
21.44 2.12686 0.0707456 2.05611
21.45 2.48968 0.0792964 2.41038
21.46 2.81807 0.0827914 2.73528
21.47 3.10426 0.0804037 3.02386
21.48 3.34417 0.0742455 3.26992
21.49 3.53326 0.0649881 3.46827
21.5 3.66645 0.0515813 3.61487
21.51 3.74032 0.0332896 3.70703
21.52 3.7574 0.0138647 3.74354
21.53 3.71881 -0.0058813 3.72469
21.54 3.62593 -0.0264166 3.65235
21.55 3.48156 -0.0482844 3.52984
21.56 3.29424 -0.0676805 3.36192
21.57 3.07042 -0.0841296 3.15455
21.58 2.817 -0.0977431 2.91474
21.59 2.54186 -0.108449 2.65031
21.6 2.2552 -0.114379 2.36958
21.61 1.96534 -0.115783 2.08112
21.62 1.68051 -0.112937 1.79345
21.63 1.40988 -0.104824 1.5147
21.64 1.15984 -0.0925798 1.25242
21.65 0.936108 -0.0771339 1.01324
21.66 0.743483 -0.0592512 0.802734
21.67 0.58818 -0.0370319 0.625212
21.68 0.469595 -0.0140365 0.483632
21.69 0.388237 0.0087011 0.379536
21.7 0.343386 0.0303287 0.313057
21.71 0.335587 0.0526109 0.282976
21.72 0.358795 0.0719631 0.286832
21.73 0.408888 0.0878072 0.321081
21.74 0.481204 0.0999133 0.381291
21.75 0.571377 0.109012 0.462365
21.76 0.672425 0.11364 0.558785
21.77 0.778883 0.114026 0.664857
21.78 0.885676 0.110723 0.774953
21.79 0.987511 0.103765 0.883746
21.8 1.08018 0.0937787 0.986401
21.81 1.16056 0.0818074 1.07875
21.82 1.22624 0.068814 1.15743
21.83 1.27457 0.054646 1.21992
21.84 1.30543 0.0407682 1.26466
21.85 1.31937 0.0284129 1.29096
21.86 1.31727 0.0182939 1.29898
21.87 1.29989 0.0102497 1.28964
21.88 1.26977 0.00527017 1.2645
21.89 1.22955 0.00396708 1.22558
21.9 1.18156 0.00633192 1.17523
21.91 1.12796 0.0120496 1.11591
21.92 1.07117 0.0210997 1.05007
21.93 1.01309 0.0331355 0.979955
21.94 0.954987 0.0475103 0.907477
21.95 0.897725 0.0636197 0.834105
21.96 0.841522 0.0807381 0.760784
21.97 0.78592 0.0980332 0.687887
21.98 0.730006 0.114793 0.615213
21.99 0.6723 0.130286 0.542014
22 0.610754 0.14369 0.467064
22.01 0.54341 0.154663 0.388747
22.02 0.468137 0.162954 0.305183
22.03 0.382484 0.168122 0.214362
22.04 0.283944 0.169653 0.114291
22.05 0.171478 0.168334 0.00314442
22.06 0.0439244 0.164518 -0.120593
22.07 -0.099708 0.158292 -0.258
22.08 -0.260039 0.149567 -0.409606
22.09 -0.435363 0.139953 -0.575316
22.1 -0.62429 0.130066 -0.754356
22.11 -0.824932 0.120328 -0.94526
22.12 -1.03477 0.111118 -1.14589
22.13 -1.24977 0.103708 -1.35348
22.14 -1.46628 0.0984558 -1.56474
22.15 -1.68034 0.0956057 -1.77595
22.16 -1.887 0.0961085 -1.98311
22.17 -2.08238 0.0997153 -2.1821
22.18 -2.26264 0.10617 -2.36881
22.19 -2.42418 0.115176 -2.53936
22.2 -2.56193 0.128264 -2.69019
22.21 -2.67499 0.143299 -2.81829
22.22 -2.76168 0.159559 -2.92124
22.23 -2.82099 0.176384 -2.99737
22.24 -2.85067 0.195161 -3.04583
22.25 -2.85348 0.213109 -3.06659
22.26 -2.83109 0.229385 -3.06047
22.27 -2.7857 0.243431 -3.02913
22.28 -2.71904 0.255909 -2.97495
22.29 -2.63608 0.264894 -2.90097
22.3 -2.54088 0.2699 -2.81078
22.31 -2.43748 0.270848 -2.70833
22.32 -2.33009 0.267713 -2.5978
22.33 -2.22339 0.260056 -2.48345
22.34 -2.12122 0.248166 -2.36939
22.35 -2.02697 0.232507 -2.25948
22.36 -1.94435 0.212793 -2.15714
22.37 -1.87546 0.189792 -2.06525
22.38 -1.82148 0.164524 -1.986
22.39 -1.78313 0.137726 -1.92086
22.4 -1.76113 0.109341 -1.87047
22.41 -1.75418 0.0805327 -1.83471
22.42 -1.76014 0.0525176 -1.81266
22.43 -1.77676 0.0258943 -1.80265
22.44 -1.80142 0.000984662 -1.8024
22.45 -1.83039 -0.0213162 -1.80907
22.46 -1.8598 -0.0403793 -1.81942
22.47 -1.88601 -0.0560659 -1.82994
22.48 -1.90495 -0.0679119 -1.83704
22.49 -1.91263 -0.075481 -1.83715
22.5 -1.90624 -0.0793116 -1.82693
22.51 -1.88313 -0.0797555 -1.80337
22.52 -1.84049 -0.0765329 -1.76396
22.53 -1.7763 -0.06958 -1.70672
22.54 -1.6908 -0.0604433 -1.63036
22.55 -1.58398 -0.0497219 -1.53426
22.56 -1.45599 -0.0374619 -1.41853
22.57 -1.30776 -0.023791 -1.28397
22.58 -1.14248 -0.0104424 -1.13204
22.59 -0.962645 0.00212808 -0.964773
22.6 -0.770955 0.0137478 -0.784703
22.61 -0.570582 0.0241473 -0.594729
22.62 -0.365567 0.0324371 -0.398004
22.63 -0.159198 0.038598 -0.197796
22.64 0.0452904 0.0426481 0.00264228
22.65 0.244373 0.044173 0.2002
22.66 0.435647 0.0436238 0.392023
22.67 0.617008 0.0413965 0.575612
22.68 0.78672 0.0378255 0.748895
22.69 0.942649 0.0323669 0.910282
22.7 1.08512 0.0264307 1.05869
22.71 1.21404 0.0205061 1.19353
22.72 1.3297 0.0149918 1.31471
22.73 1.43183 0.00930297 1.42253
22.74 1.52248 0.00482431 1.51766
22.75 1.60277 0.00174696 1.60102
22.76 1.67385 0.000125852 1.67372
22.77 1.73637 -0.000549077 1.73692
22.78 1.79194 0.000206154 1.79173
22.79 1.84135 0.00218063 1.83917
22.8 1.88507 0.00504605 1.88002
22.81 1.92292 0.00808604 1.91483
22.82 1.95494 0.0111037 1.94384
22.83 1.9807 0.0137448 1.96696
22.84 1.99938 0.0155663 1.98381
22.85 2.00939 0.01562 1.99377
22.86 2.00976 0.013784 1.99598
22.87 1.99948 0.0100246 1.98946
22.88 1.97739 0.00419502 1.97319
22.89 1.94179 -0.00445619 1.94625
22.9 1.89232 -0.0155081 1.90783
22.91 1.82906 -0.0283669 1.85743
22.92 1.75221 -0.0426749 1.79488
22.93 1.66187 -0.0586021 1.72047
22.94 1.55966 -0.0752776 1.63494
22.95 1.44782 -0.0917132 1.53953
22.96 1.32865 -0.107359 1.43601
22.97 1.20476 -0.121819 1.32658
22.98 1.07966 -0.134199 1.21386
22.99 0.956804 -0.143968 1.10077
23 0.839515 -0.150922 0.990437
23.01 0.731506 -0.154528 0.886034
23.02 0.636335 -0.154325 0.79066
23.03 0.556196 -0.150985 0.707181
23.04 0.493194 -0.144895 0.638089
23.05 0.449425 -0.135937 0.585362
23.06 0.426171 -0.124185 0.550356
23.07 0.422338 -0.111375 0.533713
23.08 0.43706 -0.0982456 0.535306
23.09 0.46907 -0.0851438 0.554214
23.1 0.516207 -0.0725355 0.588743
23.11 0.574401 -0.0620758 0.636477
23.12 0.640123 -0.05425 0.694373
23.13 0.709501 -0.0493832 0.758884
23.14 0.77797 -0.0481427 0.826113
23.15 0.841243 -0.0507416 0.891985
23.16 0.895492 -0.0569436 0.952436
23.17 0.937073 -0.0665286 1.0036
23.18 0.961788 -0.0802156 1.042
23.19 0.968374 -0.0963423 1.06472
23.2 0.955443 -0.114072 1.06951
23.21 0.92233 -0.132657 1.05499
23.22 0.867943 -0.152671 1.02061
23.23 0.795191 -0.171608 0.966799
23.24 0.706174 -0.188688 0.894862
23.25 0.603663 -0.20332 0.806983
23.26 0.490592 -0.215516 0.706108
23.27 0.371934 -0.223876 0.59581
23.28 0.25181 -0.228315 0.480125
23.29 0.134368 -0.228993 0.363361
23.3 0.0244648 -0.225426 0.249891
23.31 -0.0742868 -0.218232 0.143945
23.32 -0.158824 -0.208229 0.0494052
23.33 -0.226631 -0.196245 -0.0303862
23.34 -0.274609 -0.181821 -0.0927878
23.35 -0.302748 -0.166757 -0.135991
23.36 -0.311433 -0.152321 -0.159112
23.37 -0.301576 -0.139339 -0.162237
23.38 -0.274063 -0.12764 -0.146423
23.39 -0.232376 -0.118723 -0.113653
23.4 -0.18009 -0.113348 -0.0667416
23.41 -0.120849 -0.111644 -0.0092053
23.42 -0.0586988 -0.113601 0.0549021
23.43 0.0016833 -0.119498 0.121181
23.44 0.0562226 -0.12887 0.185093
23.45 0.101174 -0.140999 0.242173
23.46 0.132423 -0.155815 0.288238
23.47 0.147013 -0.172573 0.319586
23.48 0.143427 -0.189734 0.333161
23.49 0.120422 -0.206274 0.326696
23.5 0.076743 -0.222072 0.298815
23.51 0.0128716 -0.236221 0.249093
23.52 -0.0690485 -0.247115 0.178067
23.53 -0.167012 -0.25422 0.0872078
23.54 -0.278737 -0.257586 -0.0211511
23.55 -0.400751 -0.256822 -0.143929
23.56 -0.52883 -0.251392 -0.277438
23.57 -0.659204 -0.241647 -0.417557
23.58 -0.787889 -0.227979 -0.55991
23.59 -0.910533 -0.210471 -0.700062
23.6 -1.02379 -0.190082 -0.833708
23.61 -1.12459 -0.167744 -0.956846
23.62 -1.20997 -0.144032 -1.06594
23.63 -1.27701 -0.118973 -1.15804
23.64 -1.32531 -0.094427 -1.23088
23.65 -1.35416 -0.0711945 -1.28297
23.66 -1.36315 -0.0496087 -1.31354
23.67 -1.35183 -0.0292094 -1.32262
23.68 -1.32258 -0.0116661 -1.31091
23.69 -1.27683 0.00291872 -1.27975
23.7 -1.21623 0.0147299 -1.23096
23.71 -1.14211 0.0246516 -1.16676
23.72 -1.05762 0.031988 -1.08961
23.73 -0.964793 0.0372576 -1.00205
23.74 -0.865518 0.0410832 -0.906601
23.75 -0.761308 0.0442993 -0.805607
23.76 -0.654073 0.0470736 -0.701147
23.77 -0.544906 0.0500398 -0.594946
23.78 -0.434594 0.0537347 -0.488329
23.79 -0.323591 0.0586022 -0.382193
23.8 -0.212116 0.0649041 -0.27702
23.81 -0.100086 0.0728239 -0.17291
23.82 0.0127407 0.0823864 -0.0696457
23.83 0.126807 0.0935833 0.0332237
23.84 0.242419 0.106133 0.136286
23.85 0.359813 0.119656 0.240157
23.86 0.479085 0.133706 0.345379
23.87 0.600204 0.147889 0.452315
23.88 0.722609 0.161543 0.561066
23.89 0.845507 0.174104 0.671403
23.9 0.967839 0.185118 0.782721
23.91 1.08803 0.194004 0.894026
23.92 1.20429 0.200343 1.00395
23.93 1.31479 0.204015 1.11078
23.94 1.41756 0.205025 1.21254
23.95 1.50995 0.202877 1.30707
23.96 1.58996 0.197792 1.39217
23.97 1.65615 0.190503 1.46565
23.98 1.70704 0.181524 1.52552
23.99 1.74073 0.170655 1.57008
24 1.75665 0.158617 1.59803
24.01 1.75532 0.146725 1.6086
24.02 1.7372 0.135665 1.60153
24.03 1.70272 0.12549 1.57723
24.04 1.65355 0.116878 1.53667
24.05 1.59245 0.111012 1.48144
24.06 1.52182 0.108193 1.41363
24.07 1.44423 0.108456 1.33577
24.08 1.36283 0.112102 1.25073
24.09 1.28082 0.119311 1.16151
24.1 1.20093 0.129767 1.07116
24.11 1.1258 0.143208 0.982592
24.12 1.05794 0.159535 0.898405
24.13 0.99852 0.177751 0.820769
24.14 0.948401 0.197119 0.751282
24.15 0.907962 0.217086 0.690876
24.16 0.87699 0.237241 0.639749
24.17 0.853543 0.256206 0.597337
24.18 0.835664 0.273342 0.562322
24.19 0.820845 0.288159 0.532686
24.2 0.805725 0.299933 0.505792
24.21 0.786683 0.30817 0.478513
24.22 0.760176 0.312802 0.447374
24.23 0.722561 0.313834 0.408727
24.24 0.66906 0.310128 0.358932
24.25 0.597471 0.30293 0.294541
24.26 0.505249 0.292776 0.212473
24.27 0.390422 0.280241 0.110181
24.28 0.249707 0.26392 -0.014213
24.29 0.0845767 0.246391 -0.161815
24.3 -0.104506 0.228378 -0.332884
24.31 -0.316344 0.210465 -0.526809
24.32 -0.550313 0.191803 -0.742116
24.33 -0.802047 0.17448 -0.976527
24.34 -1.06811 0.158933 -1.22704
24.35 -1.34483 0.145243 -1.49007
24.36 -1.62835 0.133225 -1.76158
24.37 -1.91379 0.123435 -2.03722
24.38 -2.19701 0.115571 -2.31258
24.39 -2.47419 0.109072 -2.58326
24.4 -2.74094 0.104156 -2.8451
24.41 -2.99424 0.100028 -3.09427
24.42 -3.23175 0.0956761 -3.32743
24.43 -3.45145 0.0903136 -3.54176
24.44 -3.65071 0.0843549 -3.73506
24.45 -3.829 0.0767125 -3.90571
24.46 -3.98637 0.0662893 -4.05266
24.47 -4.12266 0.0527082 -4.17537
24.48 -4.23695 0.0367745 -4.27372
24.49 -4.3298 0.0181274 -4.34793
24.5 -4.4021 -0.00373036 -4.39837
24.51 -4.45391 -0.0283963 -4.42551
24.52 -4.4842 -0.0544263 -4.42977
24.53 -4.49248 -0.0810683 -4.41141
24.54 -4.47868 -0.108223 -4.37046
24.55 -4.44162 -0.134965 -4.30665
24.56 -4.3788 -0.159354 -4.21945
24.57 -4.28791 -0.179922 -4.10799
24.58 -4.16808 -0.196877 -3.9712
24.59 -4.0173 -0.209427 -3.80787
24.6 -3.83268 -0.215928 -3.61675
24.61 -3.61165 -0.214946 -3.3967
24.62 -3.35487 -0.208008 -3.14686
24.63 -3.06194 -0.195159 -2.86678
24.64 -2.73237 -0.175774 -2.5566
24.65 -2.36643 -0.149277 -2.21715
24.66 -1.96864 -0.118518 -1.85012
24.67 -1.54242 -0.0843444 -1.45808
24.68 -1.09187 -0.0473491 -1.04452
24.69 -0.622156 -0.00826614 -0.61389
24.7 -0.141274 0.0302055 -0.17148
24.71 0.343753 0.0670978 0.276655
24.72 0.825308 0.101454 0.723854
24.73 1.29404 0.130997 1.16304
24.74 1.74238 0.155423 1.58696
24.75 2.16286 0.174478 1.98838
24.76 2.54837 0.187959 2.36041
24.77 2.88906 0.192365 2.69669
24.78 3.18262 0.190944 2.99168
24.79 3.42525 0.184449 3.2408
24.8 3.61437 0.173675 3.44069
24.81 3.74449 0.155207 3.58928
24.82 3.82019 0.134318 3.68587
24.83 3.84348 0.112316 3.73116
24.84 3.81745 0.0902308 3.72722
24.85 3.74346 0.0661006 3.67736
24.86 3.63014 0.0441148 3.58603
24.87 3.48387 0.0252857 3.45858
24.88 3.31105 0.00994236 3.30111
24.89 3.11752 -0.00260225 3.12012
24.9 2.91153 -0.0108212 2.92235
24.91 2.69957 -0.0148853 2.71446
24.92 2.48732 -0.0154668 2.50279
24.93 2.28038 -0.0127876 2.29317
24.94 2.08313 -0.00757083 2.0907
24.95 1.89849 -0.00113317 1.89962
24.96 1.72861 0.00540564 1.7232
24.97 1.57555 0.0118547 1.5637
24.98 1.43917 0.0168443 1.42233
24.99 1.31832 0.0189717 1.29935
25 1.21172 0.0175952 1.19412
25.01 1.11802 0.012773 1.10525
25.02 1.03457 0.00388541 1.03068
25.03 0.958535 -0.00941489 0.96795
25.04 0.887484 -0.0267863 0.91427
25.05 0.8191 -0.0476588 0.866759
25.06 0.751016 -0.0715568 0.822573
25.07 0.68141 -0.0976459 0.779056
25.08 0.608937 -0.124916 0.733853
25.09 0.532484 -0.152515 0.684999
25.1 0.451397 -0.179576 0.630973
25.11 0.365759 -0.204972 0.570731
25.12 0.275767 -0.227926 0.503693
25.13 0.181774 -0.24795 0.429724
25.14 0.0844117 -0.264673 0.349084
25.15 -0.0153555 -0.27772 0.262365
25.16 -0.116749 -0.287169 0.17042
25.17 -0.219007 -0.293307 0.0742995
25.18 -0.321347 -0.296525 -0.0248218
25.19 -0.423097 -0.297401 -0.125696
25.2 -0.523702 -0.296658 -0.227044
25.21 -0.622618 -0.295034 -0.327584
25.22 -0.719153 -0.293112 -0.426041
25.23 -0.812831 -0.291694 -0.521137
25.24 -0.902945 -0.291367 -0.611578
25.25 -0.988564 -0.292541 -0.696023
25.26 -1.06804 -0.294987 -0.773053
25.27 -1.14021 -0.299067 -0.841143
25.28 -1.20328 -0.304643 -0.898637
25.29 -1.25514 -0.311404 -0.943736
25.3 -1.2921 -0.317591 -0.974509
25.31 -1.31237 -0.323459 -0.988911
25.32 -1.3132 -0.32836 -0.98484
25.33 -1.29181 -0.331611 -0.960199
25.34 -1.24341 -0.330419 -0.912991
25.35 -1.16718 -0.325757 -0.841423
25.36 -1.06139 -0.317364 -0.744026
25.37 -0.924711 -0.304932 -0.619779
25.38 -0.754365 -0.286137 -0.468228
25.39 -0.552602 -0.263001 -0.289601
25.4 -0.32118 -0.236281 -0.0848988
25.41 -0.0624476 -0.206483 0.144036
25.42 0.221466 -0.173018 0.394484
25.43 0.524541 -0.138311 0.662852
25.44 0.840988 -0.103723 0.944711
25.45 1.16475 -0.070135 1.23489
25.46 1.48878 -0.0387871 1.52757
25.47 1.80516 -0.0113247 1.81648
25.48 2.10676 0.0116731 2.09509
25.49 2.3866 0.029841 2.35676
25.5 2.63624 0.0411909 2.59505
25.51 2.84955 0.0456505 2.8039
25.52 3.02243 0.0445595 2.97787
25.53 3.15091 0.0385636 3.11235
25.54 3.22997 0.0262561 3.20371
25.55 3.25831 0.00880636 3.2495
25.56 3.23775 -0.0107384 3.24849
25.57 3.16958 -0.0311521 3.20073
25.58 3.05476 -0.0528279 3.10759
25.59 2.89728 -0.0743643 2.97164
25.6 2.70394 -0.0926831 2.79662
25.61 2.48022 -0.107013 2.58723
25.62 2.23165 -0.117335 2.34899
25.63 1.9651 -0.122884 2.08798
25.64 1.68823 -0.122462 1.81069
25.65 1.40728 -0.116421 1.5237
25.66 1.12831 -0.105178 1.23349
25.67 0.857507 -0.0886954 0.946202
25.68 0.599213 -0.0682543 0.667467
25.69 0.357084 -0.0451288 0.402213
25.7 0.134331 -0.020218 0.154549
25.71 -0.0660368 0.00628365 -0.0723204
25.72 -0.244361 0.0317805 -0.276141
25.73 -0.40055 0.0550597 -0.45561
25.74 -0.534947 0.0753831 -0.61033
25.75 -0.647756 0.0929851 -0.740741
25.76 -0.742225 0.105784 -0.848009
25.77 -0.820387 0.113511 -0.933898
25.78 -0.884373 0.116257 -1.00063
25.79 -0.935838 0.114895 -1.05073
25.8 -0.978011 0.108882 -1.08689
25.81 -1.01286 0.098957 -1.11182
25.82 -1.04211 0.0859955 -1.12811
25.83 -1.06699 0.0711599 -1.13815
25.84 -1.08899 0.0550598 -1.14405
25.85 -1.10885 0.0387065 -1.14756
25.86 -1.12701 0.0230307 -1.15004
25.87 -1.14352 0.00896396 -1.15248
25.88 -1.15841 -0.00291803 -1.15549
25.89 -1.17143 -0.0121057 -1.15932
25.9 -1.18221 -0.0182719 -1.16394
25.91 -1.19012 -0.0210788 -1.16904
25.92 -1.19479 -0.0206414 -1.17415
25.93 -1.19583 -0.0171898 -1.17864
25.94 -1.19284 -0.011025 -1.18181
25.95 -1.18518 -0.00224065 -1.18294
25.96 -1.1727 0.00858771 -1.18129
25.97 -1.15526 0.0209143 -1.17617
25.98 -1.13267 0.0343067 -1.16698
25.99 -1.10444 0.0487116 -1.15315
26 -1.07057 0.0636743 -1.13424
26.01 -1.03104 0.0788541 -1.10989
26.02 -0.98572 0.0941175 -1.07984
26.03 -0.934203 0.109709 -1.04391
26.04 -0.876483 0.125576 -1.00206
26.05 -0.812741 0.141595 -0.954336
26.06 -0.743054 0.157869 -0.900923
26.07 -0.667405 0.174736 -0.842141
26.08 -0.586265 0.192204 -0.778469
26.09 -0.500502 0.210059 -0.710561
26.1 -0.411001 0.228263 -0.639264
26.11 -0.318871 0.246763 -0.565634
26.12 -0.225769 0.26517 -0.490939
26.13 -0.133588 0.283071 -0.416659
26.14 -0.0443411 0.300134 -0.344475
26.15 0.0395292 0.315768 -0.276238
26.16 0.115155 0.329087 -0.213932
26.17 0.18036 0.339977 -0.159617
26.18 0.232748 0.34811 -0.115362
26.19 0.269656 0.352821 -0.0831652
26.2 0.288215 0.353086 -0.0648709
26.21 0.287724 0.3498 -0.0620757
26.22 0.267046 0.343087 -0.0760409
26.23 0.225226 0.332835 -0.107609
26.24 0.161287 0.31842 -0.157133
26.25 0.0773708 0.301788 -0.224417
26.26 -0.0251141 0.283572 -0.308686
26.27 -0.144287 0.264283 -0.40857
26.28 -0.278061 0.244058 -0.522119
26.29 -0.422017 0.224829 -0.646846
26.3 -0.572574 0.207223 -0.779797
26.31 -0.725898 0.19174 -0.917638
26.32 -0.877518 0.179257 -1.05678
26.33 -1.02328 0.170199 -1.19348
26.34 -1.15949 0.164537 -1.32403
26.35 -1.28276 0.162091 -1.44485
26.36 -1.38866 0.16401 -1.55267
26.37 -1.47593 0.168699 -1.64463
26.38 -1.54304 0.175368 -1.71841
26.39 -1.5891 0.183215 -1.77232
26.4 -1.61245 0.192902 -1.80535
26.41 -1.61511 0.202135 -1.81725
26.42 -1.59862 0.209834 -1.80845
26.43 -1.56486 0.215276 -1.78014
26.44 -1.51543 0.21866 -1.73409
26.45 -1.45414 0.218528 -1.67267
26.46 -1.38423 0.214439 -1.59867
26.47 -1.30878 0.206434 -1.51521
26.48 -1.23091 0.194695 -1.42561
26.49 -1.15394 0.179257 -1.3332
26.5 -1.08052 0.160735 -1.24126
26.51 -1.01289 0.139944 -1.15283
26.52 -0.953438 0.11723 -1.07067
26.53 -0.903544 0.0935405 -0.997084
26.54 -0.863892 0.0700435 -0.933936
26.55 -0.834987 0.0475743 -0.882561
26.56 -0.817453 0.0263202 -0.843773
26.57 -0.81089 0.00697405 -0.817864
26.58 -0.814368 -0.00972924 -0.804639
26.59 -0.827147 -0.0236841 -0.803463
26.6 -0.84863 -0.035305 -0.813325
26.61 -0.877709 -0.0448021 -0.832907
26.62 -0.913004 -0.0523464 -0.860658
26.63 -0.953483 -0.0586168 -0.894866
26.64 -0.998216 -0.0644878 -0.933728
26.65 -1.04609 -0.0706864 -0.975404
26.66 -1.09589 -0.0778267 -1.01806
26.67 -1.14655 -0.0866278 -1.05992
26.68 -1.19692 -0.0976595 -1.09926
26.69 -1.24558 -0.111148 -1.13443
26.7 -1.29116 -0.127294 -1.16387
26.71 -1.33214 -0.146085 -1.18606
26.72 -1.36666 -0.167109 -1.19955
26.73 -1.39225 -0.189297 -1.20295
26.74 -1.40725 -0.212352 -1.1949
26.75 -1.40948 -0.235413 -1.17407
26.76 -1.3965 -0.257303 -1.1392
26.77 -1.36497 -0.275871 -1.0891
26.78 -1.31384 -0.291146 -1.02269
26.79 -1.24134 -0.302282 -0.939058
26.8 -1.14582 -0.308343 -0.837477
26.81 -1.02462 -0.307116 -0.717504
26.82 -0.879095 -0.300075 -0.57902
26.83 -0.709538 -0.28724 -0.422298
26.84 -0.516878 -0.268831 -0.248047
26.85 -0.301332 -0.243875 -0.0574567
26.86 -0.067337 -0.215121 0.147784
26.87 0.181889 -0.183595 0.365484
26.88 0.442551 -0.150419 0.59297
26.89 0.710454 -0.116684 0.827138
26.9 0.979929 -0.0845875 1.06452
26.91 1.24604 -0.0553299 1.30137
26.92 1.50386 -0.029946 1.53381
26.93 1.74735 -0.0105581 1.75791
26.94 1.97244 0.00256508 1.96987
26.95 2.17553 0.00936766 2.16616
26.96 2.35352 0.00989709 2.34362
26.97 2.50225 0.00261683 2.49963
26.98 2.62153 -0.0106732 2.6322
26.99 2.71162 -0.0284417 2.74006
27 2.77319 -0.0495215 2.82271
27.01 2.80645 -0.0740018 2.88045
27.02 2.81508 -0.0992851 2.91437
27.03 2.80303 -0.123239 2.92627
27.04 2.77411 -0.144522 2.91863
27.05 2.73211 -0.162355 2.89446
27.06 2.68222 -0.174956 2.85718
27.07 2.62915 -0.181271 2.81042
27.08 2.57698 -0.180952 2.75793
27.09 2.52978 -0.173564 2.70334
27.1 2.491 -0.159034 2.65003
27.11 2.4627 -0.138266 2.60097
27.12 2.44636 -0.1122 2.55856
27.13 2.44313 -0.0814583 2.52459
27.14 2.45275 -0.0473529 2.5001
27.15 2.47345 -0.011948 2.4854
27.16 2.50331 0.0233003 2.48001
27.17 2.53987 0.0571197 2.48275
27.18 2.57969 0.0879127 2.49178
27.19 2.61894 0.11425 2.50469
27.2 2.65395 0.135298 2.51865
27.21 2.68077 0.150242 2.53053
27.22 2.69506 0.158025 2.53704
27.23 2.69409 0.159201 2.53489
27.24 2.67511 0.154153 2.52096
27.25 2.63545 0.143065 2.49238
27.26 2.57231 0.125591 2.44672
27.27 2.48606 0.10406 2.382
27.28 2.37642 0.0795924 2.29683
27.29 2.24341 0.0530029 2.19041
27.3 2.08676 0.0242015 2.06256
27.31 1.90955 -0.00415515 1.91371
27.32 1.71361 -0.0312253 1.74484
27.33 1.50101 -0.0564349 1.55744
27.34 1.27339 -0.0800733 1.35346
27.35 1.03452 -0.100649 1.13517
27.36 0.786941 -0.118157 0.905098
27.37 0.53314 -0.132816 0.665956
27.38 0.275451 -0.145077 0.420528
27.39 0.0166256 -0.154976 0.171601
27.4 -0.24126 -0.163158 -0.0781017
27.41 -0.496288 -0.170309 -0.325979
27.42 -0.746205 -0.176616 -0.569589
27.43 -0.989556 -0.182882 -0.806674
27.44 -1.22489 -0.189712 -1.03518
27.45 -1.45082 -0.197577 -1.25324
27.46 -1.66514 -0.205935 -1.4592
27.47 -1.86696 -0.21538 -1.65158
27.48 -2.05515 -0.226103 -1.82905
27.49 -2.22838 -0.237947 -1.99043
27.5 -2.38427 -0.249573 -2.1347
27.51 -2.52208 -0.261156 -2.26092
27.52 -2.6409 -0.272581 -2.36832
27.53 -2.73962 -0.283408 -2.45621
27.54 -2.81603 -0.29196 -2.52407
27.55 -2.8698 -0.298292 -2.57151
27.56 -2.90096 -0.302643 -2.59832
27.57 -2.90922 -0.304741 -2.60448
27.58 -2.89348 -0.303284 -2.5902
27.59 -2.85453 -0.298621 -2.55591
27.6 -2.7939 -0.291588 -2.50231
27.61 -2.71267 -0.282308 -2.43036
27.62 -2.61156 -0.270282 -2.34128
27.63 -2.49259 -0.256059 -2.23653
27.64 -2.35858 -0.24076 -2.11782
27.65 -2.21173 -0.224689 -1.98704
27.66 -2.05412 -0.207872 -1.84625
27.67 -1.88842 -0.190825 -1.69759
27.68 -1.71752 -0.174233 -1.54329
27.69 -1.54372 -0.158205 -1.38552
27.7 -1.36922 -0.142822 -1.2264
27.71 -1.19624 -0.128318 -1.06792
27.72 -1.02647 -0.114582 -0.911888
27.73 -0.861249 -0.101383 -0.759866
27.74 -0.701795 -0.0886323 -0.613163
27.75 -0.549149 -0.0763562 -0.472793
27.76 -0.40336 -0.0638869 -0.339473
27.77 -0.264544 -0.0509201 -0.213624
27.78 -0.132697 -0.0373128 -0.0953842
27.79 -0.00777967 -0.0231399 0.0153602
27.8 0.111141 -0.00779869 0.11894
27.81 0.224631 0.00877598 0.215855
27.82 0.333247 0.0265202 0.306727
27.83 0.43738 0.0451384 0.392242
27.84 0.537893 0.0647939 0.473099
27.85 0.635203 0.0852425 0.549961
27.86 0.7296 0.106196 0.623404
27.87 0.821036 0.127152 0.693884
27.88 0.909696 0.147992 0.761704
27.89 0.995388 0.168394 0.826994
27.9 1.07777 0.18807 0.8897
27.91 1.15603 0.206445 0.949585
27.92 1.22976 0.223525 1.00623
27.93 1.29828 0.239201 1.05908
27.94 1.36078 0.253369 1.10741
27.95 1.41587 0.265446 1.15042
27.96 1.46304 0.275804 1.18724
27.97 1.50149 0.284555 1.21694
27.98 1.53039 0.29178 1.23861
27.99 1.54826 0.29687 1.25139
28 1.5548 0.300321 1.25448
28.01 1.54961 0.302424 1.24719
28.02 1.53219 0.303232 1.22896
28.03 1.50143 0.30203 1.1994
28.04 1.45758 0.29928 1.1583
28.05 1.40092 0.295277 1.10564
28.06 1.33162 0.289996 1.04162
28.07 1.24945 0.282793 0.966657
28.08 1.15541 0.274036 0.881374
28.09 1.05072 0.264093 0.786627
28.1 0.936464 0.252983 0.683481
28.11 0.813684 0.240485 0.573199
28.12 0.684251 0.22702 0.457231
28.13 0.550257 0.213074 0.337183
28.14 0.413672 0.198876 0.214796
28.15 0.276681 0.184774 0.0919073
28.16 0.141814 0.171403 -0.0295886
28.17 0.011326 0.159112 -0.147786
28.18 -0.112585 0.148234 -0.260819
28.19 -0.227462 0.139451 -0.366913
28.2 -0.330994 0.133448 -0.464442
28.21 -0.422005 0.129979 -0.551984
28.22 -0.49923 0.129144 -0.628374
28.23 -0.561375 0.131381 -0.692756
28.24 -0.607571 0.137051 -0.744622
28.25 -0.638782 0.145066 -0.783848
28.26 -0.655655 0.155059 -0.810714
28.27 -0.659084 0.166828 -0.825912
28.28 -0.650451 0.18009 -0.830541
28.29 -0.632709 0.19337 -0.826079
28.3 -0.608337 0.206008 -0.814345
28.31 -0.580066 0.217378 -0.797444
28.32 -0.551123 0.22657 -0.777693
28.33 -0.524768 0.232773 -0.757541
28.34 -0.503905 0.235568 -0.739473
28.35 -0.491336 0.234577 -0.725913
28.36 -0.490427 0.228696 -0.719123
28.37 -0.502476 0.218626 -0.721102
28.38 -0.528878 0.204624 -0.733502
28.39 -0.570484 0.187059 -0.757543
28.4 -0.628705 0.165248 -0.793953
28.41 -0.70173 0.141194 -0.842924
28.42 -0.788365 0.115724 -0.904089
28.43 -0.886856 0.0896717 -0.976528
28.44 -0.995402 0.0633904 -1.05879
28.45 -1.11029 0.0386676 -1.14896
28.46 -1.22839 0.0163048 -1.24469
28.47 -1.34643 -0.00306535 -1.34336
28.48 -1.46059 -0.0184652 -1.44212
28.49 -1.56753 -0.0294813 -1.53805
28.5 -1.66434 -0.036091 -1.62825
28.51 -1.74844 -0.0384392 -1.71
28.52 -1.81662 -0.0357616 -1.78086
28.53 -1.86785 -0.0290903 -1.83876
28.54 -1.90157 -0.019456 -1.88211
28.55 -1.91753 -0.00766287 -1.90987
28.56 -1.9152 0.00634341 -1.92154
28.57 -1.89631 0.0209491 -1.91726
28.58 -1.86296 0.0347489 -1.89771
28.59 -1.81723 0.0468949 -1.86412
28.6 -1.7612 0.0570107 -1.81821
28.61 -1.69811 0.0639423 -1.76205
28.62 -1.63104 0.0669721 -1.69801
28.63 -1.56274 0.0658697 -1.62861
28.64 -1.49596 0.0604353 -1.5564
28.65 -1.43327 0.0505526 -1.48382
28.66 -1.37646 0.0366669 -1.41313
28.67 -1.32687 0.019344 -1.34621
28.68 -1.28568 -0.00111443 -1.28457
28.69 -1.25319 -0.0240241 -1.22917
28.7 -1.22861 -0.0481578 -1.18045
28.71 -1.21099 -0.0726977 -1.13829
28.72 -1.19897 -0.0969803 -1.10199
28.73 -1.19043 -0.120114 -1.07032
28.74 -1.18276 -0.141192 -1.04157
28.75 -1.17337 -0.159719 -1.01365
28.76 -1.1594 -0.175224 -0.984176
28.77 -1.13752 -0.186944 -0.950576
28.78 -1.10536 -0.195132 -0.910228
28.79 -1.06051 -0.199932 -0.860578
28.8 -1.00055 -0.201278 -0.799272
28.81 -0.922841 -0.198579 -0.724262
28.82 -0.827173 -0.193254 -0.633919
28.83 -0.71291 -0.185798 -0.527112
28.84 -0.579736 -0.176457 -0.403279
28.85 -0.427164 -0.164699 -0.262465
28.86 -0.257664 -0.152326 -0.105338
28.87 -0.0729086 -0.139724 0.0668152
28.88 0.125017 -0.127108 0.252125
28.89 0.333976 -0.114217 0.448193
28.9 0.54994 -0.102232 0.652172
28.91 0.769654 -0.0911973 0.860851
28.92 0.989696 -0.0810746 1.07077
28.93 1.20594 -0.0723874 1.27833
28.94 1.41484 -0.0650575 1.4799
28.95 1.61305 -0.0589015 1.67195
28.96 1.7974 -0.0537658 1.85117
28.97 1.96357 -0.0509549 2.01452
28.98 2.10995 -0.0494613 2.15941
28.99 2.23472 -0.0489584 2.28368
29 2.33634 -0.0493666 2.38571
29.01 2.41216 -0.0522795 2.46444
29.02 2.46303 -0.0563696 2.5194
29.03 2.48949 -0.0611948 2.55068
29.04 2.49225 -0.0666952 2.55895
29.05 2.47126 -0.0740827 2.54534
29.06 2.42935 -0.0821446 2.51149
29.07 2.36913 -0.0902743 2.4594
29.08 2.29303 -0.0983529 2.39138
29.09 2.20322 -0.106743 2.30996
29.1 2.10328 -0.114528 2.21781
29.11 1.99646 -0.121166 2.11763
29.12 1.88563 -0.12645 2.01208
29.13 1.77361 -0.1301 1.90371
29.14 1.66324 -0.13162 1.79486
29.15 1.55671 -0.130908 1.68762
29.16 1.45581 -0.127958 1.58377
29.17 1.36231 -0.122447 1.48476
29.18 1.27723 -0.114447 1.39168
29.19 1.20069 -0.104568 1.30526
29.2 1.1327 -0.0931825 1.22588
29.21 1.07308 -0.0805261 1.15361
29.22 1.02101 -0.0671852 1.0882
29.23 0.97497 -0.0542028 1.02917
29.24 0.933619 -0.0422533 0.975872
29.25 0.895538 -0.0319585 0.927496
29.26 0.859066 -0.024113 0.883179
29.27 0.822605 -0.019441 0.842046
29.28 0.784885 -0.0183886 0.803274
29.29 0.744788 -0.0213534 0.766141
29.3 0.701392 -0.0286841 0.730076
29.31 0.654527 -0.0401602 0.694687
29.32 0.604256 -0.0555342 0.65979
29.33 0.55099 -0.0744279 0.625418
29.34 0.495586 -0.0962331 0.591819
29.35 0.439501 -0.119944 0.559445
29.36 0.384263 -0.144661 0.528924
29.37 0.331655 -0.169371 0.501026
29.38 0.284048 -0.192571 0.476619
29.39 0.243182 -0.213436 0.456618
29.4 0.210892 -0.231039 0.441931
29.41 0.188889 -0.244516 0.433405
29.42 0.179604 -0.252168 0.431772
29.43 0.183239 -0.254359 0.437598
29.44 0.200393 -0.250852 0.451245
29.45 0.231234 -0.241597 0.472831
29.46 0.276442 -0.225772 0.502214
29.47 0.334092 -0.204879 0.538971
29.48 0.40282 -0.179588 0.582408
29.49 0.480917 -0.150644 0.631561
29.5 0.566654 -0.118576 0.68523
29.51 0.656988 -0.085015 0.742003
29.52 0.749322 -0.0509821 0.800304
29.53 0.841059 -0.0173791 0.858438
29.54 0.929209 0.0145657 0.914643
29.55 1.0112 0.0440542 0.967146
29.56 1.08484 0.0706282 1.01421
29.57 1.14816 0.0939625 1.0542
29.58 1.19867 0.113077 1.08559
29.59 1.23538 0.128318 1.10706
29.6 1.25769 0.140224 1.11747
29.61 1.26504 0.149148 1.11589
29.62 1.25645 0.154796 1.10165
29.63 1.2324 0.158095 1.07431
29.64 1.19371 0.160088 1.03362
29.65 1.14094 0.161344 0.979596
29.66 1.0742 0.161787 0.912413
29.67 0.994474 0.162044 0.83243
29.68 0.903005 0.162857 0.740148
29.69 0.800508 0.164318 0.63619
29.7 0.687259 0.165988 0.521271
29.71 0.563872 0.167691 0.396181
29.72 0.431244 0.169477 0.261767
29.73 0.289767 0.170853 0.118914
29.74 0.139517 0.170973 -0.0314564
29.75 -0.0192545 0.169138 -0.188392
29.76 -0.185764 0.165149 -0.350913
29.77 -0.359557 0.158443 -0.518
29.78 -0.540207 0.148389 -0.688596
29.79 -0.727007 0.134588 -0.861595
29.8 -0.918577 0.11726 -1.03584
29.81 -1.11368 0.0964206 -1.2101
29.82 -1.31085 0.0722577 -1.38311
29.83 -1.50818 0.0453411 -1.55352
29.84 -1.70358 0.0163758 -1.71996
29.85 -1.89494 -0.0139484 -1.88099
29.86 -2.07996 -0.044768 -2.03519
29.87 -2.25566 -0.0745318 -2.18113
29.88 -2.42025 -0.102844 -2.31741
29.89 -2.57166 -0.128963 -2.4427
29.9 -2.70787 -0.152103 -2.55577
29.91 -2.82595 -0.17044 -2.65551
29.92 -2.92578 -0.184806 -2.74097
29.93 -3.00645 -0.195063 -2.81139
29.94 -3.06742 -0.201246 -2.86617
29.95 -3.10699 -0.202021 -2.90497
29.96 -3.12708 -0.199458 -2.92762
29.97 -3.12835 -0.194158 -2.93419
29.98 -3.11173 -0.186793 -2.92494
29.99 -3.07722 -0.176922 -2.9003
30 -3.02747 -0.166603 -2.86087
