# Generated on Fri Aug 13 00:46:53 2021 by yr2369.
# This file was created by PDFgui.
#S 1
#L r  Gtrunc  Gdiff  Gcalc
1.99 -1.18864 -0.764689 -0.423951
2 -1.23427 -0.725276 -0.508994
2.01 -1.27576 -0.679934 -0.595826
2.02 -1.31156 -0.629598 -0.681962
2.03 -1.34002 -0.575209 -0.764811
2.04 -1.35958 -0.51777 -0.84181
2.05 -1.36811 -0.457544 -0.910566
2.06 -1.36548 -0.396488 -0.968992
2.07 -1.35133 -0.33589 -1.01544
2.08 -1.32578 -0.276973 -1.04881
2.09 -1.28879 -0.220168 -1.06862
2.1 -1.24264 -0.167555 -1.07508
2.11 -1.18926 -0.120176 -1.06908
2.12 -1.13097 -0.0788167 -1.05215
2.13 -1.07055 -0.0441538 -1.0264
2.14 -1.01134 -0.0169759 -0.994364
2.15 -0.956269 0.00262837 -0.958897
2.16 -0.90812 0.0148168 -0.922937
2.17 -0.870114 0.0191999 -0.889314
2.18 -0.843801 0.0167312 -0.860532
2.19 -0.830082 0.00846842 -0.83855
2.2 -0.82918 -0.00459717 -0.824583
2.21 -0.840982 -0.0220539 -0.818928
2.22 -0.862912 -0.0420726 -0.820839
2.23 -0.891678 -0.063232 -0.828446
2.24 -0.923298 -0.0845629 -0.838735
2.25 -0.952451 -0.104853 -0.847598
2.26 -0.972746 -0.122804 -0.849942
2.27 -0.977958 -0.138086 -0.839872
2.28 -0.961544 -0.150619 -0.810925
2.29 -0.915257 -0.158896 -0.756361
2.3 -0.832332 -0.162842 -0.66949
2.31 -0.708169 -0.164147 -0.544022
2.32 -0.538056 -0.163629 -0.374427
2.33 -0.31627 -0.159987 -0.156283
2.34 -0.0404303 -0.153838 0.113407
2.35 0.28771 -0.148235 0.435945
2.36 0.666794 -0.143926 0.81072
2.37 1.09521 -0.139872 1.23508
2.38 1.56786 -0.136429 1.70429
2.39 2.0756 -0.135947 2.21155
2.4 2.61013 -0.138017 2.74815
2.41 3.16208 -0.141609 3.30369
2.42 3.71955 -0.146838 3.86639
2.43 4.27018 -0.153272 4.42345
2.44 4.8023 -0.159215 4.96152
2.45 5.30334 -0.163772 5.46711
2.46 5.75908 -0.168079 5.92716
2.47 6.16104 -0.168406 6.32945
2.48 6.50007 -0.163018 6.66309
2.49 6.76723 -0.15171 6.91894
2.5 6.95181 -0.138133 7.08994
2.51 7.05466 -0.116729 7.17139
2.52 7.07383 -0.0872679 7.1611
2.53 7.00861 -0.0508766 7.05949
2.54 6.85601 -0.0135349 6.86954
2.55 6.62643 0.0297258 6.5967
2.56 6.32577 0.0771558 6.24861
2.57 5.96123 0.126395 5.83484
2.58 5.53808 0.171616 5.36646
2.59 5.07117 0.215466 4.8557
2.6 4.57075 0.255342 4.31541
2.61 4.04733 0.288719 3.75861
2.62 3.51147 0.313408 3.19806
2.63 2.97514 0.329336 2.6458
2.64 2.44779 0.33501 2.11278
2.65 1.93799 0.32947 1.60852
2.66 1.45562 0.314735 1.14089
2.67 1.00595 0.290041 0.715909
2.68 0.593389 0.255678 0.337711
2.69 0.221323 0.212821 0.00850187
2.7 -0.105403 0.165931 -0.271334
2.71 -0.38814 0.114942 -0.503082
2.72 -0.628376 0.0611129 -0.689489
2.73 -0.827874 0.00661936 -0.834493
2.74 -0.987334 -0.044394 -0.94294
2.75 -1.11194 -0.0916706 -1.02027
2.76 -1.20665 -0.134438 -1.07221
2.77 -1.27581 -0.171312 -1.1045
2.78 -1.3231 -0.200508 -1.12259
2.79 -1.35398 -0.222507 -1.13147
2.8 -1.37329 -0.23783 -1.13546
2.81 -1.38487 -0.246782 -1.13809
2.82 -1.3921 -0.25006 -1.14204
2.83 -1.39822 -0.249085 -1.14914
2.84 -1.40554 -0.245174 -1.16037
2.85 -1.41563 -0.239656 -1.17597
2.86 -1.42968 -0.234116 -1.19556
2.87 -1.44813 -0.229884 -1.21825
2.88 -1.47066 -0.227875 -1.24279
2.89 -1.49671 -0.228948 -1.26776
2.9 -1.52544 -0.233722 -1.29172
2.91 -1.55561 -0.242309 -1.3133
2.92 -1.58579 -0.254421 -1.33137
2.93 -1.61469 -0.269606 -1.34508
2.94 -1.64096 -0.286997 -1.35396
2.95 -1.66322 -0.305318 -1.3579
2.96 -1.68073 -0.323559 -1.35717
2.97 -1.69281 -0.340437 -1.35237
2.98 -1.69895 -0.354565 -1.34438
2.99 -1.69876 -0.364476 -1.33428
3 -1.69277 -0.369514 -1.32326
3.01 -1.68141 -0.368906 -1.3125
3.02 -1.66524 -0.362082 -1.30316
3.03 -1.6449 -0.348705 -1.29619
3.04 -1.62163 -0.329257 -1.29237
3.05 -1.59639 -0.304203 -1.29219
3.06 -1.57009 -0.274253 -1.29584
3.07 -1.54373 -0.240501 -1.30323
3.08 -1.51815 -0.204155 -1.31399
3.09 -1.49399 -0.166468 -1.32752
3.1 -1.47172 -0.128705 -1.34301
3.11 -1.45187 -0.0923139 -1.35956
3.12 -1.43437 -0.0581913 -1.37618
3.13 -1.41918 -0.0272411 -1.39194
3.14 -1.4061 -0.000116264 -1.40598
3.15 -1.39492 0.0226902 -1.41761
3.16 -1.38506 0.0412498 -1.42631
3.17 -1.37605 0.0557462 -1.4318
3.18 -1.3674 0.0666144 -1.43401
3.19 -1.3586 0.0745298 -1.43313
3.2 -1.34915 0.0803487 -1.4295
3.21 -1.33866 0.0849617 -1.42362
3.22 -1.32682 0.0892636 -1.41608
3.23 -1.3132 0.0942843 -1.40748
3.24 -1.2976 0.100765 -1.39837
3.25 -1.27986 0.109276 -1.38914
3.26 -1.25973 0.120278 -1.38001
3.27 -1.23682 0.134119 -1.37094
3.28 -1.21083 0.150767 -1.3616
3.29 -1.1814 0.169933 -1.35133
3.3 -1.14803 0.19116 -1.33919
3.31 -1.10978 0.214143 -1.32392
3.32 -1.06586 0.238186 -1.30405
3.33 -1.01549 0.26241 -1.2779
3.34 -0.9577 0.286038 -1.24374
3.35 -0.891044 0.308778 -1.19982
3.36 -0.814383 0.33015 -1.14453
3.37 -0.727109 0.349367 -1.07648
3.38 -0.628429 0.366161 -0.99459
3.39 -0.517318 0.380925 -0.898243
3.4 -0.393377 0.393933 -0.78731
3.41 -0.257322 0.404918 -0.66224
3.42 -0.109741 0.414346 -0.524087
3.43 0.0485775 0.423101 -0.374524
3.44 0.216016 0.431832 -0.215816
3.45 0.389853 0.440629 -0.0507764
3.46 0.567452 0.450141 0.117311
3.47 0.745687 0.460893 0.284794
3.48 0.920563 0.472788 0.447775
3.49 1.08828 0.48603 0.60225
3.5 1.24496 0.500707 0.744253
3.51 1.38639 0.516385 0.870005
3.52 1.50746 0.531396 0.976064
3.53 1.60569 0.546233 1.05946
3.54 1.67807 0.560273 1.1178
3.55 1.72179 0.572412 1.14938
3.56 1.73302 0.579779 1.15324
3.57 1.71286 0.583645 1.12921
3.58 1.66115 0.583233 1.07792
3.59 1.57841 0.577683 1.00073
3.6 1.46413 0.564398 0.899732
3.61 1.3231 0.545465 0.777635
3.62 1.15835 0.5207 0.63765
3.63 0.973433 0.490065 0.483368
3.64 0.771489 0.452867 0.318622
3.65 0.558453 0.41112 0.147333
3.66 0.338775 0.365405 -0.0266304
3.67 0.116807 0.3164 -0.199593
3.68 -0.102815 0.265381 -0.368196
3.69 -0.316091 0.213416 -0.529507
3.7 -0.519831 0.161264 -0.681095
3.71 -0.711379 0.109711 -0.82109
3.72 -0.887639 0.0605695 -0.948209
3.73 -1.04791 0.0138423 -1.06175
3.74 -1.19185 -0.0302713 -1.16158
3.75 -1.31948 -0.0714317 -1.24805
3.76 -1.43047 -0.108519 -1.32195
3.77 -1.52662 -0.142205 -1.38441
3.78 -1.60966 -0.17285 -1.43681
3.79 -1.6812 -0.200558 -1.48064
3.8 -1.7425 -0.225048 -1.51745
3.81 -1.79563 -0.246907 -1.54872
3.82 -1.84233 -0.266532 -1.5758
3.83 -1.8838 -0.283985 -1.59982
3.84 -1.92078 -0.299113 -1.62167
3.85 -1.95392 -0.311946 -1.64197
3.86 -1.9835 -0.322414 -1.66109
3.87 -2.00936 -0.330259 -1.6791
3.88 -2.03085 -0.334945 -1.6959
3.89 -2.04721 -0.335989 -1.71122
3.9 -2.05783 -0.333154 -1.72468
3.91 -2.06191 -0.326047 -1.73586
3.92 -2.05849 -0.314083 -1.74441
3.93 -2.04685 -0.296824 -1.75003
3.94 -2.02713 -0.274557 -1.75257
3.95 -1.99941 -0.247343 -1.75207
3.96 -1.96389 -0.215186 -1.7487
3.97 -1.92129 -0.178449 -1.74284
3.98 -1.87312 -0.138157 -1.73496
3.99 -1.82074 -0.0951106 -1.72563
4 -1.76562 -0.0502279 -1.71539
4.01 -1.70942 -0.00470683 -1.70471
4.02 -1.65372 0.0401442 -1.69386
4.03 -1.5997 0.083127 -1.68283
4.04 -1.5482 0.122999 -1.6712
4.05 -1.49968 0.15843 -1.65811
4.06 -1.45354 0.188622 -1.64216
4.07 -1.40871 0.21268 -1.62139
4.08 -1.36341 0.229853 -1.59326
4.09 -1.31465 0.240058 -1.55471
4.1 -1.25916 0.243023 -1.50218
4.11 -1.19315 0.238634 -1.43178
4.12 -1.1124 0.226984 -1.33938
4.13 -1.0105 0.210309 -1.22081
4.14 -0.884102 0.18793 -1.07203
4.15 -0.728965 0.160425 -0.88939
4.16 -0.541263 0.128539 -0.669802
4.17 -0.314851 0.0961359 -0.410987
4.18 -0.0499601 0.0617053 -0.111665
4.19 0.25419 0.0259233 0.228267
4.2 0.597349 -0.0102495 0.607599
4.21 0.980316 -0.043395 1.02371
4.22 1.39734 -0.0751971 1.47254
4.23 1.84328 -0.1053 1.94858
4.24 2.31215 -0.132839 2.44499
4.25 2.79712 -0.156583 2.9537
4.26 3.28817 -0.177471 3.46564
4.27 3.77585 -0.195098 3.97095
4.28 4.25053 -0.208758 4.45929
4.29 4.70035 -0.219813 4.92016
4.3 5.11519 -0.228058 5.34325
4.31 5.4864 -0.23234 5.71874
4.32 5.80557 -0.232123 6.03769
4.33 6.06184 -0.230486 6.29233
4.34 6.24966 -0.226642 6.4763
4.35 6.36656 -0.218395 6.58495
4.36 6.40979 -0.205664 6.61545
4.37 6.37499 -0.191921 6.56691
4.38 6.26369 -0.176718 6.44041
4.39 6.0814 -0.157564 6.23896
4.4 5.83232 -0.135097 5.96742
4.41 5.52002 -0.112239 5.63226
4.42 5.1521 -0.0892993 5.2414
4.43 4.73919 -0.0646976 4.80389
4.44 4.28985 -0.0397503 4.3296
4.45 3.81253 -0.0163753 3.82891
4.46 3.31721 0.00489077 3.31232
4.47 2.81414 0.0239693 2.79017
4.48 2.31176 0.039476 2.27228
4.49 1.81832 0.0506256 1.76769
4.5 1.34212 0.0577133 1.28441
4.51 0.888501 0.0592978 0.829203
4.52 0.462219 0.0547095 0.407509
4.53 0.0676168 0.0442989 0.0233179
4.54 -0.291043 0.0297855 -0.320829
4.55 -0.614468 0.00932793 -0.623796
4.56 -0.902381 -0.0166135 -0.885767
4.57 -1.15496 -0.0468535 -1.10811
4.58 -1.37189 -0.0787065 -1.29318
4.59 -1.55773 -0.113554 -1.44418
4.6 -1.71508 -0.150225 -1.56486
4.61 -1.84667 -0.187308 -1.65936
4.62 -1.95435 -0.222358 -1.73199
4.63 -2.04313 -0.256135 -1.78699
4.64 -2.11598 -0.287591 -1.82839
4.65 -2.17566 -0.315847 -1.85981
4.66 -2.22399 -0.339593 -1.8844
4.67 -2.26405 -0.359368 -1.90468
4.68 -2.29744 -0.374875 -1.92257
4.69 -2.32533 -0.386047 -1.93928
4.7 -2.34816 -0.392735 -1.95542
4.71 -2.36651 -0.395535 -1.97098
4.72 -2.38023 -0.394852 -1.98538
4.73 -2.3888 -0.391177 -1.99762
4.74 -2.39087 -0.384535 -2.00633
4.75 -2.38554 -0.375659 -2.00988
4.76 -2.37155 -0.365078 -2.00647
4.77 -2.34746 -0.353195 -1.99426
4.78 -2.31093 -0.339474 -1.97146
4.79 -2.2608 -0.324432 -1.93637
4.8 -2.1959 -0.308376 -1.88752
4.81 -2.115 -0.29129 -1.82371
4.82 -2.01608 -0.272055 -1.74402
4.83 -1.8988 -0.25088 -1.64792
4.84 -1.76327 -0.228045 -1.53522
4.85 -1.60948 -0.203314 -1.40617
4.86 -1.43702 -0.175649 -1.26137
4.87 -1.24722 -0.145344 -1.10188
4.88 -1.04206 -0.11295 -0.92911
4.89 -0.823431 -0.0785417 -0.744889
4.9 -0.593296 -0.0419043 -0.551392
4.91 -0.354893 -0.00375847 -0.351135
4.92 -0.111901 0.035038 -0.146939
4.93 0.132123 0.0740131 0.0581099
4.94 0.373087 0.112375 0.260712
4.95 0.606329 0.148918 0.457411
4.96 0.827847 0.183188 0.644659
4.97 1.03354 0.214648 0.818892
4.98 1.21872 0.242106 0.976614
4.99 1.37864 0.264155 1.11449
5 1.51101 0.281593 1.22942
5.01 1.61298 0.294318 1.31866
5.02 1.68141 0.301496 1.37991
5.03 1.71324 0.301852 1.41139
5.04 1.70955 0.29765 1.4119
5.05 1.67021 0.289281 1.38093
5.06 1.59525 0.276588 1.31866
5.07 1.48461 0.258597 1.22601
5.08 1.34279 0.238165 1.10463
5.09 1.1726 0.21576 0.95684
5.1 0.977198 0.191556 0.785642
5.11 0.759584 0.165005 0.594579
5.12 0.525812 0.138154 0.387658
5.13 0.280313 0.111097 0.169216
5.14 0.0275821 0.0837967 -0.0562146
5.15 -0.22766 0.0564028 -0.284063
5.16 -0.480609 0.0292602 -0.509869
5.17 -0.727361 0.00207616 -0.729437
5.18 -0.964404 -0.0254323 -0.938972
5.19 -1.18744 -0.0522398 -1.1352
5.2 -1.39482 -0.0793509 -1.31547
5.21 -1.58478 -0.106969 -1.47781
5.22 -1.75609 -0.135113 -1.62098
5.23 -1.90666 -0.162223 -1.74444
5.24 -2.0376 -0.189262 -1.84834
5.25 -2.14945 -0.216013 -1.93344
5.26 -2.24291 -0.241921 -2.00099
5.27 -2.31788 -0.265252 -2.05263
5.28 -2.37645 -0.286244 -2.09021
5.29 -2.41999 -0.304345 -2.11564
5.3 -2.44953 -0.318764 -2.13077
5.31 -2.46518 -0.328043 -2.13714
5.32 -2.46801 -0.332075 -2.13593
5.33 -2.45846 -0.330634 -2.12783
5.34 -2.43632 -0.323432 -2.11289
5.35 -2.40021 -0.309653 -2.09056
5.36 -2.34929 -0.289662 -2.05963
5.37 -2.28251 -0.26422 -2.01829
5.38 -2.1982 -0.233993 -1.96421
5.39 -2.09348 -0.198839 -1.89464
5.4 -1.96637 -0.15977 -1.8066
5.41 -1.81566 -0.118632 -1.69703
5.42 -1.63968 -0.0766817 -1.563
5.43 -1.43593 -0.0340017 -1.40193
5.44 -1.2034 0.00838157 -1.21178
5.45 -0.942986 0.0482767 -0.991263
5.46 -0.655174 0.0848118 -0.739986
5.47 -0.340381 0.118228 -0.458609
5.48 -0.00070138 0.148225 -0.148927
5.49 0.359506 0.173421 0.186085
5.5 0.736336 0.194057 0.542279
5.51 1.12529 0.21089 0.9144
5.52 1.52037 0.224171 1.2962
5.53 1.91482 0.234219 1.6806
5.54 2.30214 0.242227 2.05991
5.55 2.67512 0.249051 2.42607
5.56 3.02522 0.254324 2.7709
5.57 3.34658 0.260182 3.0864
5.58 3.63287 0.267833 3.36504
5.59 3.87759 0.277584 3.60001
5.6 4.07269 0.287218 3.78547
5.61 4.21688 0.30009 3.91679
5.62 4.3072 0.316527 3.99067
5.63 4.3413 0.335995 4.00531
5.64 4.31481 0.354405 3.96041
5.65 4.23266 0.375436 3.85722
5.66 4.09685 0.39836 3.69849
5.67 3.91039 0.422094 3.4883
5.68 3.67429 0.442354 3.23194
5.69 3.39788 0.462179 2.9357
5.7 3.08709 0.480446 2.60664
5.71 2.74839 0.496071 2.25232
5.72 2.38762 0.507104 1.88052
5.73 2.01388 0.514886 1.49899
5.74 1.63409 0.51886 1.11523
5.75 1.25477 0.518576 0.736194
5.76 0.882948 0.514798 0.36815
5.77 0.524132 0.507623 0.0165089
5.78 0.182766 0.497049 -0.314283
5.79 -0.137436 0.483366 -0.620802
5.8 -0.431933 0.468725 -0.900658
5.81 -0.699783 0.452681 -1.15246
5.82 -0.940521 0.435234 -1.37576
5.83 -1.15401 0.41687 -1.57088
5.84 -1.33934 0.399526 -1.73887
5.85 -1.49876 0.382501 -1.88126
5.86 -1.63457 0.365399 -1.99997
5.87 -1.74876 0.348333 -2.09709
5.88 -1.84256 0.332217 -2.17478
5.89 -1.91881 0.316265 -2.23507
5.9 -1.98012 0.299718 -2.27984
5.91 -2.0283 0.28234 -2.31064
5.92 -2.06447 0.264254 -2.32872
5.93 -2.09008 0.244909 -2.33499
5.94 -2.10638 0.223628 -2.33001
5.95 -2.11389 0.200183 -2.31407
5.96 -2.11253 0.174734 -2.28726
5.97 -2.10226 0.147275 -2.24953
5.98 -2.0833 0.117513 -2.20081
5.99 -2.05546 0.0856384 -2.1411
6 -2.01831 0.0522509 -2.07056
6.01 -1.97171 0.0179134 -1.98962
6.02 -1.91638 -0.0173505 -1.89903
6.03 -1.85287 -0.0529816 -1.79989
6.04 -1.7819 -0.0882075 -1.69369
6.05 -1.70469 -0.12238 -1.58231
6.06 -1.62334 -0.155394 -1.46795
6.07 -1.53978 -0.186695 -1.35309
6.08 -1.45628 -0.215874 -1.24041
6.09 -1.37563 -0.242948 -1.13268
6.1 -1.30035 -0.267677 -1.03267
6.11 -1.2329 -0.289892 -0.943008
6.12 -1.17579 -0.309713 -0.866077
6.13 -1.13207 -0.328139 -0.803931
6.14 -1.10275 -0.344558 -0.758192
6.15 -1.08913 -0.359138 -0.729992
6.16 -1.09217 -0.372237 -0.719933
6.17 -1.1134 -0.38533 -0.72807
6.18 -1.15124 -0.397314 -0.753926
6.19 -1.20491 -0.408381 -0.796529
6.2 -1.27318 -0.418709 -0.854471
6.21 -1.35523 -0.429242 -0.925988
6.22 -1.44783 -0.438784 -1.00905
6.23 -1.5487 -0.447263 -1.10144
6.24 -1.65541 -0.454535 -1.20087
6.25 -1.76551 -0.460433 -1.30508
6.26 -1.8761 -0.464259 -1.41184
6.27 -1.98482 -0.465729 -1.51909
6.28 -2.08949 -0.464576 -1.62491
6.29 -2.18753 -0.459966 -1.72756
6.3 -2.27727 -0.451827 -1.82544
6.31 -2.35718 -0.44012 -1.91706
6.32 -2.42575 -0.424777 -2.00097
6.33 -2.48064 -0.404926 -2.07571
6.34 -2.52078 -0.381074 -2.13971
6.35 -2.54489 -0.3537 -2.19119
6.36 -2.5513 -0.323155 -2.22814
6.37 -2.53695 -0.28871 -2.24824
6.38 -2.49998 -0.25118 -2.2488
6.39 -2.43847 -0.211663 -2.22681
6.4 -2.34977 -0.170839 -2.17893
6.41 -2.22942 -0.127816 -2.1016
6.42 -2.07451 -0.083383 -1.99113
6.43 -1.88307 -0.039255 -1.84381
6.44 -1.65233 0.00383912 -1.65617
6.45 -1.37795 0.047126 -1.42508
6.46 -1.05792 0.0900993 -1.14802
6.47 -0.69279 0.130506 -0.823296
6.48 -0.282395 0.167828 -0.450223
6.49 0.173908 0.203237 -0.0293292
6.5 0.67401 0.236517 0.437493
6.51 1.21215 0.265277 0.946873
6.52 1.78326 0.289359 1.4939
6.53 2.38147 0.309345 2.07213
6.54 2.99832 0.324698 2.67362
6.55 3.62321 0.334091 3.28912
6.56 4.24601 0.337815 3.90819
6.57 4.85527 0.335741 4.51953
6.58 5.43729 0.326078 5.11121
6.59 5.98132 0.310232 5.67109
6.6 6.47613 0.288999 6.18713
6.61 6.90989 0.262056 6.64783
6.62 7.26842 0.225834 7.04259
6.63 7.54747 0.185429 7.36204
6.64 7.74048 0.142039 7.59844
6.65 7.84173 0.0958295 7.7459
6.66 7.84253 0.0419171 7.80061
6.67 7.74924 -0.011759 7.761
6.68 7.56377 -0.063999 7.62777
6.69 7.28978 -0.114124 7.4039
6.7 6.92784 -0.166715 7.09456
6.71 6.49299 -0.213881 6.70687
6.72 5.99473 -0.255015 6.24975
6.73 5.4437 -0.289816 5.73352
6.74 4.84934 -0.320273 5.16961
6.75 4.22786 -0.342319 4.57018
6.76 3.59142 -0.356251 3.94767
6.77 2.95173 -0.362743 3.31447
6.78 2.32142 -0.361095 2.68251
6.79 1.71101 -0.351924 2.06293
6.8 1.12913 -0.336649 1.46578
6.81 0.583103 -0.316666 0.899769
6.82 0.0819096 -0.290208 0.372117
6.83 -0.372022 -0.260443 -0.111579
6.84 -0.777004 -0.229623 -0.547381
6.85 -1.13211 -0.199126 -0.932984
6.86 -1.43493 -0.1673 -1.26763
6.87 -1.68927 -0.137294 -1.55198
6.88 -1.89908 -0.111172 -1.78791
6.89 -2.0679 -0.0895639 -1.97834
6.9 -2.19815 -0.0711893 -2.12696
6.91 -2.29567 -0.0576326 -2.23804
6.92 -2.366 -0.049855 -2.31614
6.93 -2.41347 -0.0475005 -2.36597
6.94 -2.44152 -0.049407 -2.39211
6.95 -2.45448 -0.0555464 -2.39893
6.96 -2.45612 -0.0656979 -2.39042
6.97 -2.44901 -0.0788923 -2.37012
6.98 -2.43507 -0.0940083 -2.34106
6.99 -2.41606 -0.110272 -2.30579
7 -2.3933 -0.126952 -2.26635
7.01 -2.36754 -0.143184 -2.22436
7.02 -2.33921 -0.158146 -2.18106
7.03 -2.30863 -0.171188 -2.13744
7.04 -2.2762 -0.181937 -2.09426
7.05 -2.24221 -0.19002 -2.05219
7.06 -2.20706 -0.195208 -2.01185
7.07 -2.17138 -0.197477 -1.9739
7.08 -2.13602 -0.196951 -1.93907
7.09 -2.10193 -0.193767 -1.90816
7.1 -2.0703 -0.188208 -1.88209
7.11 -2.0427 -0.180868 -1.86183
7.12 -2.02032 -0.171932 -1.84839
7.13 -2.00445 -0.161713 -1.84274
7.14 -1.99645 -0.15069 -1.84576
7.15 -1.99793 -0.139763 -1.85817
7.16 -2.00911 -0.12869 -1.88042
7.17 -2.03038 -0.117717 -1.91266
7.18 -2.06184 -0.107186 -1.95465
7.19 -2.10361 -0.0978937 -2.00572
7.2 -2.15394 -0.0892348 -2.06471
7.21 -2.21133 -0.0813394 -2.12999
7.22 -2.27388 -0.0744161 -2.19946
7.23 -2.33915 -0.0685856 -2.27056
7.24 -2.40385 -0.0635238 -2.34033
7.25 -2.46483 -0.059385 -2.40544
7.26 -2.5187 -0.0563395 -2.46236
7.27 -2.56075 -0.053397 -2.50735
7.28 -2.58777 -0.0511191 -2.53665
7.29 -2.59626 -0.0497166 -2.54654
7.3 -2.58279 -0.0492922 -2.5335
7.31 -2.54216 -0.0478852 -2.49427
7.32 -2.47276 -0.0467202 -2.42604
7.33 -2.37255 -0.0460827 -2.32647
7.34 -2.23971 -0.0458759 -2.19383
7.35 -2.07078 -0.0436798 -2.0271
7.36 -1.86673 -0.040755 -1.82597
7.37 -1.62842 -0.0374539 -1.59097
7.38 -1.3568 -0.0333887 -1.32341
7.39 -1.05193 -0.0264396 -1.02549
7.4 -0.717726 -0.0175079 -0.700218
7.41 -0.358339 -0.00692294 -0.351416
7.42 0.0221505 0.0058151 0.0163354
7.43 0.419505 0.0217391 0.397766
7.44 0.827246 0.040242 0.787004
7.45 1.23886 0.0611754 1.17768
7.46 1.64793 0.0848545 1.56308
7.47 2.04699 0.110771 1.93622
7.48 2.42823 0.138144 2.29009
7.49 2.78513 0.167384 2.61775
7.5 3.11095 0.198414 2.91254
7.51 3.39761 0.229371 3.16824
7.52 3.63819 0.258932 3.37926
7.53 3.82924 0.288459 3.54078
7.54 3.9665 0.317565 3.64893
7.55 4.04482 0.343898 3.70092
7.56 4.06069 0.365561 3.69513
7.57 4.01626 0.385046 3.63121
7.58 3.91203 0.401883 3.51015
7.59 3.74841 0.414178 3.33423
7.6 3.52719 0.420117 3.10707
7.61 3.25622 0.422708 2.83351
7.62 2.94112 0.4216 2.51952
7.63 2.58793 0.415876 2.17205
7.64 2.2037 0.404816 1.79888
7.65 1.79902 0.390637 1.40838
7.66 1.38245 0.373146 1.0093
7.67 0.962789 0.352251 0.610538
7.68 0.550048 0.329185 0.220863
7.69 0.152784 0.304079 -0.151295
7.7 -0.221239 0.276861 -0.4981
7.71 -0.564746 0.247771 -0.812517
7.72 -0.868407 0.220092 -1.0885
7.73 -1.12963 0.191512 -1.32114
7.74 -1.3447 0.162097 -1.5068
7.75 -1.51106 0.132082 -1.64314
7.76 -1.62333 0.105881 -1.72921
7.77 -1.6856 0.0797778 -1.76538
7.78 -1.69928 0.0540214 -1.7533
7.79 -1.66674 0.0290886 -1.69583
7.8 -1.58852 0.00834733 -1.59687
7.81 -1.47221 -0.0109771 -1.46123
7.82 -1.32311 -0.0286364 -1.29447
7.83 -1.14668 -0.043995 -1.10269
7.84 -0.947764 -0.0554454 -0.892319
7.85 -0.734176 -0.0641825 -0.669993
7.86 -0.512205 -0.0698891 -0.442316
7.87 -0.287724 -0.0720103 -0.215714
7.88 -0.066972 -0.0706839 0.00371194
7.89 0.144316 -0.065997 0.210313
7.9 0.341448 -0.0575499 0.398998
7.91 0.52014 -0.0451726 0.565313
7.92 0.675209 -0.0302893 0.705498
7.93 0.803791 -0.0127377 0.816529
7.94 0.904049 0.00791934 0.89613
7.95 0.97414 0.0313576 0.942782
7.96 1.01126 0.0555446 0.955715
7.97 1.01526 0.0803743 0.934886
7.98 0.987296 0.106342 0.880954
7.99 0.928076 0.132821 0.795255
8 0.837706 0.157945 0.679761
8.01 0.718452 0.181407 0.537045
8.02 0.574044 0.203805 0.370239
8.03 0.407533 0.224547 0.182986
8.04 0.221953 0.242565 -0.0206117
8.05 0.0217455 0.257801 -0.236055
8.06 -0.187777 0.270742 -0.458519
8.07 -0.401872 0.281063 -0.682935
8.08 -0.615405 0.288678 -0.904083
8.09 -0.822497 0.294204 -1.1167
8.1 -1.01812 0.29748 -1.3156
8.11 -1.19738 0.29841 -1.49579
8.12 -1.35509 0.297531 -1.65262
8.13 -1.48567 0.296239 -1.78191
8.14 -1.58687 0.293211 -1.88008
8.15 -1.6559 0.288395 -1.94429
8.16 -1.69017 0.282386 -1.97256
8.17 -1.68681 0.277003 -1.96381
8.18 -1.64814 0.269885 -1.91802
8.19 -1.57521 0.260992 -1.8362
8.2 -1.46976 0.250651 -1.72041
8.21 -1.33336 0.240386 -1.57375
8.22 -1.17241 0.227852 -1.40026
8.23 -0.991677 0.213187 -1.20486
8.24 -0.79651 0.196669 -0.993179
8.25 -0.592756 0.178621 -0.771377
8.26 -0.387735 0.158249 -0.545984
8.27 -0.187632 0.136042 -0.323674
8.28 0.00150801 0.112555 -0.111047
8.29 0.172125 0.0865339 0.0855911
8.3 0.319881 0.0594502 0.260431
8.31 0.440458 0.0321 0.408358
8.32 0.530272 0.00515441 0.525118
8.33 0.584078 -0.0233712 0.607449
8.34 0.602262 -0.0509225 0.653184
8.35 0.584701 -0.0766029 0.661304
8.36 0.531914 -0.100038 0.631952
8.37 0.443336 -0.123072 0.566408
8.38 0.323384 -0.143638 0.467022
8.39 0.175895 -0.161217 0.337112
8.4 0.00478069 -0.176046 0.180826
8.41 -0.186338 -0.189334 0.00299611
8.42 -0.391366 -0.200321 -0.191045
8.43 -0.60486 -0.209224 -0.395636
8.44 -0.821762 -0.216787 -0.604975
8.45 -1.0367 -0.223405 -0.813295
8.46 -1.24434 -0.229315 -1.01503
8.47 -1.44035 -0.235409 -1.20494
8.48 -1.62071 -0.242417 -1.37829
8.49 -1.78081 -0.249902 -1.53091
8.5 -1.91747 -0.2582 -1.65927
8.51 -2.029 -0.268423 -1.76058
8.52 -2.11359 -0.280811 -1.83278
8.53 -2.16881 -0.294223 -1.87459
8.54 -2.19388 -0.308405 -1.88548
8.55 -2.19001 -0.324348 -1.86566
8.56 -2.15772 -0.341638 -1.81608
8.57 -2.09724 -0.358889 -1.73835
8.58 -2.01005 -0.375333 -1.63472
8.59 -1.8997 -0.391686 -1.50801
8.6 -1.76886 -0.407254 -1.36161
8.61 -1.6203 -0.420978 -1.19932
8.62 -1.45766 -0.432269 -1.02539
8.63 -1.28588 -0.441519 -0.844361
8.64 -1.10922 -0.448207 -0.661013
8.65 -0.932225 -0.451962 -0.480263
8.66 -0.760223 -0.453172 -0.307051
8.67 -0.597816 -0.451603 -0.146213
8.68 -0.449412 -0.447065 -0.00234657
8.69 -0.31945 -0.439784 0.120334
8.7 -0.213172 -0.431327 0.218155
8.71 -0.132289 -0.420425 0.288136
8.72 -0.0789588 -0.407104 0.328145
8.73 -0.054681 -0.391718 0.337037
8.74 -0.061553 -0.376331 0.314778
8.75 -0.0962566 -0.358798 0.262542
8.76 -0.156442 -0.339215 0.182773
8.77 -0.238614 -0.317821 0.0792068
8.78 -0.338847 -0.295691 -0.0431565
8.79 -0.449254 -0.271124 -0.17813
8.8 -0.562851 -0.244381 -0.31847
8.81 -0.671918 -0.215852 -0.456066
8.82 -0.766395 -0.184227 -0.582168
8.83 -0.837793 -0.150119 -0.687674
8.84 -0.877701 -0.114259 -0.763442
8.85 -0.878007 -0.0773764 -0.800631
8.86 -0.827431 -0.036376 -0.791055
8.87 -0.721785 0.00575016 -0.727535
8.88 -0.556847 0.0473846 -0.604232
8.89 -0.329371 0.0875747 -0.416946
8.9 -0.0338387 0.129535 -0.163374
8.91 0.326038 0.16934 0.156698
8.92 0.746134 0.204859 0.541275
8.93 1.22155 0.235445 0.986105
8.94 1.74765 0.262923 1.48473
8.95 2.31294 0.284348 2.02859
8.96 2.90567 0.298393 2.60728
8.97 3.51411 0.305341 3.20877
8.98 4.12498 0.305161 3.81982
8.99 4.7232 0.29685 4.42635
9 5.29532 0.281423 5.0139
9.01 5.82832 0.260245 5.56808
9.02 6.30696 0.231914 6.07505
9.03 6.71885 0.196887 6.52196
9.04 7.05639 0.159 6.89739
9.05 7.31172 0.12006 7.19166
9.06 7.47534 0.0781648 7.39718
9.07 7.54246 0.0338307 7.50863
9.08 7.5157 -0.00744107 7.52314
9.09 7.39586 -0.0444453 7.44031
9.1 7.18309 -0.0790633 7.26215
9.11 6.88133 -0.1117 6.99303
9.12 6.50196 -0.137434 6.63939
9.13 6.05316 -0.156389 6.20955
9.14 5.54302 -0.170308 5.71333
9.15 4.98146 -0.180267 5.16173
9.16 4.38264 -0.183888 4.56653
9.17 3.75742 -0.182486 3.93991
9.18 3.11643 -0.177618 3.29405
9.19 2.47094 -0.169849 2.64079
9.2 1.83144 -0.159853 1.99129
9.21 1.20647 -0.149299 1.35577
9.22 0.603976 -0.139268 0.743244
9.23 0.0326731 -0.128724 0.161398
9.24 -0.504032 -0.12048 -0.383552
9.25 -1.00239 -0.115497 -0.886893
9.26 -1.45958 -0.114162 -1.34542
9.27 -1.87106 -0.113699 -1.75736
9.28 -2.23973 -0.117432 -2.1223
9.29 -2.56628 -0.125272 -2.44101
9.3 -2.85212 -0.136815 -2.7153
9.31 -3.09642 -0.148569 -2.94785
9.32 -3.30509 -0.163125 -3.14196
9.33 -3.4811 -0.179681 -3.30142
9.34 -3.62757 -0.19732 -3.43025
9.35 -3.74601 -0.213436 -3.53257
9.36 -3.8416 -0.229178 -3.61242
9.37 -3.91745 -0.243857 -3.67359
9.38 -3.97624 -0.25671 -3.71953
9.39 -4.0195 -0.266284 -3.75322
9.4 -4.05013 -0.27303 -3.7771
9.41 -4.06978 -0.27674 -3.79304
9.42 -4.07942 -0.27715 -3.80227
9.43 -4.079 -0.273608 -3.80539
9.44 -4.06888 -0.266495 -3.80239
9.45 -4.04871 -0.256075 -3.79264
9.46 -4.01754 -0.242559 -3.77498
9.47 -3.97323 -0.225455 -3.74778
9.48 -3.91417 -0.205201 -3.70897
9.49 -3.8387 -0.182501 -3.6562
9.5 -3.74462 -0.15772 -3.5869
9.51 -3.62854 -0.130127 -3.49841
9.52 -3.48825 -0.100129 -3.38812
9.53 -3.32239 -0.0688182 -3.25357
9.54 -3.12919 -0.0365696 -3.09262
9.55 -2.90603 -0.0024714 -2.90356
9.56 -2.65204 0.0332052 -2.68525
9.57 -2.36828 0.0689447 -2.43722
9.58 -2.05538 0.10445 -2.15983
9.59 -1.71387 0.140394 -1.85426
9.6 -1.34617 0.17649 -1.52266
9.61 -0.95693 0.211173 -1.1681
9.62 -0.550344 0.244285 -0.794629
9.63 -0.131237 0.27594 -0.407177
9.64 0.293962 0.30547 -0.0115079
9.65 0.718097 0.332188 0.385909
9.66 1.13425 0.356198 0.778052
9.67 1.5347 0.377165 1.15753
9.68 1.91042 0.39361 1.51681
9.69 2.25519 0.406786 1.8484
9.7 2.56231 0.417156 2.14515
9.71 2.82484 0.424392 2.40045
9.72 3.03445 0.42599 2.60846
9.73 3.18988 0.425521 2.76436
9.74 3.28817 0.423673 2.8645
9.75 3.32698 0.420424 2.90656
9.76 3.30229 0.412637 2.88965
9.77 3.21964 0.405249 2.81439
9.78 3.08163 0.398763 2.68287
9.79 2.89192 0.39331 2.49861
9.8 2.65264 0.386159 2.26648
9.81 2.37405 0.381534 1.99252
9.82 2.06312 0.379399 1.68372
9.83 1.7273 0.379457 1.34784
9.84 1.37386 0.380756 0.993104
9.85 1.01267 0.384746 0.627924
9.86 0.651406 0.390766 0.26064
9.87 0.297269 0.398037 -0.100768
9.88 -0.0416594 0.407276 -0.448936
9.89 -0.36006 0.417278 -0.777338
9.9 -0.653558 0.42692 -1.08048
9.91 -0.918697 0.435333 -1.35403
9.92 -1.15103 0.443906 -1.59494
9.93 -1.35096 0.450479 -1.80144
9.94 -1.5192 0.453875 -1.97308
9.95 -1.65695 0.453655 -2.11061
9.96 -1.76485 0.451052 -2.2159
9.97 -1.84725 0.444547 -2.2918
9.98 -1.90839 0.4335 -2.34189
9.99 -1.9522 0.418137 -2.37034
10 -1.98237 0.399255 -2.38162
10.01 -2.0038 0.376533 -2.38033
10.02 -2.0207 0.35021 -2.37091
10.03 -2.03647 0.320991 -2.35746
10.04 -2.0542 0.289356 -2.34356
10.05 -2.07628 0.25579 -2.33207
10.06 -2.1039 0.221165 -2.32507
10.07 -2.13753 0.186173 -2.3237
10.08 -2.17703 0.15118 -2.32821
10.09 -2.221 0.11688 -2.33788
10.1 -2.26714 0.0839845 -2.35112
10.11 -2.3128 0.0527538 -2.36555
10.12 -2.35454 0.0235641 -2.3781
10.13 -2.38816 -0.00297214 -2.38519
10.14 -2.40999 -0.0271207 -2.38287
10.15 -2.41616 -0.0491032 -2.36706
10.16 -2.4023 -0.068596 -2.3337
10.17 -2.36389 -0.0848788 -2.27901
10.18 -2.2991 -0.099479 -2.19962
10.19 -2.20563 -0.11283 -2.0928
10.2 -2.08128 -0.124684 -1.9566
10.21 -1.924 -0.134022 -1.78998
10.22 -1.73603 -0.143101 -1.59293
10.23 -1.51865 -0.152135 -1.36652
10.24 -1.27375 -0.160838 -1.11291
10.25 -1.0036 -0.168217 -0.835383
10.26 -0.714281 -0.176053 -0.538228
10.27 -0.410712 -0.184032 -0.22668
10.28 -0.0984174 -0.191649 0.0932315
10.29 0.21603 -0.198819 0.414849
10.3 0.525528 -0.205563 0.731091
10.31 0.823568 -0.211106 1.03467
10.32 1.1037 -0.214656 1.31836
10.33 1.35724 -0.21794 1.57518
10.34 1.58006 -0.218667 1.79873
10.35 1.76731 -0.216035 1.98334
10.36 1.91494 -0.209431 2.12437
10.37 2.01645 -0.201867 2.21832
10.38 2.0729 -0.190121 2.26302
10.39 2.08402 -0.173735 2.25775
10.4 2.05047 -0.152807 2.20328
10.41 1.97137 -0.130469 2.10184
10.42 1.85269 -0.10444 1.95713
10.43 1.69925 -0.0749157 1.77417
10.44 1.51619 -0.0429343 1.55912
10.45 1.30841 -0.0107266 1.31914
10.46 1.0842 0.0221702 1.06203
10.47 0.850769 0.054726 0.796043
10.48 0.614916 0.0853961 0.52952
10.49 0.383934 0.11334 0.270594
10.5 0.164564 0.137686 0.0268782
10.51 -0.037943 0.156884 -0.194827
10.52 -0.21906 0.169731 -0.388791
10.53 -0.373836 0.176737 -0.550573
10.54 -0.50017 0.177008 -0.677178
10.55 -0.597896 0.169263 -0.767159
10.56 -0.667209 0.153433 -0.820642
10.57 -0.708344 0.13094 -0.839284
10.58 -0.724285 0.101878 -0.826163
10.59 -0.71951 0.0660829 -0.785593
10.6 -0.698116 0.0247719 -0.722888
10.61 -0.664413 -0.0203396 -0.644073
10.62 -0.623813 -0.0682508 -0.555562
10.63 -0.581551 -0.11774 -0.463811
10.64 -0.542 -0.167027 -0.374973
10.65 -0.509308 -0.214745 -0.294563
10.66 -0.487037 -0.259885 -0.227152
10.67 -0.476713 -0.300602 -0.176111
10.68 -0.479135 -0.335728 -0.143407
10.69 -0.494244 -0.364763 -0.129481
10.7 -0.520556 -0.387368 -0.133188
10.71 -0.554434 -0.402596 -0.151838
10.72 -0.591992 -0.410693 -0.181299
10.73 -0.628398 -0.412202 -0.216196
10.74 -0.657293 -0.407124 -0.250169
10.75 -0.672895 -0.396706 -0.276189
10.76 -0.669333 -0.382411 -0.286922
10.77 -0.640577 -0.365459 -0.275118
10.78 -0.579157 -0.345157 -0.234
10.79 -0.482596 -0.324942 -0.157654
10.8 -0.34775 -0.306376 -0.0413737
10.81 -0.172472 -0.290508 0.118036
10.82 0.0465816 -0.275438 0.32202
10.83 0.304957 -0.265157 0.570114
10.84 0.599775 -0.260096 0.859871
10.85 0.926706 -0.260171 1.18688
10.86 1.28143 -0.263428 1.54486
10.87 1.65405 -0.271829 1.92588
10.88 2.03632 -0.284292 2.32061
10.89 2.41932 -0.299363 2.71868
10.9 2.79218 -0.316883 3.10906
10.91 3.14509 -0.335406 3.4805
10.92 3.46898 -0.352958 3.82194
10.93 3.75528 -0.367717 4.123
10.94 3.99268 -0.381665 4.37434
10.95 4.17655 -0.391532 4.56808
10.96 4.30271 -0.395339 4.69805
10.97 4.36787 -0.39219 4.76006
10.98 4.36653 -0.385524 4.75205
10.99 4.30152 -0.372641 4.67416
11 4.17627 -0.352397 4.52867
11.01 3.99441 -0.325495 4.3199
11.02 3.75855 -0.295501 4.05405
11.03 3.47735 -0.261507 3.73886
11.04 3.15961 -0.223709 3.38332
11.05 2.81342 -0.183887 2.99731
11.06 2.44676 -0.14441 2.59117
11.07 2.06958 -0.105749 2.17533
11.08 1.6908 -0.0690844 1.75988
11.09 1.31815 -0.0361021 1.35425
11.1 0.959496 -0.0073448 0.966841
11.11 0.62163 0.0168426 0.604787
11.12 0.308738 0.0349799 0.273758
11.13 0.0243836 0.0465608 -0.0221772
11.14 -0.227918 0.0526753 -0.280593
11.15 -0.446635 0.0540486 -0.500684
11.16 -0.633461 0.0497002 -0.683161
11.17 -0.78962 0.0404762 -0.830096
11.18 -0.916441 0.0282574 -0.944698
11.19 -1.01648 0.0145779 -1.03106
11.2 -1.09457 -0.000711796 -1.09386
11.21 -1.15424 -0.0161643 -1.13808
11.22 -1.19879 -0.0301089 -1.16868
11.23 -1.23158 -0.0412222 -1.19036
11.24 -1.25642 -0.0491701 -1.20725
11.25 -1.27572 -0.0529687 -1.22275
11.26 -1.29125 -0.0519043 -1.23935
11.27 -1.30406 -0.0455559 -1.2585
11.28 -1.31458 -0.033937 -1.28064
11.29 -1.32235 -0.0172062 -1.30514
11.3 -1.32621 0.0042218 -1.33043
11.31 -1.32398 0.030129 -1.35411
11.32 -1.31376 0.0593728 -1.37313
11.33 -1.29323 0.0908011 -1.38403
11.34 -1.25994 0.123202 -1.38314
11.35 -1.21026 0.156606 -1.36687
11.36 -1.14326 0.188655 -1.33191
11.37 -1.05754 0.218012 -1.27555
11.38 -0.952303 0.243496 -1.1958
11.39 -0.826003 0.265608 -1.09161
11.4 -0.681059 0.281946 -0.963005
11.41 -0.519338 0.291794 -0.811132
11.42 -0.343453 0.294841 -0.638294
11.43 -0.1564 0.291508 -0.447908
11.44 0.0365066 0.280906 -0.244399
11.45 0.23035 0.263408 -0.0330582
11.46 0.419947 0.239784 0.180163
11.47 0.598848 0.209964 0.388884
11.48 0.761542 0.174988 0.586554
11.49 0.903095 0.136363 0.766732
11.5 1.01885 0.0954892 0.923361
11.51 1.10281 0.0517794 1.05103
11.52 1.15257 0.00735116 1.14522
11.53 1.16682 -0.0356723 1.20249
11.54 1.14461 -0.0760534 1.22066
11.55 1.08425 -0.114641 1.19889
11.56 0.988174 -0.149549 1.13772
11.57 0.860092 -0.178981 1.03907
11.58 0.703579 -0.202565 0.906144
11.59 0.522236 -0.221045 0.743281
11.6 0.322211 -0.233575 0.555786
11.61 0.110061 -0.239619 0.34968
11.62 -0.108297 -0.23974 0.131443
11.63 -0.326672 -0.234398 -0.0922743
11.64 -0.538553 -0.22362 -0.314933
11.65 -0.738766 -0.20838 -0.530386
11.66 -0.922781 -0.189653 -0.733128
11.67 -1.08607 -0.167555 -0.918515
11.68 -1.22517 -0.142236 -1.08293
11.69 -1.33945 -0.115532 -1.22392
11.7 -1.42826 -0.0880628 -1.3402
11.71 -1.49131 -0.0596186 -1.43169
11.72 -1.52939 -0.0299516 -1.49944
11.73 -1.54606 -0.000595984 -1.54546
11.74 -1.5441 0.0285026 -1.5726
11.75 -1.52642 0.0578576 -1.58428
11.76 -1.49637 0.0878848 -1.58425
11.77 -1.4583 0.118082 -1.57638
11.78 -1.41541 0.148922 -1.56433
11.79 -1.37053 0.180827 -1.55136
11.8 -1.32619 0.213892 -1.54008
11.81 -1.28401 0.248322 -1.53233
11.82 -1.24477 0.284251 -1.52902
11.83 -1.20855 0.321539 -1.53009
11.84 -1.1747 0.359819 -1.53452
11.85 -1.14151 0.398892 -1.5404
11.86 -1.10702 0.438048 -1.54507
11.87 -1.06891 0.476366 -1.54528
11.88 -1.02386 0.513574 -1.53743
11.89 -0.969646 0.548209 -1.51785
11.9 -0.90396 0.579069 -1.48303
11.91 -0.824898 0.604994 -1.42989
11.92 -0.729919 0.626153 -1.35607
11.93 -0.619485 0.640623 -1.26011
11.94 -0.494042 0.647583 -1.14162
11.95 -0.354796 0.646645 -1.00144
11.96 -0.203255 0.638366 -0.841621
11.97 -0.0434608 0.621992 -0.665453
11.98 0.120604 0.59796 -0.477356
11.99 0.284523 0.56725 -0.282727
12 0.442741 0.530461 -0.0877196
12.01 0.589784 0.488772 0.101012
12.02 0.720655 0.444042 0.276613
12.03 0.830493 0.398153 0.43234
12.04 0.913145 0.35127 0.561875
12.05 0.965231 0.30561 0.659621
12.06 0.984569 0.263602 0.720967
12.07 0.969239 0.226734 0.742505
12.08 0.916522 0.194335 0.722187
12.09 0.827347 0.167933 0.659414
12.1 0.704204 0.14915 0.555054
12.11 0.549361 0.137972 0.411389
12.12 0.364852 0.13286 0.231992
12.13 0.155235 0.133692 0.0215428
12.14 -0.0739997 0.140403 -0.214402
12.15 -0.318165 0.151515 -0.46968
12.16 -0.572622 0.165182 -0.737804
12.17 -0.832017 0.18024 -1.01226
12.18 -1.09147 0.195294 -1.28676
12.19 -1.34692 0.208613 -1.55553
12.2 -1.59445 0.219013 -1.81346
12.21 -1.83048 0.225804 -2.05628
12.22 -2.05308 0.227565 -2.28064
12.23 -2.26048 0.223654 -2.48413
12.24 -2.45095 0.214288 -2.66524
12.25 -2.62294 0.200301 -2.82324
12.26 -2.77686 0.181218 -2.95808
12.27 -2.91227 0.157879 -3.07015
12.28 -3.02844 0.131672 -3.16011
12.29 -3.12389 0.104785 -3.22867
12.3 -3.19903 0.0773581 -3.27639
12.31 -3.2528 0.050673 -3.30347
12.32 -3.28351 0.026176 -3.30969
12.33 -3.28776 0.00647401 -3.29423
12.34 -3.26501 -0.00926062 -3.25575
12.35 -3.21298 -0.0206521 -3.19233
12.36 -3.12913 -0.0275015 -3.10163
12.37 -3.00849 -0.0274598 -2.98103
12.38 -2.85147 -0.0236321 -2.82784
12.39 -2.65655 -0.0170269 -2.63952
12.4 -2.42283 -0.00884436 -2.41399
12.41 -2.14714 0.00267858 -2.14982
12.42 -1.83366 0.0128979 -1.84656
12.43 -1.48461 0.0202903 -1.5049
12.44 -1.10326 0.0236119 -1.12687
12.45 -0.692487 0.0234481 -0.715935
12.46 -0.26039 0.0166327 -0.277023
12.47 0.186033 0.00252662 0.183506
12.48 0.639201 -0.0187902 0.657991
12.49 1.09008 -0.0475901 1.13767
12.5 1.52914 -0.0838101 1.61295
12.51 1.94766 -0.126073 2.07373
12.52 2.33711 -0.172674 2.50978
12.53 2.68662 -0.224499 2.91112
12.54 2.98963 -0.278767 3.2684
12.55 3.24092 -0.332376 3.5733
12.56 3.43566 -0.383185 3.81884
12.57 3.56705 -0.432659 3.99971
12.58 3.63478 -0.477616 4.1124
12.59 3.6405 -0.514887 4.15539
12.6 3.5857 -0.543475 4.12917
12.61 3.47075 -0.565472 4.03622
12.62 3.3014 -0.579422 3.88082
12.63 3.08514 -0.583751 3.66889
12.64 2.82835 -0.579341 3.40769
12.65 2.53696 -0.568547 3.10551
12.66 2.2194 -0.551887 2.77129
12.67 1.88444 -0.529838 2.41428
12.68 1.53927 -0.504395 2.04367
12.69 1.19091 -0.477333 1.66824
12.7 0.846465 -0.449662 1.29613
12.71 0.511518 -0.423006 0.934524
12.72 0.19074 -0.398829 0.589569
12.73 -0.111354 -0.377594 0.26624
12.74 -0.390805 -0.359145 -0.0316603
12.75 -0.646351 -0.344899 -0.301452
12.76 -0.876352 -0.334892 -0.54146
12.77 -1.07903 -0.328176 -0.750854
12.78 -1.25249 -0.323046 -0.929444
12.79 -1.39776 -0.320291 -1.07747
12.8 -1.51436 -0.318983 -1.19538
12.81 -1.60129 -0.317667 -1.28362
12.82 -1.65635 -0.313851 -1.3425
12.83 -1.6806 -0.308592 -1.37201
12.84 -1.67305 -0.301259 -1.37179
12.85 -1.63226 -0.291148 -1.34111
12.86 -1.55477 -0.275865 -1.27891
12.87 -1.4418 -0.257926 -1.18387
12.88 -1.29241 -0.237763 -1.05465
12.89 -1.10589 -0.215925 -0.889965
12.9 -0.879298 -0.190402 -0.688896
12.91 -0.616189 -0.165134 -0.451055
12.92 -0.317961 -0.141138 -0.176823
12.93 0.0131613 -0.119307 0.132468
12.94 0.375958 -0.0984309 0.474389
12.95 0.76359 -0.0817234 0.845313
12.96 1.17074 -0.0696525 1.24039
12.97 1.5914 -0.0621916 1.65359
12.98 2.01869 -0.0591114 2.0778
12.99 2.44412 -0.0608971 2.50502
13 2.85997 -0.0666095 2.92658
13.01 3.25853 -0.0749369 3.33347
13.02 3.63001 -0.0866126 3.71662
13.03 3.96776 -0.0995422 4.0673
13.04 4.26585 -0.111572 4.37742
13.05 4.51884 -0.121051 4.63989
13.06 4.71918 -0.129722 4.8489
13.07 4.86526 -0.134918 5.00018
13.08 4.95669 -0.134459 5.09115
13.09 4.99323 -0.127821 5.12105
13.1 4.97331 -0.117641 5.09095
13.11 4.90099 -0.10269 5.00368
13.12 4.78162 -0.0820742 4.86369
13.13 4.61988 -0.0569827 4.67686
13.14 4.41987 -0.0303203 4.45019
13.15 4.18882 -0.00267906 4.1915
13.16 3.93438 0.0253015 3.90908
13.17 3.66292 0.0515945 3.61133
13.18 3.38047 0.0740788 3.30639
13.19 3.09356 0.0917065 3.00185
13.2 2.80773 0.103299 2.70443
13.21 2.52733 0.107581 2.41975
13.22 2.25635 0.104174 2.15218
13.23 1.99793 0.0932063 1.90472
13.24 1.75327 0.0742465 1.67902
13.25 1.52319 0.0478148 1.47538
13.26 1.30816 0.0153014 1.29286
13.27 1.10789 -0.0216114 1.1295
13.28 0.920375 -0.0621176 0.982493
13.29 0.744067 -0.104358 0.848425
13.3 0.577369 -0.146183 0.723552
13.31 0.41854 -0.18551 0.60405
13.32 0.265241 -0.221013 0.486254
13.33 0.115907 -0.250976 0.366883
13.34 -0.0307556 -0.273968 0.243212
13.35 -0.175721 -0.288927 0.113206
13.36 -0.319701 -0.295299 -0.024402
13.37 -0.462871 -0.292791 -0.17008
13.38 -0.605071 -0.281546 -0.323525
13.39 -0.745681 -0.26195 -0.483731
13.4 -0.884029 -0.234928 -0.649101
13.41 -1.01924 -0.201649 -0.817591
13.42 -1.15039 -0.16352 -0.98687
13.43 -1.27605 -0.121556 -1.15449
13.44 -1.39576 -0.0776841 -1.31808
13.45 -1.50892 -0.0334758 -1.47544
13.46 -1.61512 0.00965999 -1.62478
13.47 -1.71373 0.0509971 -1.76473
13.48 -1.80546 0.0890069 -1.89447
13.49 -1.89089 0.122868 -2.01376
13.5 -1.9708 0.152137 -2.12294
13.51 -2.04601 0.176878 -2.22289
13.52 -2.11816 0.196813 -2.31497
13.53 -2.18869 0.212255 -2.40094
13.54 -2.25907 0.223762 -2.48283
13.55 -2.33094 0.231876 -2.56282
13.56 -2.4058 0.237303 -2.6431
13.57 -2.48483 0.240962 -2.72579
13.58 -2.56909 0.24367 -2.81276
13.59 -2.65977 0.245784 -2.90555
13.6 -2.75721 0.248093 -3.0053
13.61 -2.86139 0.251265 -3.11265
13.62 -2.97211 0.25562 -3.22773
13.63 -3.08908 0.26102 -3.3501
13.64 -3.21113 0.267661 -3.47879
13.65 -3.33674 0.275557 -3.6123
13.66 -3.46425 0.284374 -3.74862
13.67 -3.59159 0.29374 -3.88533
13.68 -3.71613 0.303464 -4.01959
13.69 -3.83529 0.312984 -4.14827
13.7 -3.94625 0.321732 -4.26798
13.71 -4.04546 0.329697 -4.37516
13.72 -4.12918 0.336958 -4.46614
13.73 -4.19462 0.342617 -4.53724
13.74 -4.23849 0.346327 -4.58482
13.75 -4.25661 0.348753 -4.60536
13.76 -4.24482 0.350741 -4.59556
13.77 -4.20141 0.350964 -4.55237
13.78 -4.12371 0.349409 -4.47312
13.79 -4.00844 0.347115 -4.35555
13.8 -3.85227 0.345689 -4.19796
13.81 -3.65613 0.343085 -3.99921
13.82 -3.41949 0.339402 -3.75889
13.83 -3.14184 0.335482 -3.47732
13.84 -2.82258 0.333091 -3.15567
13.85 -2.46634 0.329647 -2.79599
13.86 -2.07607 0.325179 -2.40125
13.87 -1.65528 0.320097 -1.97538
13.88 -1.20781 0.315416 -1.52323
13.89 -0.741531 0.309022 -1.05055
13.9 -0.262886 0.301057 -0.563943
13.91 0.221056 0.291769 -0.0707131
13.92 0.701712 0.280491 0.421221
13.93 1.17066 0.267152 0.903508
13.94 1.61982 0.252266 1.36755
13.95 2.04118 0.236452 1.80473
13.96 2.42339 0.216795 2.2066
13.97 2.76136 0.196214 2.56515
13.98 3.04869 0.175655 2.87304
13.99 3.27975 0.155948 3.1238
14 3.44511 0.133034 3.31208
14.01 3.54515 0.111389 3.43376
14.02 3.57847 0.0923005 3.48617
14.03 3.54443 0.0762939 3.46814
14.04 3.43949 0.0594206 3.38007
14.05 3.26964 0.0456756 3.22396
14.06 3.03951 0.0361461 3.00336
14.07 2.75393 0.0306571 2.72327
14.08 2.41627 0.0262411 2.39003
14.09 2.03625 0.0251166 2.01113
14.1 1.62265 0.0275981 1.59505
14.11 1.18374 0.0327516 1.15099
14.12 0.727829 0.0391838 0.688645
14.13 0.265316 0.0473414 0.217975
14.14 -0.194571 0.0564958 -0.251067
14.15 -0.643273 0.0654814 -0.708754
14.16 -1.07123 0.0745852 -1.14582
14.17 -1.47007 0.0835534 -1.55362
14.18 -1.8336 0.0907695 -1.92437
14.19 -2.15573 0.0954679 -2.2512
14.2 -2.42902 0.0992926 -2.52831
14.21 -2.64864 0.10241 -2.75105
14.22 -2.81329 0.102634 -2.91592
14.23 -2.92069 0.0999451 -3.02064
14.24 -2.9675 0.0965636 -3.06406
14.25 -2.95273 0.0935044 -3.04623
14.26 -2.87994 0.0883262 -2.96827
14.27 -2.7508 0.0815067 -2.83231
14.28 -2.56644 0.0750169 -2.64146
14.29 -2.32945 0.0702379 -2.39969
14.3 -2.04696 0.0647916 -2.11175
14.31 -1.72386 0.0592274 -1.78309
14.32 -1.36503 0.0546961 -1.41973
14.33 -0.97619 0.0519993 -1.02819
14.34 -0.565979 0.0494073 -0.615386
14.35 -0.141224 0.0472817 -0.188506
14.36 0.291037 0.0459401 0.245097
14.37 0.722827 0.0448096 0.678017
14.38 1.14655 0.043624 1.10293
14.39 1.55531 0.0426146 1.5127
14.4 1.94227 0.0417378 1.90053
14.41 2.29885 0.0387415 2.26011
14.42 2.62116 0.0354675 2.58569
14.43 2.90445 0.0321772 2.87227
14.44 3.14464 0.028967 3.11567
14.45 3.33491 0.0222586 3.31265
14.46 3.47679 0.0158086 3.46098
14.47 3.56941 0.00990149 3.55951
14.48 3.61289 0.00471129 3.60818
14.49 3.60483 -0.0032071 3.60804
14.5 3.55122 -0.00997333 3.56119
14.51 3.45541 -0.0153439 3.47075
14.52 3.32133 -0.0193926 3.34072
14.53 3.15159 -0.0242804 3.17587
14.54 2.95389 -0.027691 2.98158
14.55 2.73402 -0.0296549 2.76367
14.56 2.49757 -0.0306503 2.52822
14.57 2.24984 -0.031498 2.28134
14.58 1.99728 -0.0317276 2.02901
14.59 1.74503 -0.0318537 1.77688
14.6 1.49753 -0.0325996 1.53013
14.61 1.25942 -0.0338549 1.29327
14.62 1.03388 -0.0362238 1.0701
14.63 0.822998 -0.0405794 0.863577
14.64 0.62838 -0.0474136 0.675794
14.65 0.451819 -0.0561649 0.507984
14.66 0.293077 -0.0674713 0.360548
14.67 0.151117 -0.0820055 0.233122
14.68 0.0249385 -0.0997362 0.124675
14.69 -0.0862738 -0.1199 0.0336258
14.7 -0.184565 -0.14255 -0.0420152
14.71 -0.272279 -0.167772 -0.104507
14.72 -0.351254 -0.19502 -0.156234
14.73 -0.423051 -0.223487 -0.199564
14.74 -0.489438 -0.252703 -0.236735
14.75 -0.551993 -0.282246 -0.269747
14.76 -0.611718 -0.311433 -0.300285
14.77 -0.669263 -0.339589 -0.329674
14.78 -0.725015 -0.366158 -0.358857
14.79 -0.779128 -0.390726 -0.388402
14.8 -0.831439 -0.412904 -0.418535
14.81 -0.881558 -0.43236 -0.449198
14.82 -0.928925 -0.448809 -0.480116
14.83 -0.973214 -0.462331 -0.510883
14.84 -1.01405 -0.473004 -0.541046
14.85 -1.05108 -0.480896 -0.570184
14.86 -1.08408 -0.486096 -0.597984
14.87 -1.11346 -0.489163 -0.624297
14.88 -1.13961 -0.490435 -0.649175
14.89 -1.16309 -0.490202 -0.672888
14.9 -1.18473 -0.488821 -0.695909
14.91 -1.20565 -0.486763 -0.718887
14.92 -1.22687 -0.484283 -0.742587
14.93 -1.24939 -0.481575 -0.767815
14.94 -1.27431 -0.478982 -0.795328
14.95 -1.30215 -0.476411 -0.825739
14.96 -1.3332 -0.473784 -0.859416
14.97 -1.36739 -0.471004 -0.896386
14.98 -1.40428 -0.468024 -0.936256
14.99 -1.44244 -0.464297 -0.978143
15 -1.48019 -0.459553 -1.02064
15.01 -1.51532 -0.453534 -1.06179
15.02 -1.54449 -0.445376 -1.09911
15.03 -1.56457 -0.434903 -1.12967
15.04 -1.5721 -0.422005 -1.1501
15.05 -1.56338 -0.40662 -1.15676
15.06 -1.53296 -0.387093 -1.14587
15.07 -1.4779 -0.364281 -1.11362
15.08 -1.39508 -0.338701 -1.05638
15.09 -1.28151 -0.310664 -0.970846
15.1 -1.13257 -0.278349 -0.854221
15.11 -0.947887 -0.243522 -0.704365
15.12 -0.727403 -0.207454 -0.519949
15.13 -0.4713 -0.170737 -0.300563
15.14 -0.17893 -0.132118 -0.0468116
15.15 0.146076 -0.093559 0.239635
15.16 0.499464 -0.0565592 0.556023
15.17 0.876954 -0.0215848 0.898539
15.18 1.27402 0.0116521 1.26237
15.19 1.68356 0.0417645 1.6418
15.2 2.09836 0.0680218 2.03034
15.21 2.51142 0.0905137 2.42091
15.22 2.91472 0.10873 2.80599
15.23 3.29998 0.122119 3.17786
15.24 3.66041 0.13162 3.52879
15.25 3.98926 0.138002 3.85126
15.26 4.27862 0.140448 4.13817
15.27 4.52188 0.138816 4.38306
15.28 4.71618 0.135905 4.58027
15.29 4.8579 0.132792 4.72511
15.3 4.94267 0.128704 4.81397
15.31 4.96769 0.123247 4.84444
15.32 4.93561 0.120221 4.81539
15.33 4.84728 0.12034 4.72694
15.34 4.70337 0.122867 4.5805
15.35 4.50548 0.126766 4.37871
15.36 4.26069 0.13533 4.12536
15.37 3.97368 0.148409 3.82527
15.38 3.6492 0.165016 3.48418
15.39 3.29235 0.18376 3.10859
15.4 2.91172 0.206164 2.70556
15.41 2.51368 0.231134 2.28255
15.42 2.10461 0.257384 1.84723
15.43 1.69129 0.284015 1.40727
15.44 1.28056 0.310363 0.970197
15.45 0.878127 0.334979 0.543148
15.46 0.489332 0.356563 0.132769
15.47 0.120699 0.375653 -0.254954
15.48 -0.224811 0.390002 -0.614813
15.49 -0.543866 0.39861 -0.942476
15.5 -0.833796 0.400759 -1.23455
15.51 -1.09002 0.398631 -1.48865
15.52 -1.31368 0.389688 -1.70337
15.53 -1.50444 0.373861 -1.8783
15.54 -1.66249 0.351506 -2.014
15.55 -1.78646 0.325427 -2.11189
15.56 -1.88001 0.294204 -2.17421
15.57 -1.94541 0.258506 -2.20392
15.58 -1.98507 0.21945 -2.20452
15.59 -2.00045 0.179556 -2.18001
15.6 -1.99613 0.138551 -2.13468
15.61 -1.9757 0.0973403 -2.07304
15.62 -1.9425 0.0571335 -1.99963
15.63 -1.89959 0.0193502 -1.91894
15.64 -1.85102 -0.0157677 -1.83525
15.65 -1.80013 -0.0475599 -1.75257
15.66 -1.74989 -0.0753761 -1.67451
15.67 -1.70332 -0.0990671 -1.60425
15.68 -1.663 -0.118548 -1.54445
15.69 -1.63079 -0.133554 -1.49724
15.7 -1.60828 -0.144103 -1.46418
15.71 -1.59721 -0.150917 -1.44629
15.72 -1.59827 -0.154206 -1.44406
15.73 -1.61136 -0.153895 -1.45747
15.74 -1.63636 -0.150349 -1.48601
15.75 -1.67321 -0.144408 -1.5288
15.76 -1.72092 -0.136333 -1.58459
15.77 -1.77781 -0.125988 -1.65182
15.78 -1.84242 -0.113685 -1.72873
15.79 -1.91321 -0.0998248 -1.81339
15.8 -1.98816 -0.0844334 -1.90373
15.81 -2.06502 -0.0673611 -1.99766
15.82 -2.14183 -0.0487511 -2.09308
15.83 -2.21648 -0.028556 -2.18792
15.84 -2.28674 -0.00653016 -2.28021
15.85 -2.35093 0.0171322 -2.36806
15.86 -2.40745 0.0422926 -2.44974
15.87 -2.45464 0.0690303 -2.52367
15.88 -2.49075 0.0976885 -2.58844
15.89 -2.51542 0.127409 -2.64283
15.9 -2.52796 0.157861 -2.68582
15.91 -2.52775 0.188854 -2.7166
15.92 -2.51399 0.220591 -2.73458
15.93 -2.48763 0.251746 -2.73938
15.94 -2.44904 0.2818 -2.73084
15.95 -2.3987 0.310349 -2.70905
15.96 -2.33677 0.33754 -2.67431
15.97 -2.26509 0.362066 -2.62716
15.98 -2.18476 0.383579 -2.56834
15.99 -2.09699 0.401833 -2.49882
16 -2.00276 0.417009 -2.41977
16.01 -1.90405 0.428463 -2.33251
16.02 -1.80226 0.436284 -2.23854
16.03 -1.69881 0.44066 -2.13947
16.04 -1.5952 0.441785 -2.03698
16.05 -1.49293 0.439893 -1.93282
16.06 -1.39327 0.435451 -1.82872
16.07 -1.29741 0.428951 -1.72636
16.08 -1.20687 0.42046 -1.62733
16.09 -1.1224 0.410663 -1.53306
16.1 -1.04473 0.40007 -1.4448
16.11 -0.974471 0.389069 -1.36354
16.12 -0.912612 0.377389 -1.29
16.13 -0.859011 0.365578 -1.22459
16.14 -0.813514 0.353857 -1.16737
16.15 -0.775876 0.342184 -1.11806
16.16 -0.745995 0.330018 -1.07601
16.17 -0.722754 0.317475 -1.04023
16.18 -0.704936 0.304434 -1.00937
16.19 -0.691255 0.290531 -0.981786
16.2 -0.680217 0.275332 -0.955549
16.21 -0.669754 0.258747 -0.928501
16.22 -0.657791 0.240517 -0.898308
16.23 -0.642174 0.220346 -0.86252
16.24 -0.620234 0.198405 -0.818639
16.25 -0.589342 0.174848 -0.76419
16.26 -0.547355 0.149442 -0.696797
16.27 -0.491977 0.122282 -0.614259
16.28 -0.420345 0.0942763 -0.514621
16.29 -0.330186 0.066068 -0.396254
16.3 -0.220573 0.0373446 -0.257918
16.31 -0.090279 0.00854897 -0.098828
16.32 0.0621931 -0.0190945 0.0812876
16.33 0.237449 -0.0446945 0.282144
16.34 0.433989 -0.06887 0.502859
16.35 0.650761 -0.0911738 0.741935
16.36 0.886501 -0.110742 0.997243
16.37 1.13896 -0.127071 1.26603
16.38 1.40394 -0.141008 1.54495
16.39 1.6777 -0.152379 1.83008
16.4 1.95594 -0.161067 2.11701
16.41 2.23323 -0.167658 2.40089
16.42 2.50403 -0.172513 2.67654
16.43 2.76286 -0.175713 2.93857
16.44 3.00382 -0.177663 3.18148
16.45 3.21942 -0.180401 3.39982
16.46 3.4055 -0.18283 3.58833
16.47 3.55712 -0.184981 3.7421
16.48 3.66955 -0.18718 3.85673
16.49 3.73574 -0.192737 3.92848
16.5 3.75585 -0.198555 3.95441
16.51 3.72806 -0.204461 3.93252
16.52 3.65155 -0.21033 3.86188
16.53 3.52285 -0.219831 3.74268
16.54 3.34767 -0.228655 3.57633
16.55 3.12891 -0.236528 3.36544
16.56 2.87052 -0.243345 3.11386
16.57 2.57551 -0.251108 2.82662
16.58 2.25298 -0.256812 2.50979
16.59 1.91016 -0.260274 2.17043
16.6 1.55466 -0.261726 1.81639
16.61 1.19497 -0.261114 1.45608
16.62 0.840617 -0.257721 1.09834
16.63 0.500013 -0.252077 0.75209
16.64 0.181303 -0.244848 0.426151
16.65 -0.105397 -0.234338 0.128941
16.66 -0.353604 -0.221835 -0.131769
16.67 -0.557915 -0.208804 -0.349111
16.68 -0.713386 -0.196046 -0.51734
16.69 -0.813139 -0.181105 -0.632034
16.7 -0.856245 -0.165992 -0.690253
16.71 -0.843381 -0.152725 -0.690656
16.72 -0.775276 -0.14171 -0.633566
16.73 -0.651655 -0.130662 -0.520993
16.74 -0.477686 -0.121096 -0.35659
16.75 -0.260261 -0.114694 -0.145567
16.76 -0.00570446 -0.111147 0.105443
16.77 0.279527 -0.10905 0.388577
16.78 0.585872 -0.109091 0.694963
16.79 0.903275 -0.1117 1.01497
16.8 1.2225 -0.116019 1.33852
16.81 1.53351 -0.121821 1.65533
16.82 1.82568 -0.129595 1.95527
16.83 2.09061 -0.138037 2.22865
16.84 2.32021 -0.146247 2.46646
16.85 2.50569 -0.155005 2.6607
16.86 2.63911 -0.165448 2.80456
16.87 2.71792 -0.174726 2.89265
16.88 2.73876 -0.182355 2.92111
16.89 2.69819 -0.189588 2.88778
16.9 2.59378 -0.198382 2.79216
16.91 2.43038 -0.205129 2.63551
16.92 2.21079 -0.209939 2.42073
16.93 1.93839 -0.213923 2.15231
16.94 1.61723 -0.218959 1.83619
16.95 1.25756 -0.221993 1.47955
16.96 0.867147 -0.223507 1.09065
16.97 0.454346 -0.224217 0.678563
16.98 0.0284964 -0.224422 0.252918
16.99 -0.399403 -0.223061 -0.176342
17 -0.819968 -0.220721 -0.599247
17.01 -1.2239 -0.217834 -1.00607
17.02 -1.59971 -0.212151 -1.38756
17.03 -1.94072 -0.205499 -1.73522
17.04 -2.23992 -0.19842 -2.0415
17.05 -2.49131 -0.191327 -2.29998
17.06 -2.68555 -0.179996 -2.50555
17.07 -2.82313 -0.168615 -2.65452
17.08 -2.90241 -0.157741 -2.74467
17.09 -2.92299 -0.147631 -2.77536
17.1 -2.8819 -0.134431 -2.74747
17.11 -2.78577 -0.122385 -2.66339
17.12 -2.6391 -0.112187 -2.52691
17.13 -2.44703 -0.103867 -2.34316
17.14 -2.21369 -0.0952935 -2.1184
17.15 -1.94901 -0.0891642 -1.85985
17.16 -1.66136 -0.085853 -1.57551
17.17 -1.3589 -0.0849876 -1.27391
17.18 -1.05024 -0.0863498 -0.96389
17.19 -0.744882 -0.0905661 -0.654316
17.2 -0.450913 -0.0970499 -0.353863
17.21 -0.17577 -0.105009 -0.0707609
17.22 0.0720288 -0.115407 0.187436
17.23 0.286671 -0.127387 0.414058
17.24 0.464298 -0.139206 0.603504
17.25 0.601455 -0.149942 0.751397
17.26 0.693806 -0.16089 0.854696
17.27 0.740989 -0.170792 0.911781
17.28 0.74508 -0.177402 0.922482
17.29 0.707885 -0.180187 0.888072
17.3 0.630967 -0.18025 0.811217
17.31 0.519052 -0.176827 0.695879
17.32 0.378844 -0.168342 0.547186
17.33 0.216187 -0.15507 0.371257
17.34 0.0371993 -0.137812 0.175011
17.35 -0.15049 -0.116427 -0.0340628
17.36 -0.339165 -0.0910245 -0.248141
17.37 -0.521948 -0.0626339 -0.459314
17.38 -0.691657 -0.0318163 -0.659841
17.39 -0.840875 0.00151023 -0.842385
17.4 -0.964875 0.0353739 -1.00025
17.41 -1.05904 0.068535 -1.12758
17.42 -1.11885 0.100676 -1.21953
17.43 -1.13996 0.132469 -1.27243
17.44 -1.12299 0.160888 -1.28388
17.45 -1.06764 0.185158 -1.2528
17.46 -0.974117 0.205351 -1.17947
17.47 -0.84276 0.222738 -1.0655
17.48 -0.679151 0.234612 -0.913763
17.49 -0.487234 0.241069 -0.728303
17.5 -0.271549 0.242634 -0.514183
17.51 -0.0369314 0.240398 -0.277329
17.52 0.208928 0.233262 -0.024334
17.53 0.459814 0.222064 0.23775
17.54 0.709369 0.207742 0.501627
17.55 0.950044 0.190061 0.759983
17.56 1.17588 0.170184 1.0057
17.57 1.38125 0.1492 1.23205
17.58 1.56106 0.128146 1.43291
17.59 1.70816 0.105245 1.60291
17.6 1.82085 0.0832795 1.73757
17.61 1.89665 0.0632498 1.8334
17.62 1.93381 0.045813 1.888
17.63 1.92874 0.0286725 1.90007
17.64 1.88412 0.0146831 1.86944
17.65 1.80167 0.00464937 1.79702
17.66 1.68348 -0.0012841 1.68476
17.67 1.5306 -0.0049545 1.53555
17.68 1.34865 -0.00445776 1.35311
17.69 1.14245 0.000614534 1.14184
17.7 0.916679 0.00998241 0.906697
17.71 0.675785 0.0227457 0.653039
17.72 0.426009 0.0395705 0.386439
17.73 0.172772 0.0602383 0.112534
17.74 -0.0789977 0.0841292 -0.163127
17.75 -0.324055 0.111176 -0.435231
17.76 -0.55777 0.141065 -0.698835
17.77 -0.77668 0.172791 -0.949471
17.78 -0.977689 0.205555 -1.18324
17.79 -1.15729 0.239605 -1.3969
17.8 -1.31366 0.274188 -1.58785
17.81 -1.44654 0.307687 -1.75423
17.82 -1.55552 0.339332 -1.89485
17.83 -1.63993 0.369282 -2.00921
17.84 -1.70057 0.396852 -2.09742
17.85 -1.73978 0.420375 -2.16016
17.86 -1.75922 0.439348 -2.19857
17.87 -1.76035 0.453861 -2.21421
17.88 -1.74534 0.463602 -2.20894
17.89 -1.71732 0.467504 -2.18482
17.9 -1.6785 0.465538 -2.14404
17.91 -1.63086 0.457935 -2.08879
17.92 -1.5764 0.444858 -2.02126
17.93 -1.51731 0.426169 -1.94348
17.94 -1.45504 0.402302 -1.85734
17.95 -1.39075 0.37378 -1.76453
17.96 -1.32538 0.341119 -1.6665
17.97 -1.25959 0.304886 -1.56448
17.98 -1.1937 0.26576 -1.45946
17.99 -1.12784 0.224406 -1.35225
18 -1.06191 0.181539 -1.24345
18.01 -0.995737 0.137809 -1.13355
18.02 -0.929055 0.0938558 -1.02291
18.03 -0.861601 0.0502601 -0.911861
18.04 -0.793054 0.00764156 -0.800696
18.05 -0.723329 -0.0335965 -0.689733
18.06 -0.652387 -0.0730473 -0.57934
18.07 -0.580299 -0.110342 -0.469957
18.08 -0.507214 -0.145104 -0.36211
18.09 -0.433576 -0.177162 -0.256414
18.1 -0.359836 -0.206266 -0.15357
18.11 -0.286527 -0.232176 -0.0543506
18.12 -0.214378 -0.254796 0.0404179
18.13 -0.144012 -0.273895 0.129883
18.14 -0.0760507 -0.289241 0.21319
18.15 -0.0110994 -0.300614 0.289515
18.16 0.0499966 -0.308089 0.358085
18.17 0.106899 -0.311308 0.418207
18.18 0.15925 -0.310032 0.469282
18.19 0.206711 -0.304106 0.510817
18.2 0.248672 -0.293761 0.542433
18.21 0.285113 -0.278747 0.56386
18.22 0.315949 -0.258983 0.574932
18.23 0.341001 -0.234574 0.575575
18.24 0.359728 -0.206067 0.565795
18.25 0.372052 -0.173611 0.545663
18.26 0.37784 -0.137463 0.515303
18.27 0.376762 -0.0981265 0.474889
18.28 0.368062 -0.0565749 0.424637
18.29 0.351402 -0.0134197 0.364822
18.3 0.326618 0.0308309 0.295787
18.31 0.293363 0.0753886 0.217974
18.32 0.251011 0.119055 0.131956
18.33 0.199527 0.161049 0.0384775
18.34 0.139447 0.200947 -0.0614998
18.35 0.0712639 0.238014 -0.16675
18.36 -0.00440196 0.271342 -0.275744
18.37 -0.0861292 0.300479 -0.386608
18.38 -0.171797 0.325312 -0.497109
18.39 -0.259177 0.345465 -0.604642
18.4 -0.345473 0.360774 -0.706247
18.41 -0.427067 0.371579 -0.798646
18.42 -0.5005 0.377801 -0.878301
18.43 -0.56205 0.379461 -0.941511
18.44 -0.607393 0.377123 -0.984516
18.45 -0.631533 0.372102 -1.00364
18.46 -0.631755 0.363665 -0.99542
18.47 -0.604805 0.352014 -0.956819
18.48 -0.547382 0.337966 -0.885348
18.49 -0.455752 0.323503 -0.779255
18.5 -0.330848 0.306832 -0.63768
18.51 -0.17265 0.288137 -0.460787
18.52 0.0181349 0.268006 -0.249871
18.53 0.240772 0.248201 -0.00742891
18.54 0.489332 0.226514 0.262818
18.55 0.759096 0.203153 0.555943
18.56 1.04438 0.178487 0.865893
18.57 1.33839 0.152781 1.18561
18.58 1.63232 0.125111 1.50721
18.59 1.91815 0.0959485 1.8222
18.6 2.18763 0.0658754 2.12175
18.61 2.42975 0.0327704 2.39698
18.62 2.63778 -0.00146224 2.63924
18.63 2.80457 -0.0359063 2.84048
18.64 2.92373 -0.0697617 2.99349
18.65 2.98578 -0.106481 3.09226
18.66 2.99004 -0.142134 3.13217
18.67 2.93489 -0.175355 3.11025
18.68 2.81986 -0.205408 3.02527
18.69 2.64242 -0.235482 2.8779
18.7 2.409 -0.261699 2.6707
18.71 2.12529 -0.282758 2.40805
18.72 1.79749 -0.298567 2.09606
18.73 1.43145 -0.310918 1.74237
18.74 1.03822 -0.317694 1.35591
18.75 0.627956 -0.318661 0.946617
18.76 0.210433 -0.31463 0.525063
18.77 -0.20368 -0.305824 0.102144
18.78 -0.60356 -0.292249 -0.311311
18.79 -0.980242 -0.275349 -0.704893
18.8 -1.32547 -0.256516 -1.06895
18.81 -1.62985 -0.234936 -1.39491
18.82 -1.88723 -0.211708 -1.67552
18.83 -2.09469 -0.189628 -1.90506
18.84 -2.24943 -0.169938 -2.07949
18.85 -2.34789 -0.151361 -2.19653
18.86 -2.39043 -0.13478 -2.25565
18.87 -2.38119 -0.123149 -2.25804
18.88 -2.32328 -0.116805 -2.20647
18.89 -2.2196 -0.114455 -2.10514
18.9 -2.07558 -0.116135 -1.95945
18.91 -1.8993 -0.123574 -1.77573
18.92 -1.69714 -0.136119 -1.56102
18.93 -1.47538 -0.152613 -1.32277
18.94 -1.24113 -0.172596 -1.06853
18.95 -1.00174 -0.195982 -0.805758
18.96 -0.763097 -0.22159 -0.541507
18.97 -0.530797 -0.248522 -0.282275
18.98 -0.310446 -0.276628 -0.0338183
18.99 -0.105404 -0.304373 0.198969
19 0.0813944 -0.330738 0.412132
19.01 0.247469 -0.355224 0.602693
19.02 0.390258 -0.378384 0.768642
19.03 0.510695 -0.398201 0.908896
19.04 0.608999 -0.414224 1.02322
19.05 0.685781 -0.426363 1.11214
19.06 0.741202 -0.435616 1.17682
19.07 0.778573 -0.44034 1.21891
19.08 0.799893 -0.440587 1.24048
19.09 0.807302 -0.436522 1.24382
19.1 0.802392 -0.428996 1.23139
19.11 0.788523 -0.417123 1.20565
19.12 0.767856 -0.40116 1.16902
19.13 0.74242 -0.381363 1.12378
19.14 0.714008 -0.358039 1.07205
19.15 0.684581 -0.331105 1.01569
19.16 0.655489 -0.300839 0.956328
19.17 0.627816 -0.267532 0.895348
19.18 0.6026 -0.231263 0.833863
19.19 0.58027 -0.192477 0.772747
19.2 0.561026 -0.151614 0.71264
19.21 0.544846 -0.109127 0.653973
19.22 0.531613 -0.0653723 0.596985
19.23 0.520615 -0.0211287 0.541744
19.24 0.511064 0.0228962 0.488168
19.25 0.502056 0.0660064 0.43605
19.26 0.492441 0.107365 0.385076
19.27 0.48094 0.146087 0.334853
19.28 0.466364 0.181434 0.28493
19.29 0.447517 0.212684 0.234833
19.3 0.422925 0.238832 0.184093
19.31 0.391584 0.259299 0.132285
19.32 0.352887 0.27382 0.0790674
19.33 0.306319 0.282094 0.0242249
19.34 0.251312 0.283601 -0.0322888
19.35 0.188168 0.278477 -0.0903088
19.36 0.117848 0.26727 -0.149422
19.37 0.0414401 0.250379 -0.208939
19.38 -0.0396344 0.228238 -0.267872
19.39 -0.123112 0.20182 -0.324932
19.4 -0.206369 0.17217 -0.378539
19.41 -0.286672 0.140181 -0.426853
19.42 -0.360745 0.107078 -0.467823
19.43 -0.424881 0.0743751 -0.499256
19.44 -0.476237 0.0426688 -0.518906
19.45 -0.511819 0.0127574 -0.524576
19.46 -0.528342 -0.0141032 -0.514239
19.47 -0.522592 -0.036437 -0.486155
19.48 -0.493956 -0.0549529 -0.439003
19.49 -0.441457 -0.0694594 -0.371998
19.5 -0.364423 -0.079425 -0.284998
19.51 -0.262649 -0.0840517 -0.178597
19.52 -0.139401 -0.0852146 -0.0541864
19.53 0.00268642 -0.0833283 0.0860147
19.54 0.160279 -0.0786807 0.23896
19.55 0.329147 -0.0716725 0.40082
19.56 0.503096 -0.0639685 0.567064
19.57 0.67653 -0.0560567 0.732587
19.58 0.843453 -0.0484054 0.891858
19.59 0.996288 -0.0428337 1.03912
19.6 1.12957 -0.0390337 1.1686
19.61 1.23777 -0.0369766 1.27475
19.62 1.31591 -0.0365355 1.35245
19.63 1.35664 -0.0406414 1.39728
19.64 1.35944 -0.0462997 1.40574
19.65 1.3225 -0.0529027 1.3754
19.66 1.24525 -0.0598568 1.30511
19.67 1.12564 -0.0694156 1.19506
19.68 0.968946 -0.0779348 1.04688
19.69 0.779154 -0.0844946 0.863649
19.7 0.561187 -0.0886192 0.649806
19.71 0.32011 -0.0909607 0.411071
19.72 0.064943 -0.089319 0.154262
19.73 -0.196297 -0.0833831 -0.112914
19.74 -0.455503 -0.0733783 -0.382125
19.75 -0.703177 -0.0584733 -0.644704
19.76 -0.93077 -0.038807 -0.891963
19.77 -1.13097 -0.0154543 -1.11552
19.78 -1.29698 0.0106133 -1.30759
19.79 -1.42041 0.0409356 -1.46135
19.8 -1.49739 0.0737206 -1.57111
19.81 -1.52599 0.106653 -1.63264
19.82 -1.50467 0.138624 -1.64329
19.83 -1.43105 0.171075 -1.60212
19.84 -1.30789 0.20208 -1.50997
19.85 -1.14023 0.229194 -1.36942
19.86 -0.932773 0.251989 -1.18476
19.87 -0.690367 0.271439 -0.961806
19.88 -0.421266 0.286463 -0.707729
19.89 -0.134784 0.296024 -0.430808
19.9 0.160573 0.300712 -0.140139
19.91 0.455648 0.300976 0.154672
19.92 0.740345 0.296501 0.443844
19.93 1.00621 0.288461 0.717749
19.94 1.24535 0.278115 0.967235
19.95 1.44938 0.265448 1.18393
19.96 1.61054 0.250017 1.36052
19.97 1.72582 0.234853 1.49097
19.98 1.79173 0.221046 1.57068
19.99 1.80483 0.20815 1.59668
20 1.76254 0.194929 1.56761
20.01 1.66875 0.184957 1.48379
20.02 1.52561 0.178457 1.34715
20.03 1.33573 0.174606 1.16112
20.04 1.10219 0.1717 0.93049
20.05 0.833497 0.172303 0.661194
20.06 0.535844 0.175734 0.36011
20.07 0.215763 0.180976 0.0347869
20.08 -0.119847 0.18697 -0.306817
20.09 -0.462289 0.194312 -0.656601
20.1 -0.804635 0.201958 -1.00659
20.11 -1.14022 0.208973 -1.34919
20.12 -1.46137 0.216028 -1.6774
20.13 -1.76329 0.22171 -1.985
20.14 -2.04147 0.225268 -2.26674
20.15 -2.29222 0.226191 -2.51841
20.16 -2.51022 0.22673 -2.73695
20.17 -2.69597 0.224473 -2.92044
20.18 -2.84887 0.219239 -3.06811
20.19 -2.96913 0.21111 -3.18024
20.2 -3.05557 0.202529 -3.2581
20.21 -3.1122 0.191583 -3.30378
20.22 -3.14169 0.178377 -3.32007
20.23 -3.14684 0.163381 -3.31022
20.24 -3.12956 0.148261 -3.27782
20.25 -3.09447 0.132083 -3.22655
20.26 -3.04501 0.115018 -3.16003
20.27 -2.98407 0.097532 -3.0816
20.28 -2.91385 0.0803713 -2.99422
20.29 -2.83698 0.0633136 -2.90029
20.3 -2.75509 0.0464983 -2.80159
20.31 -2.66902 0.0301532 -2.69917
20.32 -2.57879 0.0145983 -2.59339
20.33 -2.48396 -0.000101574 -2.48386
20.34 -2.3835 -0.0139579 -2.36954
20.35 -2.27581 -0.0269938 -2.24882
20.36 -2.15831 -0.0387185 -2.11959
20.37 -2.02845 -0.0489958 -1.97945
20.38 -1.88408 -0.0582536 -1.82583
20.39 -1.72273 -0.0665897 -1.65614
20.4 -1.54126 -0.0732444 -1.46802
20.41 -1.3375 -0.0780659 -1.25943
20.42 -1.11091 -0.0820065 -1.0289
20.43 -0.860785 -0.0851841 -0.775601
20.44 -0.586382 -0.0868901 -0.499492
20.45 -0.28846 -0.0870431 -0.201417
20.46 0.0299432 -0.0869149 0.116858
20.47 0.366061 -0.0865687 0.45263
20.48 0.716567 -0.0857198 0.802287
20.49 1.07669 -0.0846899 1.16138
20.5 1.44046 -0.0842683 1.52473
20.51 1.80221 -0.0843528 1.88656
20.52 2.15559 -0.085107 2.2407
20.53 2.49307 -0.0876512 2.58072
20.54 2.80896 -0.0912519 2.90021
20.55 3.09741 -0.095538 3.19295
20.56 3.35241 -0.100715 3.45312
20.57 3.56671 -0.108849 3.67556
20.58 3.73871 -0.117162 3.85587
20.59 3.86559 -0.125059 3.99065
20.6 3.94514 -0.132428 4.07757
20.61 3.97364 -0.141842 4.11548
20.62 3.9553 -0.149172 4.10447
20.63 3.89199 -0.153854 4.04584
20.64 3.78654 -0.15555 3.94209
20.65 3.64032 -0.156486 3.79681
20.66 3.46165 -0.152921 3.61457
20.67 3.25603 -0.144758 3.40079
20.68 3.02943 -0.132075 3.1615
20.69 2.78758 -0.115628 2.90321
20.7 2.53845 -0.0941576 2.63261
20.71 2.28821 -0.0682092 2.35642
20.72 2.04261 -0.0385355 2.08115
20.73 1.80801 -0.00486479 1.81287
20.74 1.58873 0.0316327 1.5571
20.75 1.38821 0.0696621 1.31855
20.76 1.20914 0.108059 1.10108
20.77 1.05485 0.147271 0.907579
20.78 0.924977 0.185074 0.739903
20.79 0.818782 0.219908 0.598874
20.8 0.735082 0.250779 0.484303
20.81 0.672943 0.277897 0.395046
20.82 0.62866 0.299561 0.329099
20.83 0.598504 0.314785 0.283719
20.84 0.5789 0.32334 0.25556
20.85 0.566177 0.325338 0.240839
20.86 0.555864 0.320369 0.235495
20.87 0.54406 0.308696 0.235364
20.88 0.52732 0.290981 0.236339
20.89 0.502044 0.267515 0.234529
20.9 0.465367 0.238972 0.226395
20.91 0.415625 0.206756 0.208869
20.92 0.351423 0.171977 0.179446
20.93 0.271359 0.135105 0.136254
20.94 0.175198 0.0971098 0.0780882
20.95 0.0640987 0.0596726 0.0044261
20.96 -0.0609512 0.0236436 -0.0845948
20.97 -0.198872 -0.0106532 -0.188219
20.98 -0.3478 -0.0426617 -0.305138
20.99 -0.505014 -0.0714335 -0.43358
21 -0.66828 -0.0968735 -0.571407
21.01 -0.835335 -0.119112 -0.716223
21.02 -1.00368 -0.138185 -0.865495
21.03 -1.17102 -0.154358 -1.01666
21.04 -1.33545 -0.168202 -1.16725
21.05 -1.49522 -0.180263 -1.31496
21.06 -1.64864 -0.190881 -1.45776
21.07 -1.79506 -0.201104 -1.59396
21.08 -1.93389 -0.211665 -1.72222
21.09 -2.06477 -0.223127 -1.84164
21.1 -2.18728 -0.235591 -1.95169
21.11 -2.30227 -0.250059 -2.05221
21.12 -2.41021 -0.266819 -2.14339
21.13 -2.51161 -0.285937 -2.22567
21.14 -2.6067 -0.307014 -2.29969
21.15 -2.69645 -0.330301 -2.36615
21.16 -2.78118 -0.355408 -2.42577
21.17 -2.86098 -0.381826 -2.47915
21.18 -2.93517 -0.408486 -2.52668
21.19 -3.00347 -0.435017 -2.56845
21.2 -3.06483 -0.460652 -2.60418
21.21 -3.11779 -0.48464 -2.63315
21.22 -3.1595 -0.505302 -2.6542
21.23 -3.18812 -0.522432 -2.66569
21.24 -3.20105 -0.535505 -2.66555
21.25 -3.19539 -0.544084 -2.65131
21.26 -3.16632 -0.546118 -2.6202
21.27 -3.1116 -0.542331 -2.56927
21.28 -3.02851 -0.533031 -2.49548
21.29 -2.91431 -0.518421 -2.39589
21.3 -2.76439 -0.496587 -2.2678
21.31 -2.57819 -0.469246 -2.10894
21.32 -2.35533 -0.437716 -1.91761
21.33 -2.09555 -0.402697 -1.69285
21.34 -1.79756 -0.362987 -1.43457
21.35 -1.46435 -0.320683 -1.14367
21.36 -1.0997 -0.277612 -0.822088
21.37 -0.707394 -0.234506 -0.472888
21.38 -0.291403 -0.191195 -0.100208
21.39 0.141354 -0.149413 0.290767
21.4 0.583502 -0.110406 0.693908
21.41 1.02782 -0.074463 1.10228
21.42 1.46602 -0.0423191 1.50834
21.43 1.88907 -0.0150505 1.90412
21.44 2.28931 0.00779575 2.28151
21.45 2.65911 0.0265944 2.63252
21.46 2.98969 0.0401891 2.9495
21.47 3.27343 0.0479312 3.2255
21.48 3.50682 0.0523722 3.45445
21.49 3.68576 0.0543319 3.63143
21.5 3.80567 0.0528113 3.75286
21.51 3.86383 0.0471798 3.81665
21.52 3.86363 0.041325 3.8223
21.53 3.80697 0.0360099 3.77096
21.54 3.69597 0.0305997 3.66537
21.55 3.53432 0.024491 3.50983
21.56 3.33121 0.0211779 3.31003
21.57 3.09368 0.0207939 3.07289
21.58 2.82922 0.0229489 2.80627
21.59 2.54627 0.0275046 2.51877
21.6 2.25511 0.0357658 2.21934
21.61 1.96418 0.0471157 1.91706
21.62 1.68172 0.0609723 1.62075
21.63 1.41697 0.078293 1.33868
21.64 1.17576 0.0974442 1.07832
21.65 0.963433 0.117368 0.846065
21.66 0.784326 0.137261 0.647065
21.67 0.644168 0.159116 0.485052
21.68 0.541595 0.179326 0.362269
21.69 0.476501 0.197052 0.279449
21.7 0.447563 0.211719 0.235844
21.71 0.454613 0.225284 0.229329
21.72 0.491104 0.234558 0.256546
21.73 0.552465 0.239366 0.313099
21.74 0.633658 0.239875 0.393783
21.75 0.729827 0.236987 0.49284
21.76 0.833978 0.229755 0.604223
21.77 0.940618 0.218759 0.721859
21.78 1.04471 0.204803 0.839907
21.79 1.14095 0.187965 0.952985
21.8 1.22551 0.169142 1.05637
21.81 1.29563 0.149488 1.14614
21.82 1.34924 0.129926 1.21931
21.83 1.38404 0.11017 1.27387
21.84 1.40042 0.0916374 1.30878
21.85 1.39937 0.0753966 1.32397
21.86 1.38215 0.0619279 1.32022
21.87 1.3499 0.0508549 1.29905
21.88 1.30549 0.042951 1.26254
21.89 1.25177 0.0385654 1.2132
21.9 1.19125 0.0374915 1.15376
21.91 1.12623 0.0392855 1.08694
21.92 1.05915 0.0437965 1.01535
21.93 0.991831 0.0505683 0.941263
21.94 0.925468 0.0589673 0.866501
21.95 0.860813 0.0684672 0.792346
21.96 0.797915 0.0784527 0.719462
21.97 0.736117 0.0882404 0.647877
21.98 0.674345 0.0973511 0.576994
21.99 0.610979 0.105325 0.505654
22 0.543843 0.111621 0.432222
22.01 0.470904 0.116195 0.354709
22.02 0.390007 0.119097 0.27091
22.03 0.298728 0.120161 0.178567
22.04 0.19465 0.119121 0.0755287
22.05 0.0768608 0.116954 -0.0400931
22.06 -0.0556372 0.114135 -0.169772
22.07 -0.203629 0.110813 -0.314442
22.08 -0.367472 0.106924 -0.474396
22.09 -0.545289 0.103923 -0.649212
22.1 -0.735499 0.102229 -0.837728
22.11 -0.936029 0.102009 -1.03804
22.12 -1.14416 0.103375 -1.24754
22.13 -1.35586 0.107132 -1.46299
22.14 -1.56752 0.113147 -1.68067
22.15 -1.77521 0.121231 -1.89644
22.16 -1.97406 0.131915 -2.10598
22.17 -2.16051 0.144375 -2.30489
22.18 -2.33099 0.157922 -2.48891
22.19 -2.48222 0.171882 -2.6541
22.2 -2.6095 0.187467 -2.79697
22.21 -2.71236 0.202272 -2.91463
22.22 -2.78947 0.215485 -3.00496
22.23 -2.8402 0.226421 -3.06662
22.24 -2.86273 0.236464 -3.09919
22.25 -2.86001 0.243136 -3.10315
22.26 -2.83388 0.245951 -3.07983
22.27 -2.78668 0.244755 -3.03144
22.28 -2.72027 0.240621 -2.96089
22.29 -2.63942 0.232334 -2.87175
22.3 -2.54801 0.220051 -2.76806
22.31 -2.44981 0.204355 -2.65416
22.32 -2.34875 0.185812 -2.53456
22.33 -2.24901 0.164696 -2.41371
22.34 -2.15397 0.141868 -2.29584
22.35 -2.06656 0.118252 -2.18481
22.36 -1.98992 0.0940281 -2.08395
22.37 -1.92569 0.0702176 -1.99591
22.38 -1.87464 0.0479526 -1.92259
22.39 -1.83713 0.0279518 -1.86508
22.4 -1.81346 0.0101405 -1.8236
22.41 -1.80212 -0.00459387 -1.79753
22.42 -1.80097 -0.0155407 -1.78543
22.43 -1.80772 -0.0225715 -1.78515
22.44 -1.81974 -0.0258455 -1.79389
22.45 -1.83351 -0.0251299 -1.80838
22.46 -1.84554 -0.0205712 -1.82497
22.47 -1.85251 -0.0126731 -1.83984
22.48 -1.85071 -0.00156879 -1.84914
22.49 -1.83663 0.012555 -1.84918
22.5 -1.80799 0.0285858 -1.83658
22.51 -1.76259 0.0457778 -1.80837
22.52 -1.69809 0.0640926 -1.76218
22.53 -1.61296 0.0833443 -1.6963
22.54 -1.50778 0.101964 -1.60974
22.55 -1.38285 0.119424 -1.50227
22.56 -1.23862 0.135804 -1.37442
22.57 -1.0763 0.151148 -1.22745
22.58 -0.89908 0.164184 -1.06326
22.59 -0.709497 0.174861 -0.884358
22.6 -0.510288 0.183384 -0.693672
22.61 -0.304648 0.189828 -0.494476
22.62 -0.0963733 0.19385 -0.290223
22.63 0.111382 0.19579 -0.0844075
22.64 0.315515 0.19594 0.119575
22.65 0.512586 0.194028 0.318558
22.66 0.700461 0.190739 0.509722
22.67 0.877167 0.186485 0.690682
22.68 1.04107 0.181512 0.859558
22.69 1.19006 0.175045 1.01502
22.7 1.32457 0.168301 1.15627
22.71 1.4445 0.161427 1.28307
22.72 1.55014 0.154476 1.39566
22.73 1.64104 0.14634 1.4947
22.74 1.71922 0.138056 1.58116
22.75 1.78569 0.129424 1.65627
22.76 1.84148 0.120154 1.72133
22.77 1.88696 0.10929 1.77767
22.78 1.9237 0.0971832 1.82652
22.79 1.95241 0.0835215 1.86889
22.8 1.97348 0.0679454 1.90553
22.81 1.98652 0.0496423 1.93688
22.82 1.99171 0.0287235 1.96299
22.83 1.98867 0.00509453 1.98358
22.84 1.97672 -0.0213124 1.99803
22.85 1.95438 -0.0510923 2.00547
22.86 1.92101 -0.0838043 2.00481
22.87 1.87594 -0.118937 1.99488
22.88 1.81844 -0.156047 1.97449
22.89 1.74723 -0.195363 1.94259
22.9 1.66254 -0.235842 1.89838
22.91 1.565 -0.27638 1.84138
22.92 1.45538 -0.316168 1.77155
22.93 1.33452 -0.354828 1.68935
22.94 1.20467 -0.391118 1.59579
22.95 1.0686 -0.423831 1.49243
22.96 0.929123 -0.452253 1.38138
22.97 0.78959 -0.475616 1.26521
22.98 0.653959 -0.492943 1.1469
22.99 0.525834 -0.503892 1.02973
23 0.408766 -0.508327 0.917093
23.01 0.306781 -0.505627 0.812408
23.02 0.22346 -0.495456 0.718916
23.03 0.160569 -0.47896 0.639529
23.04 0.119909 -0.456771 0.57668
23.05 0.103267 -0.428918 0.532185
23.06 0.111373 -0.395757 0.50713
23.07 0.142204 -0.359588 0.501792
23.08 0.194117 -0.321479 0.515596
23.09 0.265015 -0.282098 0.547113
23.1 0.351761 -0.24234 0.594101
23.11 0.449279 -0.204306 0.653585
23.12 0.553158 -0.168816 0.721974
23.13 0.658639 -0.136582 0.795221
23.14 0.760187 -0.108807 0.868994
23.15 0.853021 -0.0858596 0.938881
23.16 0.932828 -0.0677604 1.00059
23.17 0.99558 -0.0545732 1.05015
23.18 1.03663 -0.0474999 1.08413
23.19 1.05509 -0.0446734 1.09976
23.2 1.04978 -0.045349 1.09513
23.21 1.02041 -0.0488239 1.06923
23.22 0.966239 -0.0558363 1.02208
23.23 0.891169 -0.0634817 0.954651
23.24 0.798067 -0.0708533 0.86892
23.25 0.69053 -0.077191 0.767721
23.26 0.572407 -0.0822309 0.654638
23.27 0.449562 -0.0842751 0.533837
23.28 0.32685 -0.0830197 0.40987
23.29 0.209044 -0.0784104 0.287454
23.3 0.101718 -0.0695329 0.171251
23.31 0.00863088 -0.057004 0.0656349
23.32 -0.0670993 -0.0415839 -0.0255154
23.33 -0.123071 -0.0240623 -0.0990087
23.34 -0.156362 -0.00386334 -0.152499
23.35 -0.167695 0.0169053 -0.1846
23.36 -0.158219 0.0367424 -0.194961
23.37 -0.129705 0.0545785 -0.184284
23.38 -0.0840973 0.0701949 -0.154292
23.39 -0.0260076 0.0816499 -0.107657
23.4 0.0399727 0.0878421 -0.0478694
23.41 0.109221 0.0882946 0.0209264
23.42 0.176517 0.0823924 0.0941246
23.43 0.236479 0.0696017 0.166877
23.44 0.284656 0.0503336 0.234322
23.45 0.31701 0.0251977 0.291812
23.46 0.329084 -0.00604696 0.335131
23.47 0.318264 -0.0424257 0.36069
23.48 0.283765 -0.0819271 0.365692
23.49 0.225092 -0.123168 0.34826
23.5 0.141845 -0.165672 0.307517
23.51 0.0358149 -0.207805 0.24362
23.52 -0.0894086 -0.247157 0.157748
23.53 -0.23047 -0.28251 0.05204
23.54 -0.383619 -0.313108 -0.0705108
23.55 -0.543858 -0.337659 -0.206199
23.56 -0.705859 -0.355079 -0.35078
23.57 -0.864842 -0.36518 -0.499662
23.58 -1.01583 -0.367717 -0.648113
23.59 -1.1537 -0.362234 -0.791466
23.6 -1.27521 -0.349898 -0.925312
23.61 -1.37736 -0.331677 -1.04568
23.62 -1.45741 -0.30821 -1.1492
23.63 -1.51288 -0.279689 -1.23319
23.64 -1.54468 -0.248912 -1.29577
23.65 -1.55315 -0.217279 -1.33587
23.66 -1.53909 -0.185832 -1.35326
23.67 -1.50337 -0.154904 -1.34847
23.68 -1.44985 -0.127119 -1.32273
23.69 -1.38118 -0.103302 -1.27788
23.7 -1.30016 -0.083969 -1.21619
23.71 -1.20937 -0.0691102 -1.14026
23.72 -1.11245 -0.0596197 -1.05283
23.73 -1.01184 -0.0551901 -0.95665
23.74 -0.909605 -0.0552786 -0.854326
23.75 -0.807467 -0.0592624 -0.748205
23.76 -0.706489 -0.0662211 -0.640268
23.77 -0.607071 -0.075002 -0.532069
23.78 -0.509107 -0.0844136 -0.424693
23.79 -0.412006 -0.0932497 -0.318756
23.8 -0.314588 -0.100156 -0.214432
23.81 -0.215552 -0.104041 -0.111511
23.82 -0.113468 -0.103981 -0.00948719
23.83 -0.00646817 -0.0988107 0.0923425
23.84 0.106592 -0.0881708 0.194763
23.85 0.226629 -0.0718922 0.298521
23.86 0.354231 -0.049983 0.404214
23.87 0.489977 -0.022206 0.512183
23.88 0.632944 0.0105126 0.622431
23.89 0.781851 0.0472877 0.734563
23.9 0.935012 0.0872599 0.847752
23.91 1.09016 0.12942 0.96074
23.92 1.24417 0.172301 1.07187
23.93 1.39393 0.214788 1.17914
23.94 1.53617 0.255858 1.28031
23.95 1.66686 0.293868 1.37299
23.96 1.78259 0.327807 1.45478
23.97 1.88085 0.357443 1.52341
23.98 1.95921 0.382366 1.57684
23.99 2.01475 0.401293 1.61346
24 2.04633 0.414224 1.63211
24.01 2.05449 0.422258 1.63223
24.02 2.03969 0.425771 1.61392
24.03 2.00243 0.424513 1.57792
24.04 1.94494 0.419309 1.52563
24.05 1.87094 0.41187 1.45907
24.06 1.78371 0.402944 1.38077
24.07 1.68671 0.393051 1.29366
24.08 1.58422 0.383271 1.20095
24.09 1.48057 0.374626 1.10594
24.1 1.37939 0.36751 1.01188
24.11 1.28421 0.362457 0.921753
24.12 1.19833 0.360176 0.838154
24.13 1.12332 0.360205 0.763115
24.14 1.0603 0.362304 0.697996
24.15 1.00978 0.366394 0.643386
24.16 0.971523 0.372464 0.599059
24.17 0.943063 0.3791 0.563963
24.18 0.921974 0.385722 0.536252
24.19 0.905175 0.39181 0.513365
24.2 0.8886 0.396459 0.492141
24.21 0.867857 0.398887 0.46897
24.22 0.838737 0.398773 0.439964
24.23 0.796981 0.395827 0.401154
24.24 0.737113 0.388424 0.348689
24.25 0.656692 0.377659 0.279033
24.26 0.55297 0.363822 0.189148
24.27 0.423923 0.347263 0.0766597
24.28 0.266189 0.326204 -0.0600153
24.29 0.0817645 0.303341 -0.221576
24.3 -0.12846 0.279327 -0.407787
24.31 -0.362757 0.254716 -0.617473
24.32 -0.619885 0.228674 -0.848559
24.33 -0.89471 0.20344 -1.09815
24.34 -1.18314 0.179516 -1.36266
24.35 -1.48087 0.157067 -1.63794
24.36 -1.78333 0.136149 -1.91948
24.37 -2.08521 0.117369 -2.20258
24.38 -2.38211 0.100419 -2.48253
24.39 -2.66999 0.08481 -2.7548
24.4 -2.9442 0.0709991 -3.0152
24.41 -3.20194 0.0580683 -3.26001
24.42 -3.44112 0.0449643 -3.48608
24.43 -3.66002 0.0309037 -3.69092
24.44 -3.85625 0.0164357 -3.87269
24.45 -4.0298 0.000376219 -4.03018
24.46 -4.18119 -0.0183979 -4.16279
24.47 -4.31064 -0.0402058 -4.27043
24.48 -4.41754 -0.0641471 -4.35339
24.49 -4.50275 -0.0905336 -4.41222
24.5 -4.56731 -0.119738 -4.44757
24.51 -4.61133 -0.151223 -4.46011
24.52 -4.63372 -0.183395 -4.45033
24.53 -4.6338 -0.215318 -4.41848
24.54 -4.61126 -0.24675 -4.36451
24.55 -4.56459 -0.27661 -4.28798
24.56 -4.49091 -0.302807 -4.1881
24.57 -4.38748 -0.323712 -4.06377
24.58 -4.25318 -0.339556 -3.91362
24.59 -4.08576 -0.349562 -3.7362
24.6 -3.88207 -0.352035 -3.53004
24.61 -3.63944 -0.345573 -3.29387
24.62 -3.35875 -0.331966 -3.02678
24.63 -3.03982 -0.311406 -2.72841
24.64 -2.68252 -0.283441 -2.39908
24.65 -2.28761 -0.247671 -2.03994
24.66 -1.86036 -0.207266 -1.65309
24.67 -1.40489 -0.163242 -1.24165
24.68 -0.926088 -0.116366 -0.809722
24.69 -0.430079 -0.0676633 -0.362416
24.7 0.0744626 -0.0198189 0.0942815
24.71 0.579821 0.0261844 0.553637
24.72 1.07774 0.0693797 1.00836
24.73 1.55809 0.107255 1.45083
24.74 2.0133 0.139932 1.87337
24.75 2.43578 0.16731 2.26847
24.76 2.81846 0.18934 2.62912
24.77 3.15142 0.202379 2.94904
24.78 3.43317 0.210235 3.22294
24.79 3.66046 0.21377 3.44669
24.8 3.8314 0.213859 3.61754
24.81 3.94115 0.206977 3.73417
24.82 3.99536 0.198592 3.79677
24.83 3.99685 0.189864 3.80699
24.84 3.94944 0.181556 3.76788
24.85 3.85536 0.171578 3.68378
24.86 3.72376 0.163686 3.56007
24.87 3.56146 0.158466 3.40299
24.88 3.37513 0.155769 3.21936
24.89 3.1709 0.154604 3.0163
24.9 2.95684 0.155896 2.80094
24.91 2.73919 0.15899 2.5802
24.92 2.52329 0.162834 2.36046
24.93 2.31436 0.166973 2.14739
24.94 2.11616 0.170384 1.94578
24.95 1.93104 0.171653 1.75939
24.96 1.76059 0.169699 1.59089
24.97 1.60632 0.164466 1.44185
24.98 1.4676 0.154837 1.31276
24.99 1.34299 0.139873 1.20312
25 1.23095 0.119409 1.11154
25.01 1.12997 0.0940255 1.03594
25.02 1.03744 0.0637391 0.973701
25.03 0.950732 0.0289014 0.921831
25.04 0.867688 -0.00950432 0.877192
25.05 0.786296 -0.0503646 0.836661
25.06 0.704639 -0.0926472 0.797286
25.07 0.621363 -0.135068 0.756431
25.08 0.535536 -0.176333 0.711869
25.09 0.44647 -0.215388 0.661858
25.1 0.353893 -0.251282 0.605175
25.11 0.258084 -0.283029 0.541113
25.12 0.159376 -0.310083 0.469459
25.13 0.0581998 -0.332241 0.390441
25.14 -0.0448615 -0.349518 0.304657
25.15 -0.149108 -0.362105 0.212997
25.16 -0.254018 -0.370581 0.116563
25.17 -0.359139 -0.375731 0.0165922
25.18 -0.46407 -0.378454 -0.0856158
25.19 -0.568527 -0.379782 -0.188745
25.2 -0.672276 -0.380776 -0.2915
25.21 -0.77505 -0.382431 -0.392619
25.22 -0.876401 -0.385531 -0.49087
25.23 -0.97586 -0.390828 -0.585032
25.24 -1.07266 -0.398805 -0.673855
25.25 -1.1657 -0.409674 -0.756026
25.26 -1.25302 -0.422894 -0.830126
25.27 -1.33297 -0.43838 -0.89459
25.28 -1.40325 -0.455565 -0.947685
25.29 -1.46117 -0.473668 -0.987502
25.3 -1.50223 -0.490261 -1.01197
25.31 -1.52415 -0.505259 -1.01889
25.32 -1.52362 -0.51761 -1.00601
25.33 -1.4974 -0.526301 -0.971099
25.34 -1.44002 -0.527956 -0.912064
25.35 -1.35073 -0.523651 -0.827079
25.36 -1.2278 -0.513088 -0.714712
25.37 -1.07006 -0.495989 -0.574071
25.38 -0.874852 -0.469923 -0.404929
25.39 -0.645224 -0.437383 -0.207841
25.4 -0.383676 -0.39944 0.0157639
25.41 -0.0933775 -0.356905 0.263528
25.42 0.222573 -0.309569 0.532142
25.43 0.557028 -0.260342 0.81737
25.44 0.903188 -0.210931 1.11412
25.45 1.25402 -0.162531 1.41655
25.46 1.60131 -0.116928 1.71824
25.47 1.9364 -0.0759569 2.01236
25.48 2.25164 -0.0402667 2.29191
25.49 2.5396 -0.010353 2.54995
25.5 2.79133 0.0114544 2.77988
25.51 3.00079 0.0251742 2.97562
25.52 3.16431 0.0324023 3.13191
25.53 3.27833 0.0338454 3.24448
25.54 3.33827 0.0280225 3.31025
25.55 3.34377 0.0163795 3.32739
25.56 3.29772 0.00224682 3.29547
25.57 3.2024 -0.0130394 3.21544
25.58 3.05982 -0.0297589 3.08958
25.59 2.87517 -0.0462653 2.92144
25.6 2.65624 -0.0594234 2.71566
25.61 2.40946 -0.0683844 2.47784
25.62 2.14127 -0.0729965 2.21427
25.63 1.85939 -0.0722921 1.93168
25.64 1.57179 -0.0652637 1.63705
25.65 1.28502 -0.052279 1.3373
25.66 1.00545 -0.0335985 1.03905
25.67 0.739377 -0.00904783 0.748425
25.68 0.490669 0.0198148 0.470854
25.69 0.262635 0.0517185 0.210916
25.7 0.0580861 0.0858462 -0.0277601
25.71 -0.120458 0.1221 -0.242558
25.72 -0.274261 0.157621 -0.431882
25.73 -0.403946 0.191179 -0.595125
25.74 -0.5106 0.221998 -0.732598
25.75 -0.595242 0.250176 -0.845418
25.76 -0.661958 0.273419 -0.935377
25.77 -0.713495 0.291293 -1.00479
25.78 -0.752673 0.303651 -1.05632
25.79 -0.782007 0.310852 -1.09286
25.8 -0.805134 0.312176 -1.11731
25.81 -0.824495 0.308009 -1.1325
25.82 -0.84222 0.298835 -1.14105
25.83 -0.860226 0.285045 -1.14527
25.84 -0.879906 0.267187 -1.14709
25.85 -0.902114 0.245935 -1.14805
25.86 -0.927329 0.221917 -1.14925
25.87 -0.955886 0.195495 -1.15138
25.88 -0.987307 0.167461 -1.15477
25.89 -1.02104 0.138351 -1.15939
25.9 -1.05635 0.108606 -1.16496
25.91 -1.09231 0.0786451 -1.17096
25.92 -1.12775 0.0489812 -1.17673
25.93 -1.16156 0.0199754 -1.18154
25.94 -1.19263 -0.0080477 -1.18458
25.95 -1.21948 -0.0343863 -1.18509
25.96 -1.24103 -0.0586967 -1.18233
25.97 -1.25626 -0.0806284 -1.17563
25.98 -1.26414 -0.0997388 -1.1644
25.99 -1.26316 -0.115015 -1.14814
26 -1.25254 -0.126081 -1.12646
26.01 -1.23172 -0.132686 -1.09903
26.02 -1.20002 -0.134367 -1.06565
26.03 -1.15636 -0.130162 -1.0262
26.04 -1.10057 -0.11992 -0.98065
26.05 -1.03297 -0.103862 -0.929108
26.06 -0.953786 -0.0819907 -0.871795
26.07 -0.863113 -0.0540244 -0.809089
26.08 -0.762013 -0.0204787 -0.741534
26.09 -0.652241 0.0176333 -0.669874
26.1 -0.535483 0.0595824 -0.595065
26.11 -0.413709 0.104585 -0.518294
26.12 -0.289673 0.15131 -0.440983
26.13 -0.166386 0.198399 -0.364785
26.14 -0.0468537 0.244706 -0.29156
26.15 0.065456 0.2888 -0.223344
26.16 0.166653 0.328948 -0.162295
26.17 0.253951 0.364578 -0.110627
26.18 0.324395 0.394921 -0.0705258
26.19 0.37483 0.418893 -0.0440625
26.2 0.402009 0.435102 -0.0330929
26.21 0.405525 0.444684 -0.039159
26.22 0.384451 0.447845 -0.0633944
26.23 0.338147 0.444585 -0.106438
26.24 0.266066 0.434433 -0.168367
26.25 0.171288 0.41993 -0.248642
26.26 0.055972 0.402061 -0.346089
26.27 -0.0772045 0.381694 -0.458898
26.28 -0.225274 0.359385 -0.584659
26.29 -0.382952 0.337469 -0.720421
26.3 -0.545946 0.316839 -0.862785
26.31 -0.709789 0.298228 -1.00802
26.32 -0.869277 0.282909 -1.15219
26.33 -1.02007 0.271237 -1.29131
26.34 -1.15825 0.26325 -1.4215
26.35 -1.2804 0.258745 -1.53914
26.36 -1.38196 0.259065 -1.64102
26.37 -1.46212 0.26234 -1.72446
26.38 -1.51974 0.267673 -1.78741
26.39 -1.55436 0.27421 -1.82857
26.4 -1.56477 0.282621 -1.84739
26.41 -1.55366 0.29046 -1.84412
26.42 -1.52315 0.296616 -1.81977
26.43 -1.47567 0.300378 -1.77605
26.44 -1.41339 0.30192 -1.71531
26.45 -1.34059 0.299821 -1.64041
26.46 -1.26086 0.293733 -1.55459
26.47 -1.17758 0.283757 -1.46134
26.48 -1.09424 0.269975 -1.36422
26.49 -1.01421 0.252534 -1.26674
26.5 -0.940138 0.232106 -1.17224
26.51 -0.874274 0.209448 -1.08372
26.52 -0.819045 0.184719 -1.00376
26.53 -0.775652 0.158811 -0.934463
26.54 -0.744559 0.13281 -0.877369
26.55 -0.726099 0.107368 -0.833467
26.56 -0.720771 0.0824114 -0.803182
26.57 -0.727927 0.0584839 -0.786411
26.58 -0.746366 0.0362021 -0.782568
26.59 -0.775125 0.0155315 -0.790656
26.6 -0.813399 -0.00405806 -0.809341
26.61 -0.8598 -0.0227697 -0.83703
26.62 -0.912653 -0.0406955 -0.871957
26.63 -0.970643 -0.0583884 -0.912255
26.64 -1.03251 -0.0764924 -0.956018
26.65 -1.09676 -0.095401 -1.00136
26.66 -1.16182 -0.115375 -1.04645
26.67 -1.22628 -0.136759 -1.08952
26.68 -1.28855 -0.159633 -1.12892
26.69 -1.3467 -0.183651 -1.16305
26.7 -1.39914 -0.208734 -1.19041
26.71 -1.44402 -0.234484 -1.20954
26.72 -1.47914 -0.260112 -1.21903
26.73 -1.5017 -0.284197 -1.2175
26.74 -1.51012 -0.306518 -1.2036
26.75 -1.50226 -0.326261 -1.176
26.76 -1.47573 -0.342316 -1.13341
26.77 -1.42731 -0.352663 -1.07465
26.78 -1.35657 -0.357949 -0.998621
26.79 -1.26222 -0.357784 -0.904436
26.8 -1.14318 -0.351739 -0.791441
26.81 -0.997473 -0.338181 -0.659292
26.82 -0.827317 -0.319286 -0.508031
26.83 -0.633758 -0.295616 -0.338142
26.84 -0.418484 -0.267882 -0.150602
26.85 -0.182672 -0.235751 0.0530794
26.86 0.0687072 -0.202144 0.270851
26.87 0.331892 -0.168237 0.500129
26.88 0.602659 -0.135178 0.737837
26.89 0.876191 -0.104275 0.980466
26.9 1.14698 -0.0771935 1.22417
26.91 1.41018 -0.0547128 1.46489
26.92 1.66106 -0.0374098 1.69847
26.93 1.89369 -0.0271202 1.92081
26.94 2.10477 -0.0232636 2.12803
26.95 2.29135 -0.0252767 2.31663
26.96 2.45098 -0.0326069 2.48359
26.97 2.58018 -0.0463693 2.62655
26.98 2.6796 -0.0642894 2.74389
26.99 2.75019 -0.0846055 2.8348
27 2.79324 -0.106067 2.89931
27.01 2.80957 -0.128742 2.93831
27.02 2.80329 -0.150222 2.95351
27.03 2.77855 -0.168793 2.94734
27.04 2.73929 -0.183574 2.92286
27.05 2.68941 -0.194208 2.88362
27.06 2.63391 -0.199558 2.83347
27.07 2.57717 -0.199248 2.77642
27.08 2.52294 -0.193492 2.71643
27.09 2.47492 -0.182325 2.65724
27.1 2.43606 -0.16614 2.6022
27.11 2.40796 -0.146137 2.5541
27.12 2.39171 -0.123358 2.51507
27.13 2.38805 -0.0984385 2.48649
27.14 2.39642 -0.0725081 2.46893
27.15 2.41488 -0.0472549 2.46213
27.16 2.44143 -0.0236328 2.46506
27.17 2.4736 -0.00233457 2.47593
27.18 2.50802 0.0156813 2.49234
27.19 2.54111 0.0297569 2.51135
27.2 2.56947 0.0397798 2.52969
27.21 2.58941 0.0455552 2.54385
27.22 2.59694 0.0466331 2.55031
27.23 2.58964 0.0440181 2.54562
27.24 2.56504 0.0384011 2.52664
27.25 2.52071 0.0301173 2.49059
27.26 2.45407 0.018848 2.43522
27.27 2.36553 0.00667942 2.35885
27.28 2.25481 -0.00562911 2.26044
27.29 2.12188 -0.0177265 2.13961
27.3 1.96637 -0.0302518 1.99662
27.31 1.79109 -0.0412795 1.83237
27.32 1.59767 -0.0506212 1.64829
27.33 1.38793 -0.0583791 1.44631
27.34 1.16325 -0.065486 1.22874
27.35 0.927179 -0.0709996 0.998179
27.36 0.682093 -0.0753451 0.757438
27.37 0.430375 -0.0790404 0.509415
27.38 0.174283 -0.0827403 0.257023
27.39 -0.0833532 -0.0864647 0.00311147
27.4 -0.340341 -0.0907457 -0.249595
27.41 -0.59459 -0.0960474 -0.498543
27.42 -0.843588 -0.102212 -0.741376
27.43 -1.0856 -0.109644 -0.975956
27.44 -1.3189 -0.11854 -1.20036
27.45 -1.54182 -0.128945 -1.41288
27.46 -1.75182 -0.139842 -1.61198
27.47 -1.9479 -0.15158 -1.79632
27.48 -2.12879 -0.164088 -1.9647
27.49 -2.29317 -0.17711 -2.11606
27.5 -2.43863 -0.189182 -2.24945
27.51 -2.56466 -0.200625 -2.36404
27.52 -2.67065 -0.211549 -2.4591
27.53 -2.75582 -0.221769 -2.53405
27.54 -2.81837 -0.229944 -2.58843
27.55 -2.85847 -0.23654 -2.62193
27.56 -2.87662 -0.242169 -2.63445
27.57 -2.87297 -0.246879 -2.62609
27.58 -2.84695 -0.249763 -2.59719
27.59 -2.79974 -0.251403 -2.54834
27.6 -2.73306 -0.252649 -2.48041
27.61 -2.6482 -0.253645 -2.39456
27.62 -2.54606 -0.253872 -2.29219
27.63 -2.42864 -0.25366 -2.17498
27.64 -2.29849 -0.253665 -2.04483
27.65 -2.1576 -0.253799 -1.9038
27.66 -2.00779 -0.253673 -1.75412
27.67 -1.85133 -0.253274 -1.59806
27.68 -1.69061 -0.252701 -1.43791
27.69 -1.52751 -0.251594 -1.27592
27.7 -1.36383 -0.249636 -1.11419
27.71 -1.20138 -0.246696 -0.954684
27.72 -1.04151 -0.242414 -0.799096
27.73 -0.885343 -0.236473 -0.64887
27.74 -0.733891 -0.228749 -0.505142
27.75 -0.588066 -0.219333 -0.368733
27.76 -0.447976 -0.207831 -0.240145
27.77 -0.313801 -0.194227 -0.119574
27.78 -0.185629 -0.178693 -0.00693637
27.79 -0.0635459 -0.161641 0.0980955
27.8 0.0531654 -0.14288 0.196046
27.81 0.164923 -0.122659 0.287582
27.82 0.27217 -0.10129 0.37346
27.83 0.375232 -0.07923 0.454462
27.84 0.474941 -0.0564046 0.531346
27.85 0.571769 -0.0330213 0.60479
27.86 0.666123 -0.00923077 0.675354
27.87 0.758193 0.0147558 0.743437
27.88 0.848361 0.0391011 0.80926
27.89 0.936686 0.0638416 0.872844
27.9 1.02309 0.0890765 0.934013
27.91 1.10713 0.114734 0.992396
27.92 1.18852 0.141078 1.04744
27.93 1.26666 0.16821 1.09845
27.94 1.34082 0.196229 1.14459
27.95 1.40964 0.224691 1.18495
27.96 1.4723 0.253742 1.21856
27.97 1.52766 0.283223 1.24444
27.98 1.57451 0.312875 1.26163
27.99 1.61081 0.341545 1.26926
28 1.63563 0.369092 1.26654
28.01 1.64791 0.39511 1.2528
28.02 1.64653 0.418978 1.22755
28.03 1.62962 0.43914 1.19048
28.04 1.5969 0.45543 1.14147
28.05 1.54826 0.467636 1.08062
28.06 1.4836 0.475329 1.00827
28.07 1.40235 0.477382 0.924968
28.08 1.30561 0.474105 0.831505
28.09 1.19497 0.466071 0.728899
28.1 1.0719 0.453517 0.618383
28.11 0.937918 0.436526 0.501392
28.12 0.795707 0.416167 0.37954
28.13 0.648237 0.39364 0.254597
28.14 0.498316 0.369866 0.12845
28.15 0.349057 0.345992 0.00306463
28.16 0.203904 0.323461 -0.119557
28.17 0.0657669 0.303199 -0.237432
28.18 -0.0626 0.286052 -0.348652
28.19 -0.178222 0.273218 -0.45144
28.2 -0.278539 0.265671 -0.54421
28.21 -0.362638 0.26299 -0.625628
28.22 -0.429554 0.265111 -0.694665
28.23 -0.478453 0.272193 -0.750646
28.24 -0.509234 0.284058 -0.793292
28.25 -0.523945 0.298801 -0.822746
28.26 -0.524265 0.315322 -0.839587
28.27 -0.51224 0.332592 -0.844832
28.28 -0.490605 0.34931 -0.839915
28.29 -0.463324 0.363326 -0.82665
28.3 -0.433839 0.373341 -0.80718
28.31 -0.405783 0.378119 -0.783902
28.32 -0.383369 0.376019 -0.759388
28.33 -0.369828 0.366457 -0.736285
28.34 -0.368133 0.349079 -0.717212
28.35 -0.380936 0.323715 -0.704651
28.36 -0.411446 0.289397 -0.700843
28.37 -0.459727 0.247959 -0.707686
28.38 -0.526185 0.20046 -0.726645
28.39 -0.61052 0.148159 -0.758679
28.4 -0.712819 0.0913678 -0.804187
28.41 -0.829666 0.0333108 -0.862977
28.42 -0.958489 -0.0242305 -0.934258
28.43 -1.0962 -0.0795355 -1.01666
28.44 -1.23933 -0.131034 -1.1083
28.45 -1.38333 -0.176534 -1.2068
28.46 -1.52423 -0.214793 -1.30944
28.47 -1.65816 -0.244922 -1.41324
28.48 -1.78042 -0.265334 -1.51509
28.49 -1.88798 -0.276113 -1.61187
28.5 -1.97826 -0.277658 -1.7006
28.51 -2.04908 -0.27051 -1.77857
28.52 -2.09755 -0.254118 -1.84343
28.53 -2.12383 -0.230503 -1.89333
28.54 -2.12844 -0.201488 -1.92695
28.55 -2.11217 -0.168555 -1.94361
28.56 -2.07551 -0.132252 -1.94326
28.57 -2.02146 -0.0950036 -1.92646
28.58 -1.95316 -0.0587819 -1.89438
28.59 -1.87357 -0.0248458 -1.84872
28.6 -1.78571 0.00592956 -1.79164
28.61 -1.69345 0.0321539 -1.7256
28.62 -1.60026 0.0530469 -1.65331
28.63 -1.50915 0.0683636 -1.57751
28.64 -1.42316 0.0777669 -1.50093
28.65 -1.34478 0.0812737 -1.42605
28.66 -1.27546 0.0796202 -1.35508
28.67 -1.21628 0.0734847 -1.28976
28.68 -1.1681 0.0632495 -1.23135
28.69 -1.13077 0.0497299 -1.1805
28.7 -1.10293 0.0343403 -1.13727
28.71 -1.08316 0.01794 -1.1011
28.72 -1.0697 0.00113904 -1.07084
28.73 -1.05999 -0.0151878 -1.0448
28.74 -1.05104 -0.030191 -1.02085
28.75 -1.04003 -0.043545 -0.996485
28.76 -1.02386 -0.0548791 -0.968981
28.77 -0.999052 -0.0635491 -0.935503
28.78 -0.963222 -0.0699739 -0.893248
28.79 -0.913971 -0.0743909 -0.83958
28.8 -0.848934 -0.0767764 -0.772158
28.81 -0.765564 -0.0765139 -0.68905
28.82 -0.663845 -0.0750081 -0.588837
28.83 -0.543313 -0.0726279 -0.470685
28.84 -0.403843 -0.0694414 -0.334402
28.85 -0.245178 -0.0647177 -0.18046
28.86 -0.0699977 -0.0599969 -0.0100008
28.87 0.119823 -0.0553758 0.175199
28.88 0.321995 -0.05078 0.372775
28.89 0.534096 -0.0457581 0.579854
28.9 0.751978 -0.041169 0.793147
28.91 0.972215 -0.036844 1.00906
28.92 1.19123 -0.0325795 1.22381
28.93 1.40461 -0.0289477 1.43356
28.94 1.60881 -0.0257184 1.63453
28.95 1.8004 -0.0227338 1.82313
28.96 1.97615 -0.0199358 1.99609
28.97 2.13157 -0.0189261 2.1505
28.98 2.2652 -0.0187596 2.28396
28.99 2.3753 -0.0193189 2.39462
29 2.46044 -0.0207689 2.48121
29.01 2.51802 -0.025059 2.54308
29.02 2.5492 -0.0309939 2.58019
29.03 2.55481 -0.0383038 2.59311
29.04 2.53582 -0.0471351 2.58296
29.05 2.4925 -0.0588333 2.55133
29.06 2.42806 -0.0722322 2.50029
29.07 2.34545 -0.0867702 2.43222
29.08 2.24744 -0.10232 2.34976
29.09 2.13656 -0.119155 2.25571
29.1 2.01667 -0.136277 2.15295
29.11 1.89124 -0.153052 2.04429
29.12 1.76331 -0.169153 1.93246
29.13 1.6359 -0.184077 1.81998
29.14 1.51189 -0.197198 1.70909
29.15 1.39343 -0.208299 1.60173
29.16 1.28225 -0.217226 1.49948
29.17 1.18006 -0.223466 1.40353
29.18 1.08775 -0.226936 1.31469
29.19 1.00522 -0.228167 1.23339
29.2 0.932319 -0.227385 1.1597
29.21 0.868762 -0.22463 1.09339
29.22 0.813584 -0.220355 1.03394
29.23 0.765142 -0.215475 0.980617
29.24 0.722059 -0.210489 0.932548
29.25 0.682938 -0.205835 0.888773
29.26 0.646203 -0.202108 0.848311
29.27 0.610329 -0.199901 0.81023
29.28 0.574188 -0.199515 0.773703
29.29 0.536859 -0.201196 0.738055
29.3 0.497672 -0.205135 0.702807
29.31 0.456562 -0.21114 0.667702
29.32 0.413739 -0.21898 0.632719
29.33 0.369756 -0.22832 0.598076
29.34 0.325618 -0.238599 0.564217
29.35 0.282638 -0.24915 0.531788
29.36 0.242247 -0.259352 0.501599
29.37 0.206065 -0.268516 0.474581
29.38 0.176265 -0.275465 0.45173
29.39 0.154136 -0.279915 0.434051
29.4 0.141129 -0.281372 0.422501
29.41 0.138531 -0.279395 0.417926
29.42 0.148256 -0.272754 0.42101
29.43 0.170056 -0.26217 0.432226
29.44 0.204119 -0.247681 0.4518
29.45 0.250249 -0.229431 0.47968
29.46 0.308653 -0.206868 0.515521
29.47 0.37733 -0.181353 0.558683
29.48 0.454815 -0.153426 0.608241
29.49 0.539392 -0.123611 0.663003
29.5 0.629277 -0.0922749 0.721552
29.51 0.721768 -0.0605096 0.782278
29.52 0.814553 -0.0288815 0.843435
29.53 0.905357 0.0021639 0.903193
29.54 0.991502 0.0318044 0.959698
29.55 1.07086 0.0597375 1.01112
29.56 1.14161 0.0858834 1.05573
29.57 1.20207 0.110169 1.0919
29.58 1.25002 0.131809 1.11821
29.59 1.28461 0.151182 1.13343
29.6 1.30527 0.168716 1.13655
29.61 1.31141 0.184577 1.12683
29.62 1.30191 0.198156 1.10375
29.63 1.27697 0.20992 1.06705
29.64 1.23713 0.220455 1.01668
29.65 1.18259 0.229795 0.952795
29.66 1.11305 0.237297 0.875753
29.67 1.02914 0.243093 0.786047
29.68 0.931838 0.247535 0.684303
29.69 0.821661 0.250418 0.571243
29.7 0.698687 0.251022 0.447665
29.71 0.563538 0.249116 0.314422
29.72 0.417342 0.244936 0.172406
29.73 0.260764 0.238226 0.0225382
29.74 0.0942481 0.228481 -0.134233
29.75 -0.0813914 0.215542 -0.296933
29.76 -0.264721 0.199837 -0.464558
29.77 -0.454645 0.181421 -0.636066
29.78 -0.650025 0.16034 -0.810365
29.79 -0.849383 0.136927 -0.98631
29.8 -1.05085 0.111845 -1.1627
29.81 -1.25271 0.0855368 -1.33825
29.82 -1.45308 0.0585482 -1.51163
29.83 -1.64969 0.0317544 -1.68144
29.84 -1.84068 0.00557483 -1.84625
29.85 -2.02412 -0.0195286 -2.00459
29.86 -2.19799 -0.0430079 -2.15498
29.87 -2.35973 -0.0637513 -2.29598
29.88 -2.50843 -0.0822413 -2.42619
29.89 -2.64274 -0.0984318 -2.54431
29.9 -2.76145 -0.112295 -2.64916
29.91 -2.86254 -0.12284 -2.7397
29.92 -2.94668 -0.131586 -2.81509
29.93 -3.01366 -0.138969 -2.87469
29.94 -3.06352 -0.145458 -2.91806
29.95 -3.09525 -0.150247 -2.945
29.96 -3.11077 -0.155237 -2.95553
29.97 -3.11077 -0.160887 -2.94988
29.98 -3.09603 -0.167548 -2.92848
29.99 -3.0664 -0.174473 -2.89193
30 -3.02375 -0.182797 -2.84095
