# Generated on Thu Aug 19 23:30:38 2021 by yr2369.
# This file was created by PDFgui.
#S 1
#L r  Gtrunc  Gdiff  Gcalc
1.99 -0.347091 -0.0629335 -0.284157
2 -0.391037 -0.0610022 -0.330035
2.01 -0.432925 -0.0583384 -0.374587
2.02 -0.471418 -0.054631 -0.416787
2.03 -0.505396 -0.049681 -0.455715
2.04 -0.533993 -0.043399 -0.490594
2.05 -0.556245 -0.0354216 -0.520823
2.06 -0.572507 -0.0265053 -0.546002
2.07 -0.583063 -0.0171238 -0.565939
2.08 -0.588513 -0.00785333 -0.58066
2.09 -0.589509 0.000882864 -0.590392
2.1 -0.5876 0.0079507 -0.595551
2.11 -0.584048 0.0126617 -0.59671
2.12 -0.580134 0.0144321 -0.594566
2.13 -0.577256 0.0126453 -0.589901
2.14 -0.576532 0.00700589 -0.583538
2.15 -0.578779 -0.00248213 -0.576297
2.16 -0.584551 -0.0155948 -0.568956
2.17 -0.594342 -0.0321281 -0.562214
2.18 -0.607812 -0.0511547 -0.556657
2.19 -0.624422 -0.0716826 -0.552739
2.2 -0.643418 -0.0926537 -0.550764
2.21 -0.663817 -0.112935 -0.550882
2.22 -0.684257 -0.131167 -0.55309
2.23 -0.703462 -0.146214 -0.557248
2.24 -0.720204 -0.157109 -0.563095
2.25 -0.733094 -0.162819 -0.570275
2.26 -0.741184 -0.162816 -0.578368
2.27 -0.743941 -0.157022 -0.586919
2.28 -0.74103 -0.145559 -0.595471
2.29 -0.732195 -0.128599 -0.603596
2.3 -0.717945 -0.107025 -0.61092
2.31 -0.69923 -0.0820851 -0.617145
2.32 -0.677078 -0.0550148 -0.622063
2.33 -0.652723 -0.0271558 -0.625567
2.34 -0.627797 -0.000147693 -0.627649
2.35 -0.603888 0.0245082 -0.628396
2.36 -0.582455 0.0455221 -0.627977
2.37 -0.565026 0.0616001 -0.626626
2.38 -0.552944 0.0716767 -0.624621
2.39 -0.546833 0.0754258 -0.622259
2.4 -0.547174 0.0726595 -0.619834
2.41 -0.554273 0.0633367 -0.61761
2.42 -0.567978 0.0478245 -0.615803
2.43 -0.587241 0.0273186 -0.61456
2.44 -0.611063 0.00288482 -0.613948
2.45 -0.638223 -0.0242782 -0.613945
2.46 -0.667139 -0.0527025 -0.614436
2.47 -0.696013 -0.0807932 -0.61522
2.48 -0.723243 -0.107233 -0.61601
2.49 -0.747219 -0.130767 -0.616452
2.5 -0.766154 -0.150018 -0.616136
2.51 -0.77913 -0.164516 -0.614614
2.52 -0.785284 -0.173867 -0.611417
2.53 -0.78398 -0.17791 -0.60607
2.54 -0.774461 -0.176348 -0.598113
2.55 -0.757386 -0.17028 -0.587106
2.56 -0.73313 -0.160484 -0.572646
2.57 -0.70227 -0.147901 -0.554369
2.58 -0.665191 -0.133237 -0.531954
2.59 -0.62328 -0.118159 -0.505121
2.6 -0.57739 -0.103761 -0.473629
2.61 -0.528313 -0.0910457 -0.437267
2.62 -0.476566 -0.0807119 -0.395854
2.63 -0.422816 -0.0735912 -0.349225
2.64 -0.367272 -0.070044 -0.297228
2.65 -0.309891 -0.0701691 -0.239722
2.66 -0.250193 -0.0736198 -0.176573
2.67 -0.187694 -0.0800346 -0.107659
2.68 -0.121663 -0.0887879 -0.0328751
2.69 -0.0512222 -0.0990798 0.0478576
2.7 0.0249911 -0.109585 0.134576
2.71 0.107768 -0.119492 0.22726
2.72 0.197844 -0.12797 0.325814
2.73 0.295882 -0.134166 0.430048
2.74 0.402818 -0.136839 0.539657
2.75 0.518489 -0.13572 0.654209
2.76 0.642436 -0.130688 0.773124
2.77 0.774063 -0.121609 0.895672
2.78 0.912702 -0.108261 1.02096
2.79 1.05673 -0.0912257 1.14796
2.8 1.20432 -0.0711421 1.27546
2.81 1.35362 -0.0485463 1.40217
2.82 1.5025 -0.0241472 1.52665
2.83 1.64857 0.00116239 1.64741
2.84 1.78976 0.0268511 1.76291
2.85 1.92403 0.0524211 1.87161
2.86 2.04914 0.0771371 1.972
2.87 2.16317 0.100505 2.06266
2.88 2.2652 0.122912 2.14229
2.89 2.35424 0.144516 2.20972
2.9 2.42914 0.165128 2.26401
2.91 2.48928 0.184866 2.30441
2.92 2.53537 0.20494 2.33043
2.93 2.56769 0.225873 2.34182
2.94 2.58643 0.247839 2.33859
2.95 2.59201 0.270981 2.32103
2.96 2.58602 0.296361 2.28966
2.97 2.56937 0.324127 2.24524
2.98 2.54283 0.354076 2.18875
2.99 2.507 0.385646 2.12135
3 2.46331 0.418955 2.04435
3.01 2.4125 0.453308 1.95919
3.02 2.35515 0.487764 1.86739
3.03 2.29152 0.521012 1.77051
3.04 2.22251 0.552362 1.67015
3.05 2.14855 0.580667 1.56788
3.06 2.06999 0.604743 1.46525
3.07 1.98701 0.623301 1.36371
3.08 1.90041 0.635762 1.26465
3.09 1.81074 0.641403 1.16934
3.1 1.71865 0.63972 1.07893
3.11 1.62487 0.630422 0.994448
3.12 1.53049 0.613717 0.916773
3.13 1.43655 0.589907 0.846643
3.14 1.34415 0.559501 0.784649
3.15 1.25476 0.523531 0.731229
3.16 1.1695 0.482827 0.686673
3.17 1.08946 0.43834 0.65112
3.18 1.01569 0.391126 0.624564
3.19 0.949641 0.34279 0.606851
3.2 0.891665 0.293978 0.597687
3.21 0.842076 0.245433 0.596643
3.22 0.801024 0.197865 0.603159
3.23 0.768862 0.152307 0.616555
3.24 0.744706 0.108664 0.636042
3.25 0.727607 0.0668786 0.660728
3.26 0.716537 0.026893 0.689644
3.27 0.710422 -0.0113278 0.72175
3.28 0.707514 -0.0484461 0.75596
3.29 0.706156 -0.0850063 0.791162
3.3 0.70479 -0.12145 0.82624
3.31 0.701734 -0.158359 0.860093
3.32 0.695428 -0.196237 0.891665
3.33 0.684722 -0.235239 0.919961
3.34 0.66864 -0.27543 0.94407
3.35 0.646183 -0.317001 0.963184
3.36 0.616932 -0.359679 0.976611
3.37 0.581087 -0.402706 0.983793
3.38 0.538898 -0.44541 0.984308
3.39 0.490711 -0.487165 0.977876
3.4 0.437386 -0.526976 0.964362
3.41 0.380206 -0.563562 0.943768
3.42 0.320316 -0.595911 0.916227
3.43 0.258936 -0.623058 0.881994
3.44 0.197465 -0.643962 0.841427
3.45 0.137158 -0.657815 0.794973
3.46 0.079084 -0.66407 0.743154
3.47 0.0242517 -0.662291 0.686543
3.48 -0.0264074 -0.652161 0.625753
3.49 -0.0726275 -0.634044 0.561416
3.5 -0.114184 -0.608353 0.494169
3.51 -0.151 -0.57564 0.42464
3.52 -0.183123 -0.536564 0.353441
3.53 -0.211308 -0.492464 0.281156
3.54 -0.236148 -0.444483 0.208335
3.55 -0.258321 -0.393813 0.135492
3.56 -0.278566 -0.341668 0.0631019
3.57 -0.297852 -0.289454 -0.00839775
3.58 -0.316918 -0.238309 -0.0786089
3.59 -0.336428 -0.189258 -0.14717
3.6 -0.357057 -0.143304 -0.213753
3.61 -0.379146 -0.101082 -0.278064
3.62 -0.402911 -0.063069 -0.339842
3.63 -0.428411 -0.0295547 -0.398856
3.64 -0.455647 -0.000738291 -0.454909
3.65 -0.484188 0.0236458 -0.507834
3.66 -0.513613 0.0438879 -0.557501
3.67 -0.543411 0.0604045 -0.603816
3.68 -0.57293 0.0737921 -0.646722
3.69 -0.601501 0.0847042 -0.686205
3.7 -0.628516 0.093775 -0.722291
3.71 -0.653403 0.101645 -0.755048
3.72 -0.675454 0.109131 -0.784585
3.73 -0.694368 0.116682 -0.81105
3.74 -0.709925 0.124703 -0.834628
3.75 -0.721994 0.133536 -0.85553
3.76 -0.730375 0.14362 -0.873995
3.77 -0.735373 0.154903 -0.890276
3.78 -0.737353 0.167282 -0.904635
3.79 -0.736709 0.180626 -0.917335
3.8 -0.733845 0.194784 -0.928629
3.81 -0.729436 0.209318 -0.938754
3.82 -0.724134 0.22379 -0.947924
3.83 -0.718537 0.237789 -0.956326
3.84 -0.713268 0.250845 -0.964113
3.85 -0.708925 0.26248 -0.971405
3.86 -0.705951 0.272336 -0.978287
3.87 -0.704719 0.280095 -0.984814
3.88 -0.705593 0.285418 -0.991011
3.89 -0.708758 0.288121 -0.996879
3.9 -0.714168 0.288235 -1.0024
3.91 -0.721761 0.285797 -1.00756
3.92 -0.731441 0.280872 -1.01231
3.93 -0.742952 0.273689 -1.01664
3.94 -0.755875 0.264649 -1.02052
3.95 -0.769845 0.254113 -1.02396
3.96 -0.784476 0.242478 -1.02695
3.97 -0.799324 0.230218 -1.02954
3.98 -0.813978 0.217792 -1.03177
3.99 -0.828096 0.205605 -1.0337
4 -0.841366 0.194048 -1.03541
4.01 -0.853503 0.18349 -1.03699
4.02 -0.864429 0.174098 -1.03853
4.03 -0.874098 0.166006 -1.0401
4.04 -0.882526 0.159277 -1.0418
4.05 -0.889792 0.153896 -1.04369
4.06 -0.896183 0.149624 -1.04581
4.07 -0.901959 0.14623 -1.04819
4.08 -0.907424 0.143413 -1.05084
4.09 -0.912947 0.140785 -1.05373
4.1 -0.91889 0.137945 -1.05683
4.11 -0.925573 0.134513 -1.06009
4.12 -0.933284 0.130126 -1.06341
4.13 -0.942371 0.124353 -1.06672
4.14 -0.952898 0.117038 -1.06994
4.15 -0.964927 0.108031 -1.07296
4.16 -0.978429 0.0972774 -1.07571
4.17 -0.993367 0.0847413 -1.07811
4.18 -1.00939 0.0707144 -1.0801
4.19 -1.02618 0.0554716 -1.08165
4.2 -1.04333 0.0393938 -1.08272
4.21 -1.06035 0.0229605 -1.08331
4.22 -1.0767 0.00671507 -1.08342
4.23 -1.09187 -0.00881944 -1.08305
4.24 -1.10536 -0.023125 -1.08223
4.25 -1.11653 -0.0355444 -1.08099
4.26 -1.12504 -0.0457271 -1.07931
4.27 -1.13058 -0.0533656 -1.07721
4.28 -1.13293 -0.0582606 -1.07467
4.29 -1.13175 -0.060116 -1.07163
4.3 -1.12712 -0.0590828 -1.06804
4.31 -1.1192 -0.0554205 -1.06378
4.32 -1.10815 -0.0494183 -1.05873
4.33 -1.0941 -0.0413638 -1.05274
4.34 -1.07743 -0.0318201 -1.04561
4.35 -1.05858 -0.0214322 -1.03715
4.36 -1.03786 -0.0107313 -1.02713
4.37 -1.01553 -0.0002088 -1.01532
4.38 -0.991893 0.00959726 -1.00149
4.39 -0.96716 0.0182441 -0.985404
4.4 -0.941401 0.0254396 -0.966841
4.41 -0.914535 0.0310584 -0.945593
4.42 -0.886366 0.0351105 -0.921476
4.43 -0.856648 0.0376808 -0.894329
4.44 -0.824993 0.0390238 -0.864017
4.45 -0.790833 0.0396029 -0.830436
4.46 -0.753507 0.0400045 -0.793512
4.47 -0.712565 0.0406333 -0.753198
4.48 -0.667453 0.0420265 -0.709479
4.49 -0.617527 0.0448383 -0.662365
4.5 -0.56215 0.0497417 -0.611892
4.51 -0.501296 0.056823 -0.558119
4.52 -0.434824 0.0663072 -0.501131
4.53 -0.362652 0.0783839 -0.441036
4.54 -0.284794 0.0931714 -0.377965
4.55 -0.202045 0.110033 -0.312078
4.56 -0.115027 0.128534 -0.243561
4.57 -0.0244934 0.14814 -0.172633
4.58 0.0686443 0.168193 -0.0995491
4.59 0.163065 0.187668 -0.0246032
4.6 0.257628 0.20576 0.0518676
4.61 0.351147 0.221666 0.129481
4.62 0.442184 0.234378 0.207806
4.63 0.529724 0.243359 0.286365
4.64 0.612783 0.248151 0.364632
4.65 0.690503 0.248464 0.442039
4.66 0.761646 0.243665 0.517981
4.67 0.826161 0.234343 0.591818
4.68 0.883764 0.220871 0.662893
4.69 0.934338 0.203802 0.730536
4.7 0.977435 0.183356 0.794079
4.71 1.01376 0.16089 0.85287
4.72 1.04371 0.137424 0.906286
4.73 1.06769 0.113946 0.953744
4.74 1.08581 0.0910924 0.994718
4.75 1.09886 0.0701124 1.02875
4.76 1.1073 0.0518498 1.05545
4.77 1.11143 0.0369035 1.07453
4.78 1.11124 0.0254724 1.08577
4.79 1.10696 0.0179025 1.08906
4.8 1.09861 0.0142361 1.08437
4.81 1.08599 0.0142038 1.07179
4.82 1.06852 0.0170687 1.05145
4.83 1.04587 0.0222626 1.02361
4.84 1.01769 0.0291232 0.988567
4.85 0.983489 0.0367826 0.946706
4.86 0.942468 0.0440091 0.898459
4.87 0.894278 0.0499752 0.844303
4.88 0.838853 0.0541001 0.784753
4.89 0.776053 0.0557018 0.720351
4.9 0.705598 0.0539395 0.651659
4.91 0.627778 0.0485302 0.579248
4.92 0.543335 0.0396378 0.503697
4.93 0.452914 0.0273285 0.425586
4.94 0.357189 0.0117009 0.345488
4.95 0.257259 -0.00671419 0.263973
4.96 0.154499 -0.0271009 0.1816
4.97 0.050125 -0.048791 0.098916
4.98 -0.0545716 -0.0710272 0.0164556
4.99 -0.15815 -0.0928883 -0.0652617
5 -0.259404 -0.11367 -0.145734
5.01 -0.357242 -0.132764 -0.224478
5.02 -0.450584 -0.149551 -0.301033
5.03 -0.538367 -0.163405 -0.374962
5.04 -0.620285 -0.174428 -0.445857
5.05 -0.695965 -0.182626 -0.513339
5.06 -0.765116 -0.188051 -0.577065
5.07 -0.82745 -0.190725 -0.636725
5.08 -0.88359 -0.191542 -0.692048
5.09 -0.933871 -0.191066 -0.742805
5.1 -0.978672 -0.18987 -0.788802
5.11 -1.01824 -0.188355 -0.829885
5.12 -1.05349 -0.187556 -0.865934
5.13 -1.08489 -0.188028 -0.896862
5.14 -1.11288 -0.190272 -0.922608
5.15 -1.13759 -0.194458 -0.943132
5.16 -1.15948 -0.201073 -0.958407
5.17 -1.17862 -0.210203 -0.968417
5.18 -1.19492 -0.221775 -0.973145
5.19 -1.20788 -0.235314 -0.972566
5.2 -1.21733 -0.250682 -0.966648
5.21 -1.22275 -0.26741 -0.95534
5.22 -1.22353 -0.284956 -0.938574
5.23 -1.21854 -0.302277 -0.916263
5.24 -1.20729 -0.318992 -0.888298
5.25 -1.18908 -0.334524 -0.854556
5.26 -1.16318 -0.348278 -0.814902
5.27 -1.12827 -0.359076 -0.769194
5.28 -1.08409 -0.366797 -0.717293
5.29 -1.03026 -0.371189 -0.659071
5.3 -0.966379 -0.37196 -0.594419
5.31 -0.891525 -0.368266 -0.523259
5.32 -0.805936 -0.360381 -0.445555
5.33 -0.709863 -0.348547 -0.361316
5.34 -0.60346 -0.33285 -0.27061
5.35 -0.486515 -0.312946 -0.173569
5.36 -0.359772 -0.28938 -0.0703924
5.37 -0.224102 -0.26275 0.0386483
5.38 -0.080205 -0.233414 0.153209
5.39 0.0714038 -0.201467 0.272871
5.4 0.229586 -0.167563 0.397149
5.41 0.393054 -0.132434 0.525488
5.42 0.560701 -0.0965721 0.657273
5.43 0.731413 -0.0604219 0.791835
5.44 0.903772 -0.0246838 0.928456
5.45 1.07636 0.00998203 1.06638
5.46 1.24787 0.0430583 1.20481
5.47 1.41683 0.0738872 1.34294
5.48 1.5817 0.101759 1.47994
5.49 1.74129 0.126324 1.61497
5.5 1.89439 0.147213 1.74718
5.51 2.03959 0.163852 1.87574
5.52 2.17545 0.175623 1.99983
5.53 2.30148 0.182843 2.11864
5.54 2.41687 0.185479 2.23139
5.55 2.52073 0.183388 2.33734
5.56 2.61207 0.176288 2.43578
5.57 2.69128 0.165232 2.52605
5.58 2.75823 0.150697 2.60753
5.59 2.81278 0.133091 2.67969
5.6 2.85448 0.112445 2.74203
5.61 2.8845 0.0903356 2.79416
5.62 2.90325 0.0674962 2.83575
5.63 2.91116 0.0445948 2.86657
5.64 2.90815 0.021697 2.88645
5.65 2.89561 0.00024319 2.89537
5.66 2.87411 -0.0192438 2.89335
5.67 2.84418 -0.0363784 2.88056
5.68 2.80573 -0.0514906 2.85722
5.69 2.75987 -0.0638021 2.82367
5.7 2.70696 -0.0733702 2.78033
5.71 2.64727 -0.0804196 2.72769
5.72 2.58056 -0.085753 2.66631
5.73 2.50748 -0.0893397 2.59682
5.74 2.42821 -0.0916628 2.51987
5.75 2.34288 -0.0932871 2.43617
5.76 2.25123 -0.0951847 2.34641
5.77 2.15384 -0.0974929 2.25133
5.78 2.05102 -0.100612 2.15163
5.79 1.94312 -0.104882 2.048
5.8 1.8303 -0.110808 1.94111
5.81 1.7134 -0.118177 1.83158
5.82 1.59314 -0.126856 1.72
5.83 1.47026 -0.136646 1.60691
5.84 1.34555 -0.147253 1.4928
5.85 1.22005 -0.158086 1.37814
5.86 1.09472 -0.16859 1.26331
5.87 0.970453 -0.178238 1.14869
5.88 0.848269 -0.186337 1.03461
5.89 0.729027 -0.192327 0.921354
5.9 0.613346 -0.195858 0.809204
5.91 0.501787 -0.19662 0.698407
5.92 0.394993 -0.194203 0.589196
5.93 0.293222 -0.188568 0.48179
5.94 0.196386 -0.18001 0.376396
5.95 0.10443 -0.168783 0.273213
5.96 0.017332 -0.155098 0.17243
5.97 -0.0652304 -0.139456 0.074226
5.98 -0.143857 -0.122624 -0.0212332
5.99 -0.218985 -0.10519 -0.113795
6 -0.290986 -0.0876612 -0.203325
6.01 -0.360301 -0.0705949 -0.289706
6.02 -0.427453 -0.0546075 -0.372845
6.03 -0.49274 -0.0400665 -0.452674
6.04 -0.556331 -0.0271852 -0.529146
6.05 -0.618283 -0.0160394 -0.602244
6.06 -0.678662 -0.00668889 -0.671973
6.07 -0.737348 0.00101556 -0.738364
6.08 -0.794099 0.00736595 -0.801465
6.09 -0.84852 0.0128245 -0.861344
6.1 -0.900421 0.0176616 -0.918083
6.11 -0.949494 0.0222749 -0.971769
6.12 -0.995414 0.0270833 -1.0225
6.13 -1.03773 0.0326327 -1.07036
6.14 -1.07653 0.0389266 -1.11546
6.15 -1.11176 0.0461048 -1.15786
6.16 -1.14345 0.0542148 -1.19766
6.17 -1.17153 0.0633954 -1.23493
6.18 -1.19657 0.073136 -1.26971
6.19 -1.21888 0.0831782 -1.30206
6.2 -1.23888 0.0931469 -1.33203
6.21 -1.25688 0.102773 -1.35965
6.22 -1.27347 0.111508 -1.38498
6.23 -1.28902 0.119022 -1.40804
6.24 -1.30384 0.125052 -1.42889
6.25 -1.3181 0.129482 -1.44758
6.26 -1.3319 0.132276 -1.46418
6.27 -1.34519 0.133555 -1.47874
6.28 -1.35776 0.133613 -1.49137
6.29 -1.36922 0.132932 -1.50215
6.3 -1.37913 0.132052 -1.51118
6.31 -1.38703 0.131537 -1.51857
6.32 -1.39239 0.132022 -1.52441
6.33 -1.39448 0.134341 -1.52882
6.34 -1.3929 0.13899 -1.53189
6.35 -1.38737 0.146334 -1.5337
6.36 -1.37768 0.156657 -1.53434
6.37 -1.36353 0.170314 -1.53384
6.38 -1.34521 0.187053 -1.53226
6.39 -1.32319 0.206423 -1.52961
6.4 -1.29801 0.227882 -1.52589
6.41 -1.27028 0.250805 -1.52109
6.42 -1.24101 0.274151 -1.51516
6.43 -1.21123 0.296847 -1.50808
6.44 -1.18194 0.317847 -1.49979
6.45 -1.1542 0.336042 -1.49024
6.46 -1.12905 0.350349 -1.4794
6.47 -1.10718 0.360043 -1.46722
6.48 -1.08918 0.364515 -1.4537
6.49 -1.07556 0.363254 -1.43881
6.5 -1.0665 0.3561 -1.4226
6.51 -1.06164 0.343456 -1.4051
6.52 -1.06054 0.325831 -1.38637
6.53 -1.06265 0.303866 -1.36652
6.54 -1.06707 0.278577 -1.34565
6.55 -1.07264 0.251257 -1.3239
6.56 -1.0783 0.223117 -1.30142
6.57 -1.08293 0.195443 -1.27837
6.58 -1.08534 0.169595 -1.25494
6.59 -1.08473 0.146551 -1.23128
6.6 -1.08044 0.127147 -1.20759
6.61 -1.07198 0.112048 -1.18403
6.62 -1.05898 0.101791 -1.16077
6.63 -1.04194 0.0960366 -1.13798
6.64 -1.02134 0.094455 -1.1158
6.65 -0.997921 0.0964466 -1.09437
6.66 -0.972695 0.101131 -1.07383
6.67 -0.947085 0.10721 -1.0543
6.68 -0.922405 0.113485 -1.03589
6.69 -0.900017 0.118705 -1.01872
6.7 -0.881637 0.121262 -1.0029
6.71 -0.868255 0.120267 -0.988522
6.72 -0.860839 0.114853 -0.975692
6.73 -0.860111 0.104395 -0.964506
6.74 -0.867076 0.0879802 -0.955056
6.75 -0.881253 0.0661742 -0.947427
6.76 -0.902315 0.0393801 -0.941695
6.77 -0.929652 0.00827038 -0.937922
6.78 -0.962652 -0.026498 -0.936154
6.79 -0.999684 -0.0632711 -0.936413
6.8 -1.03934 -0.100644 -0.938696
6.81 -1.08019 -0.137222 -0.942968
6.82 -1.12061 -0.171449 -0.949161
6.83 -1.15907 -0.201902 -0.957168
6.84 -1.19434 -0.227498 -0.966842
6.85 -1.22537 -0.247373 -0.977997
6.86 -1.25102 -0.260616 -0.990404
6.87 -1.27094 -0.26714 -1.0038
6.88 -1.28511 -0.267226 -1.01788
6.89 -1.29365 -0.261326 -1.03232
6.9 -1.29672 -0.249958 -1.04676
6.91 -1.29515 -0.234327 -1.06082
6.92 -1.28992 -0.215806 -1.07411
6.93 -1.28189 -0.195653 -1.08624
6.94 -1.27193 -0.175138 -1.09679
6.95 -1.261 -0.155617 -1.10538
6.96 -1.24981 -0.138189 -1.11162
6.97 -1.23884 -0.123706 -1.11513
6.98 -1.22832 -0.112756 -1.11556
6.99 -1.21816 -0.10559 -1.11257
7 -1.20793 -0.102098 -1.10583
7.01 -1.19695 -0.101901 -1.09505
7.02 -1.18421 -0.104271 -1.07994
7.03 -1.16838 -0.10814 -1.06024
7.04 -1.14823 -0.112523 -1.03571
7.05 -1.12245 -0.116338 -1.00611
7.06 -1.08947 -0.118224 -0.971246
7.07 -1.04771 -0.116793 -0.930917
7.08 -0.996526 -0.111575 -0.884951
7.09 -0.935148 -0.101953 -0.833195
7.1 -0.862863 -0.0873398 -0.775523
7.11 -0.779081 -0.0672469 -0.711834
7.12 -0.68471 -0.0426493 -0.642061
7.13 -0.58033 -0.0141568 -0.566173
7.14 -0.466701 0.0174836 -0.484185
7.15 -0.3447 0.0514562 -0.396156
7.16 -0.21634 0.0858621 -0.302202
7.17 -0.0831354 0.119358 -0.202493
7.18 0.0533586 0.15062 -0.0972618
7.19 0.191536 0.178337 0.0131994
7.2 0.329717 0.201183 0.128534
7.21 0.466636 0.218313 0.248323
7.22 0.601228 0.229137 0.372091
7.23 0.732371 0.233066 0.499305
7.24 0.859771 0.230388 0.629383
7.25 0.983211 0.221512 0.761699
7.26 1.10271 0.207117 0.895593
7.27 1.21826 0.187884 1.03038
7.28 1.33058 0.165243 1.16534
7.29 1.44022 0.140463 1.29976
7.3 1.54774 0.11483 1.43291
7.31 1.6536 0.0895239 1.56408
7.32 1.75836 0.0658178 1.69254
7.33 1.86229 0.0446784 1.81761
7.34 1.96546 0.0268531 1.93861
7.35 2.06764 0.0127662 2.05487
7.36 2.16841 0.00262645 2.16578
7.37 2.26712 -0.00361534 2.27074
7.38 2.36289 -0.00626751 2.36916
7.39 2.4544 -0.00610895 2.46051
7.4 2.54045 -0.00383022 2.54428
7.41 2.61989 -0.00010495 2.61999
7.42 2.69149 0.00427852 2.68721
7.43 2.75354 0.00801492 2.74553
7.44 2.80504 0.0104694 2.79457
7.45 2.84539 0.011364 2.83403
7.46 2.87396 0.0103443 2.86362
7.47 2.88977 0.00665495 2.88312
7.48 2.89272 0.000365388 2.89235
7.49 2.88341 -0.00781434 2.89122
7.5 2.86216 -0.0175176 2.87968
7.51 2.82911 -0.0286245 2.85773
7.52 2.78498 -0.0405046 2.82548
7.53 2.73108 -0.0520081 2.78309
7.54 2.66826 -0.0625164 2.73078
7.55 2.59716 -0.0716909 2.66885
7.56 2.51856 -0.0791202 2.59768
7.57 2.43357 -0.0841267 2.5177
7.58 2.34279 -0.0866009 2.42939
7.59 2.2466 -0.0867054 2.33331
7.6 2.14521 -0.0848176 2.23003
7.61 2.03913 -0.0810521 2.12018
7.62 1.92849 -0.0759323 2.00442
7.63 1.81325 -0.0701726 1.88342
7.64 1.69324 -0.0646303 1.75787
7.65 1.56879 -0.059669 1.62846
7.66 1.44 -0.0558814 1.49588
7.67 1.307 -0.0538243 1.36082
7.68 1.16994 -0.054024 1.22396
7.69 1.02959 -0.0563727 1.08596
7.7 0.886581 -0.0608853 0.947466
7.71 0.741689 -0.0674137 0.809103
7.72 0.595864 -0.0756168 0.671481
7.73 0.450295 -0.084895 0.53519
7.74 0.306081 -0.0947193 0.4008
7.75 0.164346 -0.104516 0.268862
7.76 0.0265848 -0.113321 0.139906
7.77 -0.106379 -0.12082 0.0144412
7.78 -0.233663 -0.12662 -0.107043
7.79 -0.354533 -0.130451 -0.224082
7.8 -0.467888 -0.131653 -0.336235
7.81 -0.573847 -0.130756 -0.443091
7.82 -0.672371 -0.128104 -0.544267
7.83 -0.76356 -0.124145 -0.639415
7.84 -0.847248 -0.119023 -0.728225
7.85 -0.9243 -0.113876 -0.810424
7.86 -0.995353 -0.109571 -0.885782
7.87 -1.06099 -0.106878 -0.954112
7.88 -1.12154 -0.106266 -1.01527
7.89 -1.17776 -0.10859 -1.06917
7.9 -1.23016 -0.114415 -1.11575
7.91 -1.27898 -0.123991 -1.15499
7.92 -1.32411 -0.137181 -1.18693
7.93 -1.3655 -0.153872 -1.21163
7.94 -1.40291 -0.173728 -1.22918
7.95 -1.43583 -0.196116 -1.23971
7.96 -1.46334 -0.219967 -1.24337
7.97 -1.48464 -0.244314 -1.24033
7.98 -1.49909 -0.268331 -1.23076
7.99 -1.50589 -0.291018 -1.21487
8 -1.50388 -0.311002 -1.19288
8.01 -1.49239 -0.327384 -1.16501
8.02 -1.47131 -0.339816 -1.13149
8.03 -1.44042 -0.347822 -1.0926
8.04 -1.3994 -0.350807 -1.04859
8.05 -1.34847 -0.348699 -0.999771
8.06 -1.28868 -0.342228 -0.946452
8.07 -1.22084 -0.33186 -0.88898
8.08 -1.1458 -0.318067 -0.827733
8.09 -1.06479 -0.301669 -0.763121
8.1 -0.979527 -0.283938 -0.695589
8.11 -0.8914 -0.265781 -0.625619
8.12 -0.801804 -0.248076 -0.553728
8.13 -0.712231 -0.231768 -0.480463
8.14 -0.623967 -0.217565 -0.406402
8.15 -0.53805 -0.205905 -0.332145
8.16 -0.455398 -0.197089 -0.258309
8.17 -0.376899 -0.191383 -0.185516
8.18 -0.302715 -0.188324 -0.114391
8.19 -0.233013 -0.187469 -0.0455441
8.2 -0.16782 -0.188253 0.0204329
8.21 -0.107193 -0.190173 0.0829799
8.22 -0.0504916 -0.192068 0.141577
8.23 0.00266752 -0.193085 0.195753
8.24 0.0526787 -0.192414 0.245092
8.25 0.0997556 -0.189488 0.289244
8.26 0.144446 -0.183476 0.327922
8.27 0.186953 -0.173962 0.360915
8.28 0.227364 -0.160717 0.388081
8.29 0.26546 -0.143893 0.409353
8.3 0.301194 -0.123546 0.42474
8.31 0.334269 -0.100048 0.434317
8.32 0.364298 -0.0739348 0.438233
8.33 0.390549 -0.0461503 0.436699
8.34 0.412743 -0.0172483 0.429991
8.35 0.4305 0.0120587 0.418441
8.36 0.443486 0.0410505 0.402435
8.37 0.451146 0.0687362 0.38241
8.38 0.45367 0.0948249 0.358845
8.39 0.451283 0.11902 0.332263
8.4 0.444304 0.141082 0.303222
8.41 0.433046 0.160736 0.27231
8.42 0.418444 0.178302 0.240142
8.43 0.401453 0.194098 0.207355
8.44 0.383039 0.208443 0.174596
8.45 0.364289 0.221768 0.142521
8.46 0.346409 0.234624 0.111785
8.47 0.33043 0.247398 0.0830324
8.48 0.317294 0.260406 0.0568876
8.49 0.308026 0.27408 0.0339463
8.5 0.303309 0.288545 0.014764
8.51 0.303431 0.303585 -0.000154056
8.52 0.308609 0.318973 -0.0103637
8.53 0.319046 0.334537 -0.0154912
8.54 0.334505 0.349748 -0.0152427
8.55 0.35435 0.363762 -0.00941185
8.56 0.378014 0.3759 0.00211411
8.57 0.404892 0.385542 0.0193497
8.58 0.434154 0.391945 0.0422091
8.59 0.464859 0.394353 0.0705056
8.6 0.496238 0.392284 0.103954
8.61 0.527556 0.385381 0.142175
8.62 0.558094 0.373394 0.1847
8.63 0.587372 0.35639 0.230982
8.64 0.615029 0.334624 0.280405
8.65 0.640791 0.3085 0.332291
8.66 0.66447 0.278553 0.385917
8.67 0.686209 0.245682 0.440527
8.68 0.706113 0.210772 0.495341
8.69 0.724318 0.174748 0.54957
8.7 0.740946 0.138518 0.602428
8.71 0.756271 0.103126 0.653145
8.72 0.770404 0.069433 0.700971
8.73 0.783378 0.0381864 0.745192
8.74 0.795043 0.00991061 0.785132
8.75 0.805294 -0.0148725 0.820167
8.76 0.813837 -0.0358834 0.84972
8.77 0.820272 -0.0530064 0.873278
8.78 0.823847 -0.0665396 0.890387
8.79 0.824154 -0.076502 0.900656
8.8 0.820586 -0.0831792 0.903765
8.81 0.812528 -0.0869341 0.899462
8.82 0.798952 -0.0886145 0.887567
8.83 0.779645 -0.0883258 0.867971
8.84 0.75421 -0.0864314 0.840641
8.85 0.722332 -0.0832872 0.805619
8.86 0.683361 -0.0796594 0.76302
8.87 0.637653 -0.0753821 0.713035
8.88 0.58542 -0.0705069 0.655927
8.89 0.526926 -0.0651046 0.592031
8.9 0.462224 -0.0595247 0.521749
8.91 0.39214 -0.0534074 0.445547
8.92 0.317373 -0.046578 0.363951
8.93 0.238561 -0.0389738 0.277535
8.94 0.156227 -0.0306906 0.186918
8.95 0.0712288 -0.0215234 0.0927522
8.96 -0.0157081 -0.011424 -0.00428409
8.97 -0.10398 -0.000479729 -0.1035
8.98 -0.193042 0.0111602 -0.204202
8.99 -0.282324 0.0233796 -0.305704
9 -0.371376 0.0359601 -0.407336
9.01 -0.459821 0.0486383 -0.508459
9.02 -0.547266 0.0612029 -0.608469
9.03 -0.633373 0.0734315 -0.706805
9.04 -0.717895 0.0850597 -0.802955
9.05 -0.800551 0.0959104 -0.896461
9.06 -0.880965 0.105957 -0.986922
9.07 -0.958779 0.115211 -1.07399
9.08 -1.03377 0.123603 -1.15737
9.09 -1.10562 0.131211 -1.23683
9.1 -1.17387 0.138302 -1.31217
9.11 -1.23809 0.145159 -1.38325
9.12 -1.29818 0.15177 -1.44995
9.13 -1.35389 0.158309 -1.5122
9.14 -1.40494 0.165006 -1.56995
9.15 -1.45108 0.172083 -1.62316
9.16 -1.4926 0.17924 -1.67184
9.17 -1.52965 0.186333 -1.71598
9.18 -1.5624 0.193208 -1.75561
9.19 -1.59109 0.199654 -1.79074
9.2 -1.61646 0.204969 -1.82143
9.21 -1.63905 0.208662 -1.84771
9.22 -1.65944 0.210213 -1.86965
9.23 -1.6782 0.209124 -1.88732
9.24 -1.69608 0.204734 -1.90081
9.25 -1.71358 0.196647 -1.91023
9.26 -1.73113 0.184553 -1.91568
9.27 -1.74908 0.168244 -1.91732
9.28 -1.76752 0.147787 -1.91531
9.29 -1.78641 0.123399 -1.90981
9.3 -1.80551 0.0955132 -1.90102
9.31 -1.82437 0.0647876 -1.88916
9.32 -1.84238 0.0320522 -1.87443
9.33 -1.85885 -0.00177452 -1.85708
9.34 -1.87301 -0.0356889 -1.83732
9.35 -1.88373 -0.0683261 -1.8154
9.36 -1.89035 -0.0987935 -1.79156
9.37 -1.89218 -0.126174 -1.76601
9.38 -1.88858 -0.149611 -1.73897
9.39 -1.87871 -0.168056 -1.71065
9.4 -1.8626 -0.181345 -1.68125
9.41 -1.84036 -0.189409 -1.65095
9.42 -1.81222 -0.192309 -1.61991
9.43 -1.77836 -0.190074 -1.58829
9.44 -1.73978 -0.183563 -1.55622
9.45 -1.6975 -0.173668 -1.52383
9.46 -1.65255 -0.161302 -1.49125
9.47 -1.60602 -0.147447 -1.45857
9.48 -1.55923 -0.133326 -1.4259
9.49 -1.5133 -0.119972 -1.39333
9.5 -1.46922 -0.108297 -1.36092
9.51 -1.42797 -0.0992174 -1.32875
9.52 -1.39016 -0.0932942 -1.29687
9.53 -1.35602 -0.0907265 -1.26529
9.54 -1.32558 -0.0915362 -1.23404
9.55 -1.29873 -0.0956317 -1.2031
9.56 -1.27487 -0.102463 -1.17241
9.57 -1.25306 -0.111176 -1.14188
9.58 -1.23231 -0.120905 -1.1114
9.59 -1.21145 -0.13065 -1.0808
9.6 -1.18905 -0.139194 -1.04986
9.61 -1.16386 -0.145546 -1.01831
9.62 -1.13467 -0.148803 -0.985867
9.63 -1.10021 -0.148041 -0.952169
9.64 -1.05926 -0.142429 -0.916831
9.65 -1.01138 -0.131948 -0.879432
9.66 -0.956117 -0.116593 -0.839524
9.67 -0.893038 -0.096396 -0.796642
9.68 -0.821895 -0.0715839 -0.750311
9.69 -0.743425 -0.0433659 -0.700059
9.7 -0.658094 -0.0126678 -0.645426
9.71 -0.566429 0.0195468 -0.585976
9.72 -0.468973 0.0523321 -0.521305
9.73 -0.366913 0.0841419 -0.451055
9.74 -0.261015 0.113904 -0.374919
9.75 -0.15196 0.14069 -0.29265
9.76 -0.0402528 0.163818 -0.204071
9.77 0.0734484 0.182521 -0.109072
9.78 0.188868 0.196493 -0.00762489
9.79 0.305895 0.205671 0.100224
9.8 0.424708 0.21036 0.214348
9.81 0.545395 0.210857 0.334538
9.82 0.668254 0.207746 0.460508
9.83 0.793636 0.201744 0.591892
9.84 0.922158 0.193908 0.72825
9.85 1.05393 0.184862 0.869068
9.86 1.18913 0.175369 1.01376
9.87 1.32779 0.166115 1.16168
9.88 1.46997 0.157874 1.3121
9.89 1.61502 0.150773 1.46425
9.9 1.76226 0.144965 1.6173
9.91 1.91081 0.140451 1.77036
9.92 2.0595 0.136991 1.92251
9.93 2.20688 0.134101 2.07278
9.94 2.3515 0.131329 2.22017
9.95 2.49181 0.128146 2.36366
9.96 2.62582 0.123598 2.50222
9.97 2.75202 0.117212 2.63481
9.98 2.86913 0.108735 2.76039
9.99 2.97586 0.097885 2.87798
10 3.07049 0.0839132 2.98658
10.01 3.15233 0.0670536 3.08528
10.02 3.22115 0.0479379 3.17321
10.03 3.27664 0.0270432 3.2496
10.04 3.3181 0.00436892 3.31373
10.05 3.34585 -0.0191638 3.36501
10.06 3.36072 -0.0422323 3.40295
10.07 3.3632 -0.0639699 3.42717
10.08 3.35343 -0.0839823 3.43741
10.09 3.33209 -0.10146 3.43355
10.1 3.30027 -0.115312 3.41558
10.11 3.25851 -0.12512 3.38363
10.12 3.20697 -0.13097 3.33794
10.13 3.14591 -0.132964 3.27887
10.14 3.07595 -0.130955 3.2069
10.15 2.99721 -0.125394 3.1226
10.16 2.90942 -0.117216 3.02664
10.17 2.81225 -0.107494 2.91974
10.18 2.70605 -0.0966924 2.80274
10.19 2.59074 -0.0857626 2.6765
10.2 2.46608 -0.0758644 2.54194
10.21 2.33183 -0.068195 2.40002
10.22 2.18881 -0.0629194 2.25173
10.23 2.03747 -0.0605918 2.09806
10.24 1.8784 -0.0616373 1.94004
10.25 1.71225 -0.0664249 1.77867
10.26 1.54071 -0.0742809 1.61499
10.27 1.36514 -0.0848524 1.44999
10.28 1.18703 -0.0976422 1.28467
10.29 1.00816 -0.111843 1.12
10.3 0.830424 -0.126506 0.95693
10.31 0.655534 -0.140837 0.796371
10.32 0.485128 -0.154074 0.639202
10.33 0.32134 -0.16492 0.48626
10.34 0.165099 -0.173229 0.338328
10.35 0.0174517 -0.178685 0.196137
10.36 -0.120811 -0.181165 0.0603541
10.37 -0.248407 -0.179985 -0.068422
10.38 -0.365842 -0.176176 -0.189666
10.39 -0.473295 -0.170361 -0.302934
10.4 -0.571127 -0.163266 -0.407861
10.41 -0.659342 -0.15517 -0.504172
10.42 -0.73928 -0.1476 -0.59168
10.43 -0.811892 -0.141608 -0.670284
10.44 -0.878047 -0.138077 -0.73997
10.45 -0.938292 -0.137481 -0.800811
10.46 -0.993704 -0.140747 -0.852957
10.47 -1.04497 -0.148336 -0.896634
10.48 -1.09252 -0.160387 -0.932133
10.49 -1.13638 -0.176571 -0.959809
10.5 -1.17668 -0.196615 -0.980065
10.51 -1.21329 -0.219942 -0.993348
10.52 -1.24586 -0.245718 -1.00014
10.53 -1.27364 -0.272686 -1.00095
10.54 -1.29604 -0.299728 -0.996312
10.55 -1.31262 -0.325867 -0.986753
10.56 -1.32279 -0.349969 -0.972821
10.57 -1.32574 -0.370682 -0.955058
10.58 -1.32113 -0.387128 -0.934002
10.59 -1.30908 -0.398898 -0.910182
10.6 -1.28967 -0.405559 -0.884111
10.61 -1.26293 -0.406639 -0.856291
10.62 -1.22943 -0.402227 -0.827203
10.63 -1.19027 -0.392961 -0.797309
10.64 -1.1464 -0.379354 -0.767046
10.65 -1.09883 -0.362003 -0.736827
10.66 -1.04887 -0.341837 -0.707033
10.67 -0.997921 -0.319905 -0.678016
10.68 -0.947187 -0.297101 -0.650086
10.69 -0.897835 -0.274318 -0.623517
10.7 -0.851027 -0.252493 -0.598534
10.71 -0.80743 -0.232116 -0.575314
10.72 -0.767576 -0.213595 -0.553981
10.73 -0.731834 -0.197235 -0.534599
10.74 -0.700423 -0.183246 -0.517177
10.75 -0.672835 -0.171175 -0.50166
10.76 -0.648615 -0.160678 -0.487937
10.77 -0.627151 -0.151317 -0.475834
10.78 -0.60768 -0.142556 -0.465124
10.79 -0.58912 -0.133589 -0.455531
10.8 -0.570554 -0.123821 -0.446733
10.81 -0.551074 -0.112699 -0.438375
10.82 -0.529638 -0.0995632 -0.430075
10.83 -0.505613 -0.0841782 -0.421435
10.84 -0.478446 -0.0663932 -0.412053
10.85 -0.447742 -0.0462092 -0.401533
10.86 -0.412977 -0.0234806 -0.389496
10.87 -0.37443 0.00116257 -0.375593
10.88 -0.332266 0.0272416 -0.359508
10.89 -0.28678 0.0541933 -0.340973
10.9 -0.238208 0.0815654 -0.319773
10.91 -0.187282 0.108467 -0.295749
10.92 -0.134558 0.134245 -0.268803
10.93 -0.0805657 0.158334 -0.2389
10.94 -0.0257942 0.180272 -0.206067
10.95 0.0292356 0.199629 -0.170394
10.96 0.0841669 0.216196 -0.132029
10.97 0.138739 0.229916 -0.0911767
10.98 0.19274 0.240833 -0.0480928
10.99 0.246103 0.249183 -0.00307952
11 0.298829 0.25531 0.043519
11.01 0.350947 0.259625 0.091322
11.02 0.402472 0.262556 0.139916
11.03 0.453444 0.264582 0.188862
11.04 0.503848 0.266151 0.237697
11.05 0.553579 0.26764 0.285939
11.06 0.602385 0.269294 0.333091
11.07 0.649913 0.271265 0.378648
11.08 0.695745 0.273648 0.422097
11.09 0.739327 0.276407 0.46292
11.1 0.779853 0.279246 0.500607
11.11 0.816484 0.281834 0.53465
11.12 0.848548 0.28399 0.564558
11.13 0.875244 0.285386 0.589858
11.14 0.895552 0.28545 0.610102
11.15 0.908584 0.283708 0.624876
11.16 0.914026 0.280219 0.633807
11.17 0.911405 0.274835 0.63657
11.18 0.90015 0.267259 0.632891
11.19 0.879895 0.257333 0.622562
11.2 0.851145 0.245706 0.605439
11.21 0.814128 0.232679 0.581449
11.22 0.769063 0.218468 0.550595
11.23 0.716286 0.203332 0.512954
11.24 0.65693 0.188252 0.468678
11.25 0.591737 0.173743 0.417994
11.26 0.521424 0.160225 0.361199
11.27 0.446672 0.14802 0.298652
11.28 0.36858 0.137809 0.230771
11.29 0.28786 0.129836 0.158024
11.3 0.205138 0.12422 0.0809181
11.31 0.120923 0.120931 -7.54256e-06
11.32 0.0357821 0.119975 -0.0841927
11.33 -0.0499589 0.121106 -0.171065
11.34 -0.136062 0.123987 -0.260049
11.35 -0.222366 0.128207 -0.350573
11.36 -0.308751 0.133327 -0.442078
11.37 -0.395151 0.138873 -0.534024
11.38 -0.481504 0.144386 -0.62589
11.39 -0.567715 0.149467 -0.717182
11.4 -0.653661 0.153775 -0.807436
11.41 -0.739161 0.157051 -0.896212
11.42 -0.823973 0.159129 -0.983102
11.43 -0.907682 0.160045 -1.06773
11.44 -0.989924 0.159811 -1.14973
11.45 -1.07027 0.15853 -1.2288
11.46 -1.14824 0.156384 -1.30462
11.47 -1.22311 0.153823 -1.37693
11.48 -1.29449 0.150991 -1.44548
11.49 -1.36198 0.148067 -1.51005
11.5 -1.4252 0.145235 -1.57044
11.51 -1.48355 0.142929 -1.62648
11.52 -1.53698 0.14106 -1.67804
11.53 -1.5855 0.139508 -1.72501
11.54 -1.62913 0.138178 -1.76731
11.55 -1.66776 0.137131 -1.80489
11.56 -1.70176 0.135984 -1.83774
11.57 -1.73155 0.134332 -1.86588
11.58 -1.75749 0.131858 -1.88935
11.59 -1.77978 0.128433 -1.90821
11.6 -1.79884 0.123729 -1.92257
11.61 -1.81511 0.117417 -1.93253
11.62 -1.82878 0.109427 -1.93821
11.63 -1.83991 0.0998269 -1.93974
11.64 -1.84851 0.0887334 -1.93724
11.65 -1.85454 0.0763062 -1.93085
11.66 -1.85779 0.0628616 -1.92065
11.67 -1.85781 0.0489371 -1.90675
11.68 -1.85407 0.0351269 -1.8892
11.69 -1.84621 0.0218285 -1.86804
11.7 -1.83373 0.00955028 -1.84328
11.71 -1.81595 -0.00104831 -1.8149
11.72 -1.79218 -0.00932613 -1.78285
11.73 -1.76231 -0.0152475 -1.74706
11.74 -1.72604 -0.0186079 -1.70743
11.75 -1.68305 -0.019199 -1.66385
11.76 -1.63305 -0.016852 -1.6162
11.77 -1.57657 -0.0122202 -1.56435
11.78 -1.51388 -0.00569226 -1.50819
11.79 -1.44531 0.00229606 -1.44761
11.8 -1.37115 0.0113688 -1.38252
11.81 -1.29239 0.0204769 -1.31287
11.82 -1.20967 0.0289535 -1.23862
11.83 -1.12363 0.03617 -1.1598
11.84 -1.03478 0.0416688 -1.07645
11.85 -0.943939 0.0447282 -0.988667
11.86 -0.851565 0.0450333 -0.896598
11.87 -0.758023 0.0424091 -0.800432
11.88 -0.6635 0.0369055 -0.700406
11.89 -0.568177 0.0286242 -0.596801
11.9 -0.47203 0.0179166 -0.489947
11.91 -0.374939 0.00527262 -0.380212
11.92 -0.2766 -0.00859236 -0.268008
11.93 -0.176829 -0.0230441 -0.153785
11.94 -0.0753913 -0.0373603 -0.038031
11.95 0.0279156 -0.0508156 0.0787312
11.96 0.133358 -0.0625874 0.195945
11.97 0.240814 -0.0722095 0.313024
11.98 0.350087 -0.0792612 0.429348
11.99 0.460841 -0.0834341 0.544275
12 0.572568 -0.0845681 0.657136
12.01 0.684409 -0.0828342 0.767243
12.02 0.795426 -0.078467 0.873893
12.03 0.904551 -0.071822 0.976373
12.04 1.01033 -0.0636382 1.07397
12.05 1.11143 -0.0545394 1.16597
12.06 1.20659 -0.0450921 1.25168
12.07 1.29453 -0.0359071 1.33044
12.08 1.37352 -0.0280809 1.4016
12.09 1.44249 -0.0220971 1.46459
12.1 1.50077 -0.0180979 1.51887
12.11 1.54767 -0.0163148 1.56398
12.12 1.58215 -0.0174094 1.59956
12.13 1.60404 -0.0212624 1.6253
12.14 1.61384 -0.0271814 1.64102
12.15 1.61185 -0.0347769 1.64663
12.16 1.59818 -0.0439565 1.64214
12.17 1.57358 -0.0540964 1.62768
12.18 1.53945 -0.0640311 1.60348
12.19 1.49676 -0.0731304 1.56989
12.2 1.4464 -0.0809447 1.52734
12.21 1.38945 -0.086928 1.47638
12.22 1.32734 -0.0902692 1.41761
12.23 1.26106 -0.0906726 1.35173
12.24 1.19144 -0.0880663 1.27951
12.25 1.11927 -0.0824717 1.20174
12.26 1.04536 -0.0739307 1.11929
12.27 0.970214 -0.0628212 1.03304
12.28 0.894207 -0.049668 0.943875
12.29 0.817622 -0.035096 0.852718
12.3 0.740698 -0.0197722 0.76047
12.31 0.663576 -0.0044509 0.668027
12.32 0.586377 0.0101118 0.576265
12.33 0.509255 0.0232183 0.486037
12.34 0.432399 0.0342375 0.398162
12.35 0.356057 0.0426343 0.313423
12.36 0.280564 0.0480028 0.232561
12.37 0.206483 0.0502121 0.156271
12.38 0.134292 0.0490976 0.0851944
12.39 0.0646144 0.0446962 0.0199182
12.4 -0.00185967 0.0371722 -0.0390319
12.41 -0.0639931 0.0272019 -0.091195
12.42 -0.121253 0.0149269 -0.13618
12.43 -0.172885 0.000784233 -0.173669
12.44 -0.218169 -0.0147458 -0.203423
12.45 -0.255888 -0.0306046 -0.225283
12.46 -0.285916 -0.0467415 -0.239175
12.47 -0.307913 -0.0628063 -0.245107
12.48 -0.321629 -0.0784541 -0.243175
12.49 -0.326407 -0.0928494 -0.233558
12.5 -0.322784 -0.10627 -0.216514
12.51 -0.311137 -0.118758 -0.192379
12.52 -0.291856 -0.130301 -0.161555
12.53 -0.26507 -0.140562 -0.124508
12.54 -0.231762 -0.150009 -0.0817535
12.55 -0.19278 -0.158934 -0.0338457
12.56 -0.14886 -0.167492 0.0186316
12.57 -0.100566 -0.175645 0.0750792
12.58 -0.0488208 -0.183716 0.134895
12.59 0.00559872 -0.191887 0.197486
12.6 0.0620981 -0.200181 0.262279
12.61 0.120214 -0.208518 0.328732
12.62 0.179464 -0.216876 0.39634
12.63 0.239498 -0.225148 0.464646
12.64 0.300107 -0.233136 0.533243
12.65 0.361178 -0.240599 0.601777
12.66 0.422657 -0.247291 0.669948
12.67 0.484535 -0.252974 0.737509
12.68 0.546855 -0.257407 0.804262
12.69 0.609694 -0.260362 0.870056
12.7 0.67312 -0.261658 0.934778
12.71 0.737142 -0.261206 0.998348
12.72 0.801761 -0.258951 1.06071
12.73 0.866953 -0.254882 1.12183
12.74 0.932629 -0.249063 1.18169
12.75 0.998621 -0.241643 1.24026
12.76 1.06475 -0.232781 1.29753
12.77 1.13079 -0.222673 1.35346
12.78 1.19644 -0.211583 1.40802
12.79 1.26146 -0.199695 1.46115
12.8 1.32555 -0.187237 1.51279
12.81 1.38843 -0.174396 1.56283
12.82 1.4497 -0.161457 1.61116
12.83 1.50918 -0.14846 1.65764
12.84 1.56662 -0.135493 1.70211
12.85 1.62175 -0.122638 1.74439
12.86 1.67415 -0.110102 1.78425
12.87 1.72372 -0.097746 1.82147
12.88 1.77022 -0.0855459 1.85577
12.89 1.81335 -0.0735126 1.88686
12.9 1.85248 -0.0619622 1.91444
12.91 1.88754 -0.0506279 1.93817
12.92 1.91812 -0.0395615 1.95768
12.93 1.94379 -0.0288168 1.97261
12.94 1.96361 -0.018943 1.98255
12.95 1.97741 -0.00970995 1.98712
12.96 1.98469 -0.00121417 1.9859
12.97 1.98492 0.00641384 1.97851
12.98 1.97698 0.0124413 1.96454
12.99 1.96082 0.017184 1.94364
13 1.9361 0.0206363 1.91546
13.01 1.90248 0.0227515 1.87973
13.02 1.85912 0.0229312 1.83619
13.03 1.80635 0.0216858 1.78466
13.04 1.74434 0.0192959 1.72504
13.05 1.67329 0.0159948 1.6573
13.06 1.593 0.0115321 1.58147
13.07 1.5043 0.00660027 1.4977
13.08 1.40798 0.00176267 1.40622
13.09 1.30472 -0.0026161 1.30734
13.1 1.19503 -0.00642714 1.20146
13.11 1.07998 -0.00908216 1.08906
13.12 0.960598 -0.0101082 0.970706
13.13 0.837742 -0.00926644 0.847008
13.14 0.712154 -0.00648768 0.718642
13.15 0.584722 -0.00159852 0.586321
13.16 0.456215 0.00542593 0.450789
13.17 0.327215 0.0144065 0.312808
13.18 0.198227 0.0250824 0.173145
13.19 0.0696791 0.0371222 0.0325569
13.2 -0.0581649 0.0500477 -0.108213
13.21 -0.185122 0.0633255 -0.248448
13.22 -0.311039 0.0764263 -0.387465
13.23 -0.435824 0.0887984 -0.524622
13.24 -0.559486 0.0998331 -0.659319
13.25 -0.681977 0.109024 -0.791001
13.26 -0.80319 0.115972 -0.919162
13.27 -0.92294 0.120401 -1.04334
13.28 -1.04109 0.122036 -1.16313
13.29 -1.15736 0.120786 -1.27815
13.3 -1.27133 0.116744 -1.38807
13.31 -1.38238 0.110246 -1.49263
13.32 -1.4901 0.101452 -1.59155
13.33 -1.59389 0.0907534 -1.68464
13.34 -1.69303 0.0786939 -1.77172
13.35 -1.78653 0.0661237 -1.85265
13.36 -1.87403 0.0532972 -1.92733
13.37 -1.95495 0.0407226 -1.99567
13.38 -2.02871 0.0289419 -2.05765
13.39 -2.09431 0.0189501 -2.11326
13.4 -2.152 0.0105252 -2.16253
13.41 -2.2016 0.00390632 -2.20551
13.42 -2.24308 -0.000787996 -2.24229
13.43 -2.27589 -0.00289248 -2.273
13.44 -2.30097 -0.00320873 -2.29776
13.45 -2.31865 -0.00190961 -2.31674
13.46 -2.32939 0.000715668 -2.33011
13.47 -2.33326 0.00477581 -2.33804
13.48 -2.33128 0.00943146 -2.34071
13.49 -2.32403 0.0142791 -2.33831
13.5 -2.312 0.0189951 -2.331
13.51 -2.29537 0.0235506 -2.31892
13.52 -2.27472 0.0274971 -2.30222
13.53 -2.25034 0.030653 -2.28099
13.54 -2.22231 0.0330221 -2.25533
13.55 -2.19038 0.034913 -2.22529
13.56 -2.15452 0.0363906 -2.19091
13.57 -2.11456 0.0376389 -2.1522
13.58 -2.07013 0.0390257 -2.10916
13.59 -2.02057 0.041198 -2.06177
13.6 -1.96557 0.044449 -2.01002
13.61 -1.90486 0.0490355 -1.9539
13.62 -1.83813 0.0552659 -1.8934
13.63 -1.76481 0.0637277 -1.82854
13.64 -1.68491 0.0744551 -1.75937
13.65 -1.59869 0.0872656 -1.68596
13.66 -1.50637 0.102055 -1.60843
13.67 -1.40811 0.118824 -1.52693
13.68 -1.30459 0.137095 -1.44169
13.69 -1.19678 0.156152 -1.35293
13.7 -1.08555 0.175423 -1.26097
13.71 -0.971822 0.194328 -1.16615
13.72 -0.856796 0.212055 -1.06885
13.73 -0.74167 0.227828 -0.969498
13.74 -0.627519 0.241029 -0.868548
13.75 -0.51547 0.251017 -0.766487
13.76 -0.406648 0.257175 -0.663823
13.77 -0.301748 0.259333 -0.561081
13.78 -0.20143 0.257371 -0.458801
13.79 -0.106328 0.251199 -0.357527
13.8 -0.0169859 0.240824 -0.25781
13.81 0.0667592 0.226959 -0.1602
13.82 0.144922 0.210163 -0.0652413
13.83 0.217553 0.191027 0.0265258
13.84 0.284699 0.170127 0.114572
13.85 0.347037 0.148657 0.19838
13.86 0.404926 0.127477 0.277449
13.87 0.458673 0.107376 0.351297
13.88 0.508391 0.088924 0.419467
13.89 0.554579 0.0730494 0.48153
13.9 0.597342 0.0602519 0.53709
13.91 0.636654 0.0508596 0.585794
13.92 0.672087 0.0447515 0.627336
13.93 0.703596 0.0421355 0.661461
13.94 0.730759 0.0427813 0.687978
13.95 0.75306 0.0462969 0.706763
13.96 0.769412 0.0516453 0.717767
13.97 0.779553 0.0585357 0.721017
13.98 0.782871 0.0662449 0.716626
13.99 0.778792 0.0740028 0.704789
14 0.766218 0.080431 0.685787
14.01 0.745292 0.0853092 0.659983
14.02 0.715919 0.0881004 0.627819
14.03 0.678127 0.088318 0.589809
14.04 0.631633 0.0851003 0.546533
14.05 0.577395 0.0787716 0.498623
14.06 0.516237 0.0694789 0.446758
14.07 0.449052 0.0574069 0.391645
14.08 0.376687 0.0426755 0.334011
14.09 0.300698 0.026108 0.27459
14.1 0.222506 0.00839864 0.214107
14.11 0.143469 -0.00980294 0.153272
14.12 0.0650644 -0.0276997 0.0927641
14.13 -0.0112471 -0.0444742 0.0332271
14.14 -0.0842802 -0.0595402 -0.02474
14.15 -0.152965 -0.0723779 -0.0805871
14.16 -0.216097 -0.0822798 -0.133817
14.17 -0.272955 -0.0889676 -0.183987
14.18 -0.323244 -0.0925348 -0.230709
14.19 -0.366688 -0.093041 -0.273647
14.2 -0.402919 -0.0904031 -0.312516
14.21 -0.432069 -0.0849904 -0.347079
14.22 -0.454701 -0.0775592 -0.377142
14.23 -0.471206 -0.0686534 -0.402553
14.24 -0.481884 -0.0586886 -0.423195
14.25 -0.487269 -0.0482804 -0.438989
14.26 -0.488149 -0.0382668 -0.449882
14.27 -0.485017 -0.0291606 -0.455856
14.28 -0.478221 -0.0213014 -0.45692
14.29 -0.468065 -0.0149566 -0.453108
14.3 -0.454963 -0.0104761 -0.444487
14.31 -0.439036 -0.00788921 -0.431147
14.32 -0.420237 -0.00702987 -0.413207
14.33 -0.398357 -0.00754279 -0.390814
14.34 -0.373381 -0.00924017 -0.364141
14.35 -0.345077 -0.0116918 -0.333385
14.36 -0.313129 -0.01436 -0.298769
14.37 -0.277051 -0.0165159 -0.260535
14.38 -0.23686 -0.0179153 -0.218945
14.39 -0.192397 -0.0181237 -0.174273
14.4 -0.143544 -0.016737 -0.126807
14.41 -0.0900603 -0.0132218 -0.0768385
14.42 -0.0324276 -0.00776435 -0.0246633
14.43 0.0290751 -0.000349267 0.0294244
14.44 0.0940649 0.00893109 0.0851338
14.45 0.162212 0.0200315 0.14218
14.46 0.232631 0.0323443 0.200287
14.47 0.304653 0.045471 0.259182
14.48 0.37757 0.0589689 0.318601
14.49 0.450597 0.0723147 0.378282
14.5 0.522944 0.0849801 0.437964
14.51 0.593937 0.096557 0.49738
14.52 0.66296 0.106704 0.556256
14.53 0.729243 0.114938 0.614305
14.54 0.792438 0.121216 0.671222
14.55 0.852212 0.125531 0.726681
14.56 0.908279 0.127947 0.780332
14.57 0.960158 0.128355 0.831803
14.58 1.00787 0.127176 0.880694
14.59 1.05137 0.124784 0.926586
14.6 1.09055 0.121508 0.969042
14.61 1.12506 0.117448 1.00761
14.62 1.15489 0.113049 1.04184
14.63 1.17998 0.108701 1.07128
14.64 1.20009 0.104599 1.09549
14.65 1.21463 0.100565 1.11407
14.66 1.22334 0.0967155 1.12662
14.67 1.22595 0.0931118 1.13284
14.68 1.22202 0.0895907 1.13243
14.69 1.21078 0.0855961 1.12518
14.7 1.19179 0.0808329 1.11096
14.71 1.16491 0.0752317 1.08968
14.72 1.12985 0.0684962 1.06135
14.73 1.08606 0.0599927 1.02607
14.74 1.03346 0.0494812 0.983979
14.75 0.972497 0.0371751 0.935322
14.76 0.903468 0.0230699 0.880398
14.77 0.826592 0.00702016 0.819572
14.78 0.74248 -0.0107829 0.753263
14.79 0.652324 -0.029615 0.681939
14.8 0.557078 -0.0490306 0.606109
14.81 0.457726 -0.0685867 0.526313
14.82 0.355473 -0.0876452 0.443118
14.83 0.251723 -0.105389 0.357112
14.84 0.147637 -0.121256 0.268893
14.85 0.044369 -0.134703 0.179072
14.86 -0.0568615 -0.145125 0.0882636
14.87 -0.15523 -0.152315 -0.00291534
14.88 -0.250015 -0.156167 -0.0938478
14.89 -0.340598 -0.156679 -0.183919
14.9 -0.426319 -0.153799 -0.27252
14.91 -0.507295 -0.148249 -0.359046
14.92 -0.583513 -0.140611 -0.442902
14.93 -0.655061 -0.131555 -0.523506
14.94 -0.721895 -0.121606 -0.600289
14.95 -0.784668 -0.111966 -0.672702
14.96 -0.843704 -0.103483 -0.740221
14.97 -0.899306 -0.0969571 -0.802349
14.98 -0.951484 -0.0928617 -0.858622
14.99 -1.00064 -0.0920222 -0.908618
15 -1.04677 -0.0948144 -0.951956
15.01 -1.08973 -0.101426 -0.988304
15.02 -1.12893 -0.111545 -1.01738
15.03 -1.16406 -0.125088 -1.03897
15.04 -1.19451 -0.141613 -1.0529
15.05 -1.21952 -0.160472 -1.05905
15.06 -1.23775 -0.180386 -1.05736
15.07 -1.24854 -0.200701 -1.04784
15.08 -1.25107 -0.220558 -1.03051
15.09 -1.24448 -0.239014 -1.00547
15.1 -1.22732 -0.254501 -0.972819
15.11 -1.19932 -0.266598 -0.932722
15.12 -1.16026 -0.27491 -0.88535
15.13 -1.10988 -0.278982 -0.830898
15.14 -1.04755 -0.277974 -0.769576
15.15 -0.973898 -0.27229 -0.701608
15.16 -0.889692 -0.262465 -0.627227
15.17 -0.795628 -0.248953 -0.546675
15.18 -0.692204 -0.231996 -0.460208
15.19 -0.580766 -0.21267 -0.368096
15.2 -0.462775 -0.192149 -0.270626
15.21 -0.339462 -0.171353 -0.168109
15.22 -0.211974 -0.151087 -0.0608872
15.23 -0.081733 -0.132396 0.0506627
15.24 0.0499501 -0.116172 0.166122
15.25 0.182018 -0.103006 0.285024
15.26 0.313479 -0.0933737 0.406853
15.27 0.44343 -0.0876059 0.531036
15.28 0.571283 -0.0856649 0.656948
15.29 0.696564 -0.0873448 0.783909
15.3 0.818824 -0.0923642 0.911188
15.31 0.937737 -0.100274 1.03801
15.32 1.05331 -0.110253 1.16356
15.33 1.16545 -0.121552 1.287
15.34 1.274 -0.133467 1.40747
15.35 1.3787 -0.145391 1.52409
15.36 1.47962 -0.156391 1.63601
15.37 1.57653 -0.165851 1.74238
15.38 1.66904 -0.173345 1.84238
15.39 1.75647 -0.178774 1.93524
15.4 1.83856 -0.181674 2.02023
15.41 1.91473 -0.181956 2.09669
15.42 1.98423 -0.179769 2.164
15.43 2.04582 -0.175823 2.22164
15.44 2.09924 -0.169926 2.26917
15.45 2.14379 -0.162403 2.30619
15.46 2.17878 -0.153653 2.33243
15.47 2.20285 -0.144825 2.34768
15.48 2.21632 -0.13547 2.35179
15.49 2.21889 -0.125841 2.34473
15.5 2.21042 -0.116109 2.32653
15.51 2.19008 -0.107218 2.2973
15.52 2.15895 -0.0982785 2.25723
15.53 2.11743 -0.0891582 2.20659
15.54 2.06601 -0.0797121 2.14572
15.55 2.00472 -0.0703309 2.07505
15.56 1.93496 -0.060109 1.99507
15.57 1.85757 -0.0487735 1.90634
15.58 1.7734 -0.0361116 1.80951
15.59 1.68292 -0.0223567 1.70528
15.6 1.58732 -0.00708406 1.5944
15.61 1.48745 0.0097351 1.47771
15.62 1.38399 0.0279112 1.35608
15.63 1.27743 0.0470253 1.2304
15.64 1.1685 0.0668692 1.10163
15.65 1.05774 0.0870275 0.970713
15.66 0.945587 0.106977 0.83861
15.67 0.832406 0.12613 0.706276
15.68 0.718652 0.144012 0.57464
15.69 0.604733 0.160137 0.444596
15.7 0.491048 0.174057 0.316991
15.71 0.37809 0.185478 0.192612
15.72 0.2664 0.194223 0.0721769
15.73 0.156495 0.20017 -0.0436748
15.74 0.0489616 0.203348 -0.154386
15.75 -0.0554214 0.204065 -0.259487
15.76 -0.155904 0.202691 -0.358595
15.77 -0.251947 0.199467 -0.451414
15.78 -0.342906 0.194826 -0.537732
15.79 -0.427962 0.189452 -0.617414
15.8 -0.506442 0.183953 -0.690395
15.81 -0.5782 0.178476 -0.756676
15.82 -0.642938 0.173374 -0.816312
15.83 -0.700287 0.169117 -0.869404
15.84 -0.75006 0.166035 -0.916095
15.85 -0.792803 0.163753 -0.956556
15.86 -0.828818 0.162171 -0.990989
15.87 -0.858407 0.161209 -1.01962
15.88 -0.881964 0.160712 -1.04268
15.89 -0.900503 0.159925 -1.06043
15.9 -0.914704 0.158441 -1.07315
15.91 -0.925218 0.155902 -1.08112
15.92 -0.932649 0.152012 -1.08466
15.93 -0.93785 0.146249 -1.0841
15.94 -0.941354 0.138432 -1.07979
15.95 -0.943586 0.128509 -1.0721
15.96 -0.944832 0.116594 -1.06143
15.97 -0.945352 0.102847 -1.0482
15.98 -0.945204 0.0876519 -1.03286
15.99 -0.944346 0.0715122 -1.01586
16 -0.942574 0.0551057 -0.99768
16.01 -0.939756 0.0390466 -0.978803
16.02 -0.935688 0.0240223 -0.95971
16.03 -0.930183 0.0106977 -0.940881
16.04 -0.922972 -0.00019444 -0.922778
16.05 -0.914121 -0.00827784 -0.905843
16.06 -0.903706 -0.0132151 -0.890491
16.07 -0.891922 -0.0148233 -0.877099
16.08 -0.879061 -0.0130577 -0.866003
16.09 -0.865721 -0.00822472 -0.857496
16.1 -0.852531 -0.000709943 -0.851821
16.11 -0.840205 0.00896704 -0.849172
16.12 -0.829705 0.0199898 -0.849695
16.13 -0.821877 0.031611 -0.853488
16.14 -0.81751 0.0430958 -0.860606
16.15 -0.817369 0.0536931 -0.871062
16.16 -0.822449 0.0623856 -0.884835
16.17 -0.833159 0.0687099 -0.901869
16.18 -0.849705 0.0723778 -0.922083
16.19 -0.872218 0.0731521 -0.94537
16.2 -0.900905 0.0706979 -0.971603
16.21 -0.935273 0.0653609 -1.00063
16.22 -0.974593 0.057704 -1.0323
16.23 -1.01814 0.0482671 -1.06641
16.24 -1.06512 0.0376389 -1.10276
16.25 -1.11437 0.0267554 -1.14113
16.26 -1.16469 0.0165652 -1.18126
16.27 -1.215 0.00787075 -1.22287
16.28 -1.26417 0.00149607 -1.26567
16.29 -1.31112 -0.00181447 -1.30931
16.3 -1.3551 -0.00167647 -1.35342
16.31 -1.3955 0.00212536 -1.39763
16.32 -1.43173 0.00975958 -1.44149
16.33 -1.46349 0.0210818 -1.48457
16.34 -1.49099 0.0354201 -1.52641
16.35 -1.51442 0.0521114 -1.56653
16.36 -1.53406 0.0703995 -1.60446
16.37 -1.55034 0.0893836 -1.63972
16.38 -1.56405 0.107817 -1.67187
16.39 -1.57576 0.124695 -1.70046
16.4 -1.58602 0.139066 -1.72509
16.41 -1.5953 0.150095 -1.74539
16.42 -1.60401 0.157052 -1.76106
16.43 -1.61231 0.159507 -1.77182
16.44 -1.62019 0.15725 -1.77744
16.45 -1.62732 0.150443 -1.77776
16.46 -1.63328 0.139389 -1.77267
16.47 -1.6374 0.12469 -1.76209
16.48 -1.63888 0.107119 -1.746
16.49 -1.63643 0.0879791 -1.72441
16.5 -1.62925 0.0681133 -1.69736
16.51 -1.61632 0.0486113 -1.66493
16.52 -1.59669 0.030512 -1.6272
16.53 -1.56877 0.0155084 -1.58428
16.54 -1.53245 0.00382365 -1.53627
16.55 -1.48726 -0.00395177 -1.48331
16.56 -1.43293 -0.00742113 -1.42551
16.57 -1.36883 -0.00582095 -1.36301
16.58 -1.29592 3.11532e-05 -1.29595
16.59 -1.21484 0.00964998 -1.22449
16.6 -1.12641 0.0223874 -1.1488
16.61 -1.03132 0.0377479 -1.06907
16.62 -0.931249 0.054275 -0.985524
16.63 -0.827582 0.0708399 -0.898422
16.64 -0.721668 0.0863884 -0.808056
16.65 -0.614889 0.0998751 -0.714764
16.66 -0.508685 0.110241 -0.618926
16.67 -0.404188 0.116781 -0.520969
16.68 -0.30235 0.119012 -0.421362
16.69 -0.204157 0.116457 -0.320614
16.7 -0.110078 0.109191 -0.219269
16.71 -0.0202817 0.0976166 -0.117898
16.72 0.0651804 0.0822723 -0.0170919
16.73 0.146259 0.0637087 0.0825503
16.74 0.223394 0.0429652 0.180429
16.75 0.297172 0.0212172 0.275955
16.76 0.368111 -0.000448859 0.36856
16.77 0.436675 -0.0210296 0.457705
16.78 0.503446 -0.039441 0.542887
16.79 0.568918 -0.0547304 0.623648
16.8 0.633374 -0.0662047 0.699579
16.81 0.696921 -0.0733988 0.77032
16.82 0.759483 -0.0760839 0.835567
16.83 0.820835 -0.0742346 0.89507
16.84 0.880547 -0.0680836 0.948631
16.85 0.937943 -0.0581619 0.996105
16.86 0.992136 -0.0452614 1.0374
16.87 1.04241 -0.0300511 1.07246
16.88 1.08792 -0.0133754 1.1013
16.89 1.12765 0.00370555 1.12394
16.9 1.1605 0.0200032 1.1405
16.91 1.18615 0.0350647 1.15109
16.92 1.20409 0.0482027 1.15589
16.93 1.21387 0.0587433 1.15513
16.94 1.21503 0.065955 1.14907
16.95 1.20827 0.0702171 1.13805
16.96 1.19402 0.0715881 1.12243
16.97 1.17284 0.0702053 1.10263
16.98 1.1453 0.0661653 1.07913
16.99 1.11294 0.060486 1.05245
17 1.0769 0.0537396 1.02316
17.01 1.03839 0.0465289 0.991861
17.02 0.998718 0.039522 0.959196
17.03 0.959277 0.0334485 0.925828
17.04 0.9212 0.0287658 0.892434
17.05 0.8855 0.0258104 0.85969
17.06 0.853372 0.0251138 0.828258
17.07 0.82528 0.0265022 0.798778
17.08 0.801666 0.029819 0.771847
17.09 0.782788 0.0347752 0.748013
17.1 0.769062 0.0413023 0.72776
17.11 0.76004 0.0485399 0.7115
17.12 0.755399 0.0558312 0.699568
17.13 0.754755 0.062542 0.692213
17.14 0.757838 0.068237 0.689601
17.15 0.763911 0.072098 0.691813
17.16 0.772429 0.0735794 0.69885
17.17 0.782935 0.0722983 0.710637
17.18 0.795116 0.0680827 0.727033
17.19 0.808594 0.0607535 0.74784
17.2 0.823172 0.0503609 0.772811
17.21 0.838793 0.0371327 0.80166
17.22 0.855575 0.0214999 0.834075
17.23 0.873671 0.00394803 0.869723
17.24 0.893291 -0.0149688 0.90826
17.25 0.914723 -0.0346125 0.949335
17.26 0.938388 -0.0542099 0.992598
17.27 0.964587 -0.0731081 1.0377
17.28 0.993483 -0.0907928 1.08428
17.29 1.02523 -0.106758 1.13199
17.3 1.06 -0.120475 1.18048
17.31 1.0977 -0.131676 1.22938
17.32 1.13796 -0.140358 1.27832
17.33 1.18041 -0.146504 1.32691
17.34 1.22457 -0.150192 1.37476
17.35 1.2697 -0.15174 1.42144
17.36 1.31493 -0.151577 1.46651
17.37 1.35943 -0.150078 1.50951
17.38 1.4022 -0.147767 1.54997
17.39 1.44212 -0.145285 1.58741
17.4 1.47837 -0.142964 1.62133
17.41 1.51011 -0.141162 1.65127
17.42 1.5364 -0.140348 1.67675
17.43 1.55628 -0.141032 1.69731
17.44 1.56952 -0.14302 1.71254
17.45 1.57575 -0.146298 1.72205
17.46 1.5746 -0.150893 1.72549
17.47 1.56556 -0.157021 1.72258
17.48 1.54918 -0.163893 1.71307
17.49 1.5256 -0.171183 1.69678
17.5 1.495 -0.17858 1.67358
17.51 1.45731 -0.186079 1.64339
17.52 1.41338 -0.192805 1.60619
17.53 1.3636 -0.198392 1.56199
17.54 1.30828 -0.202595 1.51088
17.55 1.24739 -0.205551 1.45294
17.56 1.18162 -0.206708 1.38833
17.57 1.11117 -0.206036 1.31721
17.58 1.03615 -0.203623 1.23977
17.59 0.956306 -0.199946 1.15625
17.6 0.871962 -0.194931 1.06689
17.61 0.783104 -0.188869 0.971973
17.62 0.689684 -0.182113 0.871797
17.63 0.591326 -0.17538 0.766706
17.64 0.488296 -0.168781 0.657077
17.65 0.380696 -0.162633 0.543329
17.66 0.268657 -0.15727 0.425927
17.67 0.152169 -0.153218 0.305387
17.68 0.0318363 -0.15044 0.182277
17.69 -0.0917601 -0.148975 0.0572151
17.7 -0.217987 -0.148861 -0.0691261
17.71 -0.346134 -0.150106 -0.196028
17.72 -0.475136 -0.152405 -0.322731
17.73 -0.603954 -0.155514 -0.44844
17.74 -0.731523 -0.159184 -0.572339
17.75 -0.856543 -0.162947 -0.693596
17.76 -0.977792 -0.166408 -0.811384
17.77 -1.09425 -0.169364 -0.924886
17.78 -1.20486 -0.171544 -1.03332
17.79 -1.30831 -0.172385 -1.13592
17.8 -1.40371 -0.171695 -1.23202
17.81 -1.49062 -0.169668 -1.32095
17.82 -1.56847 -0.166304 -1.40217
17.83 -1.63649 -0.161326 -1.47516
17.84 -1.69436 -0.154832 -1.53953
17.85 -1.74242 -0.147503 -1.59492
17.86 -1.78071 -0.139646 -1.64106
17.87 -1.80908 -0.131304 -1.67778
17.88 -1.82764 -0.122715 -1.70492
17.89 -1.83717 -0.114725 -1.72244
17.9 -1.83798 -0.107655 -1.73033
17.91 -1.8302 -0.101594 -1.72861
17.92 -1.81394 -0.0965705 -1.71737
17.93 -1.7899 -0.0931568 -1.69674
17.94 -1.75829 -0.0913983 -1.66689
17.95 -1.71912 -0.0911002 -1.62802
17.96 -1.67217 -0.0917979 -1.58037
17.97 -1.61793 -0.0936932 -1.52424
17.98 -1.55642 -0.0964712 -1.45995
17.99 -1.48752 -0.0996253 -1.38789
18 -1.41086 -0.102342 -1.30852
18.01 -1.32699 -0.104669 -1.22232
18.02 -1.23606 -0.106186 -1.12987
18.03 -1.13827 -0.106461 -1.03181
18.04 -1.03356 -0.104734 -0.928826
18.05 -0.922981 -0.101291 -0.82169
18.06 -0.807195 -0.0959749 -0.71122
18.07 -0.687005 -0.0887157 -0.598289
18.08 -0.56318 -0.0793708 -0.483809
18.09 -0.43718 -0.0684607 -0.368719
18.1 -0.310184 -0.0562117 -0.253972
18.11 -0.183431 -0.0429125 -0.140518
18.12 -0.0584203 -0.0291308 -0.0292895
18.13 0.0635814 -0.015236 0.0788174
18.14 0.181404 -0.00155075 0.182955
18.15 0.293963 0.0116244 0.282339
18.16 0.399811 0.0235507 0.37626
18.17 0.498448 0.0343528 0.464095
18.18 0.589402 0.0440924 0.54531
18.19 0.67231 0.0528465 0.619463
18.2 0.746501 0.0602892 0.686212
18.21 0.812392 0.0670901 0.745302
18.22 0.870392 0.073823 0.796569
18.23 0.92089 0.0809598 0.83993
18.24 0.964038 0.088661 0.875377
18.25 1.0007 0.0977331 0.902967
18.26 1.03165 0.108835 0.922815
18.27 1.05749 0.122402 0.935088
18.28 1.07854 0.138546 0.939994
18.29 1.09538 0.157601 0.937779
18.3 1.10842 0.179695 0.928725
18.31 1.11784 0.204699 0.913141
18.32 1.12349 0.232121 0.891369
18.33 1.12523 0.261451 0.863779
18.34 1.1229 0.292129 0.830771
18.35 1.11616 0.323384 0.792776
18.36 1.10436 0.354104 0.750256
18.37 1.08697 0.383268 0.703702
18.38 1.06376 0.410122 0.653638
18.39 1.03441 0.433799 0.600611
18.4 0.998464 0.453273 0.545191
18.41 0.955717 0.467756 0.487961
18.42 0.906623 0.477111 0.429512
18.43 0.851501 0.481072 0.370429
18.44 0.790753 0.479473 0.31128
18.45 0.725023 0.472417 0.252606
18.46 0.655547 0.46064 0.194907
18.47 0.58336 0.44473 0.13863
18.48 0.509583 0.425426 0.0841565
18.49 0.435504 0.403705 0.0317986
18.5 0.362373 0.380586 -0.0182127
18.51 0.291253 0.356981 -0.0657284
18.52 0.223123 0.333806 -0.110683
18.53 0.159038 0.312129 -0.153091
18.54 0.0992807 0.292324 -0.193044
18.55 0.0440998 0.274796 -0.230696
18.56 -0.00648579 0.259776 -0.266261
18.57 -0.0524641 0.247531 -0.299995
18.58 -0.0947472 0.237435 -0.332183
18.59 -0.134085 0.229041 -0.363126
18.6 -0.171382 0.221749 -0.393131
18.61 -0.207681 0.214813 -0.422494
18.62 -0.244228 0.207264 -0.451492
18.63 -0.282075 0.198303 -0.480378
18.64 -0.32219 0.187182 -0.509372
18.65 -0.365696 0.172964 -0.53866
18.66 -0.413078 0.155318 -0.568396
18.67 -0.464686 0.134017 -0.598703
18.68 -0.520657 0.109021 -0.629678
18.69 -0.581137 0.0802615 -0.661399
18.7 -0.645477 0.0484519 -0.693929
18.71 -0.712988 0.0143389 -0.727327
18.72 -0.782877 -0.0212274 -0.76165
18.73 -0.85424 -0.0572818 -0.796958
18.74 -0.925901 -0.0925806 -0.83332
18.75 -0.996834 -0.126023 -0.870811
18.76 -1.0661 -0.15659 -0.90951
18.77 -1.13269 -0.183192 -0.949498
18.78 -1.19595 -0.2051 -0.99085
18.79 -1.25554 -0.221913 -1.03363
18.8 -1.31126 -0.233395 -1.07787
18.81 -1.363 -0.23943 -1.12357
18.82 -1.41111 -0.24041 -1.1707
18.83 -1.45624 -0.237076 -1.21916
18.84 -1.49904 -0.23023 -1.26881
18.85 -1.54022 -0.220797 -1.31942
18.86 -1.58067 -0.209951 -1.37072
18.87 -1.62121 -0.198862 -1.42235
18.88 -1.66247 -0.188569 -1.4739
18.89 -1.70499 -0.18008 -1.52491
18.9 -1.74907 -0.174208 -1.57486
18.91 -1.7946 -0.171391 -1.62321
18.92 -1.84127 -0.171887 -1.66938
18.93 -1.88847 -0.175662 -1.71281
18.94 -1.93517 -0.182258 -1.75291
18.95 -1.98018 -0.191036 -1.78914
18.96 -2.02215 -0.201167 -1.82098
18.97 -2.05949 -0.211543 -1.84795
18.98 -2.09024 -0.220641 -1.8696
18.99 -2.11316 -0.227606 -1.88555
19 -2.12688 -0.231404 -1.89548
19.01 -2.12999 -0.230912 -1.89908
19.02 -2.12086 -0.22474 -1.89612
19.03 -2.09956 -0.21316 -1.8864
19.04 -2.06582 -0.196073 -1.86975
19.05 -2.01958 -0.173561 -1.84602
19.06 -1.96054 -0.145448 -1.81509
19.07 -1.89038 -0.113524 -1.77686
19.08 -1.81015 -0.0789377 -1.73121
19.09 -1.72107 -0.042997 -1.67807
19.1 -1.62409 -0.0067278 -1.61736
19.11 -1.52138 0.0276409 -1.54902
19.12 -1.41435 0.0586644 -1.47301
19.13 -1.3043 0.085042 -1.38934
19.14 -1.19233 0.105718 -1.29805
19.15 -1.07953 0.119704 -1.19923
19.16 -0.966491 0.12658 -1.09307
19.17 -0.853516 0.126296 -0.979812
19.18 -0.740611 0.119188 -0.859799
19.19 -0.627453 0.106021 -0.733474
19.2 -0.513514 0.087866 -0.60138
19.21 -0.398118 0.0660451 -0.464163
19.22 -0.280289 0.0422789 -0.322568
19.23 -0.159261 0.0181696 -0.177431
19.24 -0.0343844 -0.00471752 -0.0296669
19.25 0.0948777 -0.0248647 0.119742
19.26 0.229114 -0.040655 0.269769
19.27 0.368149 -0.0512074 0.419356
19.28 0.511485 -0.0559553 0.56744
19.29 0.658404 -0.0545649 0.712969
19.3 0.807888 -0.0470337 0.854922
19.31 0.958267 -0.0340604 0.992327
19.32 1.10773 -0.0165485 1.12428
19.33 1.25435 0.00440737 1.24994
19.34 1.39574 0.0271691 1.36857
19.35 1.52954 0.0500373 1.4795
19.36 1.65389 0.0717236 1.58217
19.37 1.76693 0.0908515 1.67608
19.38 1.86646 0.105621 1.76084
19.39 1.95095 0.114824 1.83613
19.4 2.0201 0.118412 1.90169
19.41 2.07347 0.116128 1.95734
19.42 2.11052 0.10756 2.00296
19.43 2.1315 0.093028 2.03847
19.44 2.13807 0.0742094 2.06386
19.45 2.13143 0.0522694 2.07916
19.46 2.1128 0.0283381 2.08446
19.47 2.08375 0.00383639 2.07991
19.48 2.04671 -0.0190197 2.06573
19.49 2.00347 -0.0387262 2.0422
19.5 1.95563 -0.054048 2.00968
19.51 1.90477 -0.0638554 1.96863
19.52 1.85239 -0.0671897 1.91958
19.53 1.79948 -0.063695 1.86318
19.54 1.74669 -0.0534487 1.80014
19.55 1.69445 -0.0368369 1.73129
19.56 1.64274 -0.0147769 1.65752
19.57 1.59134 0.011545 1.5798
19.58 1.5398 0.0406588 1.49914
19.59 1.48747 0.0708604 1.41661
19.6 1.43371 0.100443 1.33327
19.61 1.37792 0.127749 1.25017
19.62 1.3196 0.151256 1.16834
19.63 1.25815 0.169399 1.08875
19.64 1.19366 0.181381 1.01228
19.65 1.12632 0.186603 0.939717
19.66 1.05652 0.184776 0.871744
19.67 0.984907 0.175993 0.808914
19.68 0.912641 0.160985 0.751656
19.69 0.840905 0.140634 0.700271
19.7 0.771006 0.116073 0.654933
19.71 0.704667 0.0889604 0.615707
19.72 0.643253 0.0607015 0.582551
19.73 0.588022 0.0326807 0.555341
19.74 0.540133 0.00625313 0.53388
19.75 0.501104 -0.016814 0.517918
19.76 0.471303 -0.035867 0.50717
19.77 0.450872 -0.050456 0.501328
19.78 0.439801 -0.0602728 0.500074
19.79 0.438216 -0.0648708 0.503087
19.8 0.44508 -0.0649691 0.510049
19.81 0.45917 -0.0614752 0.520645
19.82 0.479287 -0.0552728 0.53456
19.83 0.504209 -0.0472626 0.551472
19.84 0.532197 -0.0388478 0.571045
19.85 0.561614 -0.0313062 0.59292
19.86 0.591029 -0.0256762 0.616705
19.87 0.619007 -0.0229585 0.641966
19.88 0.644261 -0.023958 0.668219
19.89 0.665955 -0.0289772 0.694932
19.9 0.683429 -0.0380918 0.721521
19.91 0.69609 -0.051265 0.747355
19.92 0.703719 -0.0680493 0.771768
19.93 0.706623 -0.087448 0.794071
19.94 0.705066 -0.108501 0.813567
19.95 0.699345 -0.130231 0.829576
19.96 0.689939 -0.15151 0.841449
19.97 0.677585 -0.171013 0.848598
19.98 0.662782 -0.187731 0.850513
19.99 0.645926 -0.200853 0.846779
20 0.627312 -0.209784 0.837096
