# Generated on Thu Aug 19 23:35:45 2021 by yr2369.
# This file was created by PDFgui.
#S 1
#L r  Gtrunc  Gdiff  Gcalc
1.99 -0.347091 0.166461 -0.513552
2 -0.391037 0.204683 -0.59572
2.01 -0.432925 0.242326 -0.675251
2.02 -0.471418 0.278882 -0.7503
2.03 -0.505396 0.313823 -0.819219
2.04 -0.533993 0.346631 -0.880624
2.05 -0.556245 0.377207 -0.933452
2.06 -0.572507 0.404487 -0.976994
2.07 -0.583063 0.427856 -1.01092
2.08 -0.588513 0.446761 -1.03527
2.09 -0.589509 0.460952 -1.05046
2.1 -0.5876 0.469606 -1.05721
2.11 -0.584048 0.47246 -1.05651
2.12 -0.580134 0.469439 -1.04957
2.13 -0.577256 0.460487 -1.03774
2.14 -0.576532 0.445892 -1.02242
2.15 -0.578779 0.426228 -1.00501
2.16 -0.584551 0.402249 -0.9868
2.17 -0.594342 0.374621 -0.968963
2.18 -0.607812 0.344644 -0.952456
2.19 -0.624422 0.313579 -0.938001
2.2 -0.643418 0.282642 -0.92606
2.21 -0.663817 0.253012 -0.916829
2.22 -0.684257 0.225988 -0.910245
2.23 -0.703462 0.202549 -0.906011
2.24 -0.720204 0.183428 -0.903632
2.25 -0.733094 0.169368 -0.902462
2.26 -0.741184 0.160574 -0.901758
2.27 -0.743941 0.156793 -0.900734
2.28 -0.74103 0.157592 -0.898622
2.29 -0.732195 0.162524 -0.894719
2.3 -0.717945 0.170493 -0.888438
2.31 -0.69923 0.180114 -0.879344
2.32 -0.677078 0.1901 -0.867178
2.33 -0.652723 0.199149 -0.851872
2.34 -0.627797 0.205753 -0.83355
2.35 -0.603888 0.208628 -0.812516
2.36 -0.582455 0.206778 -0.789233
2.37 -0.565026 0.19926 -0.764286
2.38 -0.552944 0.185404 -0.738348
2.39 -0.546833 0.165302 -0.712135
2.4 -0.547174 0.139186 -0.68636
2.41 -0.554273 0.107412 -0.661685
2.42 -0.567978 0.0707083 -0.638686
2.43 -0.587241 0.030576 -0.617817
2.44 -0.611063 -0.0116842 -0.599379
2.45 -0.638223 -0.0547178 -0.583505
2.46 -0.667139 -0.096986 -0.570153
2.47 -0.696013 -0.136909 -0.559104
2.48 -0.723243 -0.173267 -0.549976
2.49 -0.747219 -0.20498 -0.542239
2.5 -0.766154 -0.230907 -0.535247
2.51 -0.77913 -0.25087 -0.52826
2.52 -0.785284 -0.264799 -0.520485
2.53 -0.78398 -0.272875 -0.511105
2.54 -0.774461 -0.275149 -0.499312
2.55 -0.757386 -0.273046 -0.48434
2.56 -0.73313 -0.267641 -0.465489
2.57 -0.70227 -0.26013 -0.44214
2.58 -0.665191 -0.251412 -0.413779
2.59 -0.62328 -0.243286 -0.379994
2.6 -0.57739 -0.236906 -0.340484
2.61 -0.528313 -0.23326 -0.295053
2.62 -0.476566 -0.232966 -0.2436
2.63 -0.422816 -0.236704 -0.186112
2.64 -0.367272 -0.244624 -0.122648
2.65 -0.309891 -0.256564 -0.0533272
2.66 -0.250193 -0.271878 0.0216848
2.67 -0.187694 -0.289879 0.102185
2.68 -0.121663 -0.309606 0.187943
2.69 -0.0512222 -0.329925 0.278703
2.7 0.0249911 -0.349196 0.374187
2.71 0.107768 -0.366325 0.474093
2.72 0.197844 -0.380247 0.578091
2.73 0.295882 -0.389928 0.68581
2.74 0.402818 -0.394021 0.796839
2.75 0.518489 -0.392221 0.91071
2.76 0.642436 -0.384459 1.0269
2.77 0.774063 -0.370735 1.1448
2.78 0.912702 -0.351051 1.26375
2.79 1.05673 -0.326293 1.38302
2.8 1.20432 -0.297484 1.5018
2.81 1.35362 -0.265614 1.61923
2.82 1.5025 -0.231905 1.7344
2.83 1.64857 -0.197806 1.84638
2.84 1.78976 -0.164436 1.9542
2.85 1.92403 -0.132891 2.05692
2.86 2.04914 -0.104497 2.15364
2.87 2.16317 -0.0803126 2.24348
2.88 2.2652 -0.0604662 2.32567
2.89 2.35424 -0.0452484 2.39949
2.9 2.42914 -0.0352158 2.46436
2.91 2.48928 -0.030513 2.51979
2.92 2.53537 -0.030081 2.56545
2.93 2.56769 -0.0334207 2.60111
2.94 2.58643 -0.0402521 2.62668
2.95 2.59201 -0.0501906 2.6422
2.96 2.58602 -0.0617985 2.64782
2.97 2.56937 -0.074425 2.6438
2.98 2.54283 -0.0876534 2.63048
2.99 2.507 -0.101318 2.60832
3 2.46331 -0.114488 2.5778
3.01 2.4125 -0.12698 2.53948
3.02 2.35515 -0.138807 2.49396
3.03 2.29152 -0.150335 2.44186
3.04 2.22251 -0.161311 2.38382
3.05 2.14855 -0.171966 2.32052
3.06 2.06999 -0.182618 2.25261
3.07 1.98701 -0.193764 2.18077
3.08 1.90041 -0.205281 2.10569
3.09 1.81074 -0.217299 2.02804
3.1 1.71865 -0.229845 1.9485
3.11 1.62487 -0.242867 1.86774
3.12 1.53049 -0.255944 1.78643
3.13 1.43655 -0.268696 1.70525
3.14 1.34415 -0.280669 1.62482
3.15 1.25476 -0.291012 1.54577
3.16 1.1695 -0.299198 1.4687
3.17 1.08946 -0.304682 1.39414
3.18 1.01569 -0.306913 1.3226
3.19 0.949641 -0.30487 1.25451
3.2 0.891665 -0.29856 1.19023
3.21 0.842076 -0.287945 1.13002
3.22 0.801024 -0.273059 1.07408
3.23 0.768862 -0.253636 1.0225
3.24 0.744706 -0.230549 0.975255
3.25 0.727607 -0.204637 0.932244
3.26 0.716537 -0.176725 0.893262
3.27 0.710422 -0.147596 0.858018
3.28 0.707514 -0.11863 0.826144
3.29 0.706156 -0.0910533 0.797209
3.3 0.70479 -0.0659438 0.770734
3.31 0.701734 -0.0444729 0.746207
3.32 0.695428 -0.0276757 0.723104
3.33 0.684722 -0.0161808 0.700903
3.34 0.66864 -0.0104626 0.679103
3.35 0.646183 -0.0110531 0.657236
3.36 0.616932 -0.0179518 0.634884
3.37 0.581087 -0.0305967 0.611684
3.38 0.538898 -0.0484399 0.587338
3.39 0.490711 -0.0709055 0.561616
3.4 0.437386 -0.0969722 0.534358
3.41 0.380206 -0.125262 0.505468
3.42 0.320316 -0.154596 0.474912
3.43 0.258936 -0.183776 0.442712
3.44 0.197465 -0.211469 0.408934
3.45 0.137158 -0.236525 0.373683
3.46 0.079084 -0.258006 0.33709
3.47 0.0242517 -0.275052 0.299303
3.48 -0.0264074 -0.286891 0.260483
3.49 -0.0726275 -0.293419 0.220791
3.5 -0.114184 -0.29457 0.180386
3.51 -0.151 -0.29042 0.13942
3.52 -0.183123 -0.281158 0.0980354
3.53 -0.211308 -0.267672 0.0563643
3.54 -0.236148 -0.250678 0.0145298
3.55 -0.258321 -0.230968 -0.0273535
3.56 -0.278566 -0.20939 -0.0691762
3.57 -0.297852 -0.187019 -0.110833
3.58 -0.316918 -0.164701 -0.152217
3.59 -0.336428 -0.143204 -0.193224
3.6 -0.357057 -0.123316 -0.233741
3.61 -0.379146 -0.10549 -0.273656
3.62 -0.402911 -0.0900593 -0.312852
3.63 -0.428411 -0.0772039 -0.351207
3.64 -0.455647 -0.0670452 -0.388602
3.65 -0.484188 -0.0592709 -0.424917
3.66 -0.513613 -0.053574 -0.460039
3.67 -0.543411 -0.0495489 -0.493862
3.68 -0.57293 -0.0466375 -0.526293
3.69 -0.601501 -0.0442498 -0.557251
3.7 -0.628516 -0.0418399 -0.586676
3.71 -0.653403 -0.0388783 -0.614525
3.72 -0.675454 -0.0346793 -0.640775
3.73 -0.694368 -0.0289435 -0.665424
3.74 -0.709925 -0.0214323 -0.688493
3.75 -0.721994 -0.0119768 -0.710017
3.76 -0.730375 -0.000322102 -0.730053
3.77 -0.735373 0.0132965 -0.74867
3.78 -0.737353 0.0285958 -0.765949
3.79 -0.736709 0.0452727 -0.781982
3.8 -0.733845 0.0630201 -0.796865
3.81 -0.729436 0.0812629 -0.810699
3.82 -0.724134 0.0994493 -0.823583
3.83 -0.718537 0.117079 -0.835616
3.84 -0.713268 0.133621 -0.846889
3.85 -0.708925 0.148564 -0.857489
3.86 -0.705951 0.161539 -0.86749
3.87 -0.704719 0.172239 -0.876958
3.88 -0.705593 0.180351 -0.885944
3.89 -0.708758 0.185724 -0.894482
3.9 -0.714168 0.188425 -0.902593
3.91 -0.721761 0.188515 -0.910276
3.92 -0.731441 0.186074 -0.917515
3.93 -0.742952 0.181319 -0.924271
3.94 -0.755875 0.174611 -0.930486
3.95 -0.769845 0.166239 -0.936084
3.96 -0.784476 0.156498 -0.940974
3.97 -0.799324 0.145727 -0.945051
3.98 -0.813978 0.134224 -0.948202
3.99 -0.828096 0.122215 -0.950311
4 -0.841366 0.109905 -0.951271
4.01 -0.853503 0.0974824 -0.950985
4.02 -0.864429 0.0849545 -0.949383
4.03 -0.874098 0.0723291 -0.946427
4.04 -0.882526 0.0595949 -0.942121
4.05 -0.889792 0.0467294 -0.936521
4.06 -0.896183 0.0335611 -0.929744
4.07 -0.901959 0.0200098 -0.921969
4.08 -0.907424 0.00601841 -0.913442
4.09 -0.912947 -0.00846933 -0.904478
4.1 -0.91889 -0.023441 -0.895449
4.11 -0.925573 -0.0387892 -0.886784
4.12 -0.933284 -0.0543339 -0.87895
4.13 -0.942371 -0.0699307 -0.87244
4.14 -0.952898 -0.0851467 -0.867751
4.15 -0.964927 -0.0995646 -0.865362
4.16 -0.978429 -0.112718 -0.865711
4.17 -0.993367 -0.124197 -0.86917
4.18 -1.00939 -0.133369 -0.876021
4.19 -1.02618 -0.139746 -0.886434
4.2 -1.04333 -0.142881 -0.900449
4.21 -1.06035 -0.142388 -0.917962
4.22 -1.0767 -0.137983 -0.938717
4.23 -1.09187 -0.129567 -0.962303
4.24 -1.10536 -0.117199 -0.988161
4.25 -1.11653 -0.100935 -1.0156
4.26 -1.12504 -0.0812483 -1.04379
4.27 -1.13058 -0.0587352 -1.07184
4.28 -1.13293 -0.0341412 -1.09879
4.29 -1.13175 -0.00811801 -1.12363
4.3 -1.12712 0.0182744 -1.14539
4.31 -1.1192 0.0439459 -1.16315
4.32 -1.10815 0.0678932 -1.17604
4.33 -1.0941 0.0892636 -1.18336
4.34 -1.07743 0.107104 -1.18453
4.35 -1.05858 0.120571 -1.17915
4.36 -1.03786 0.129142 -1.167
4.37 -1.01553 0.132531 -1.14806
4.38 -0.991893 0.130602 -1.12249
4.39 -0.96716 0.123487 -1.09065
4.4 -0.941401 0.111617 -1.05302
4.41 -0.914535 0.0957036 -1.01024
4.42 -0.886366 0.0766687 -0.963035
4.43 -0.856648 0.0555441 -0.912192
4.44 -0.824993 0.0335232 -0.858516
4.45 -0.790833 0.0119598 -0.802793
4.46 -0.753507 -0.00775578 -0.745751
4.47 -0.712565 -0.024533 -0.688032
4.48 -0.667453 -0.0372927 -0.63016
4.49 -0.617527 -0.045 -0.572527
4.5 -0.56215 -0.0467716 -0.515378
4.51 -0.501296 -0.0424811 -0.458815
4.52 -0.434824 -0.0320253 -0.402799
4.53 -0.362652 -0.0154818 -0.34717
4.54 -0.284794 0.00687718 -0.291671
4.55 -0.202045 0.0339296 -0.235975
4.56 -0.115027 0.0646913 -0.179718
4.57 -0.0244934 0.0980473 -0.122541
4.58 0.0686443 0.132761 -0.0641167
4.59 0.163065 0.167256 -0.00419131
4.6 0.257628 0.200237 0.0573911
4.61 0.351147 0.230484 0.120663
4.62 0.442184 0.256667 0.185517
4.63 0.529724 0.278025 0.251699
4.64 0.612783 0.293978 0.318805
4.65 0.690503 0.304209 0.386294
4.66 0.761646 0.308144 0.453502
4.67 0.826161 0.306495 0.519666
4.68 0.883764 0.299812 0.583952
4.69 0.934338 0.28885 0.645488
4.7 0.977435 0.274036 0.703399
4.71 1.01376 0.25692 0.75684
4.72 1.04371 0.238681 0.805029
4.73 1.06769 0.220415 0.847275
4.74 1.08581 0.202811 0.882999
4.75 1.09886 0.187104 0.911756
4.76 1.1073 0.174061 0.933239
4.77 1.11143 0.164142 0.947288
4.78 1.11124 0.157361 0.953879
4.79 1.10696 0.153838 0.953122
4.8 1.09861 0.153374 0.945236
4.81 1.08599 0.155453 0.930537
4.82 1.06852 0.159108 0.909412
4.83 1.04587 0.163574 0.882296
4.84 1.01769 0.168039 0.849651
4.85 0.983489 0.171544 0.811945
4.86 0.942468 0.172838 0.76963
4.87 0.894278 0.171141 0.723137
4.88 0.838853 0.165994 0.672859
4.89 0.776053 0.156899 0.619154
4.9 0.705598 0.143258 0.56234
4.91 0.627778 0.125072 0.502706
4.92 0.543335 0.102818 0.440517
4.93 0.452914 0.0768875 0.376027
4.94 0.357189 0.047698 0.309491
4.95 0.257259 0.0160792 0.24118
4.96 0.154499 -0.01689 0.171389
4.97 0.050125 -0.0503255 0.100451
4.98 -0.0545716 -0.0833098 0.0287382
4.99 -0.15815 -0.114821 -0.0433286
5 -0.259404 -0.144117 -0.115287
5.01 -0.357242 -0.170607 -0.186635
5.02 -0.450584 -0.193742 -0.256842
5.03 -0.538367 -0.213008 -0.325359
5.04 -0.620285 -0.22865 -0.391635
5.05 -0.695965 -0.240834 -0.455131
5.06 -0.765116 -0.249779 -0.515337
5.07 -0.82745 -0.255661 -0.571789
5.08 -0.88359 -0.259513 -0.624077
5.09 -0.933871 -0.262009 -0.671862
5.1 -0.978672 -0.263795 -0.714877
5.11 -1.01824 -0.26531 -0.75293
5.12 -1.05349 -0.267585 -0.785905
5.13 -1.08489 -0.271137 -0.813753
5.14 -1.11288 -0.276397 -0.836483
5.15 -1.13759 -0.283441 -0.854149
5.16 -1.15948 -0.292648 -0.866832
5.17 -1.17862 -0.303991 -0.874629
5.18 -1.19492 -0.317289 -0.877631
5.19 -1.20788 -0.331969 -0.875911
5.2 -1.21733 -0.347822 -0.869508
5.21 -1.22275 -0.364328 -0.858422
5.22 -1.22353 -0.38093 -0.8426
5.23 -1.21854 -0.396597 -0.821943
5.24 -1.20729 -0.410989 -0.796301
5.25 -1.18908 -0.423598 -0.765482
5.26 -1.16318 -0.433914 -0.729266
5.27 -1.12827 -0.440857 -0.687413
5.28 -1.08409 -0.444405 -0.639685
5.29 -1.03026 -0.444404 -0.585856
5.3 -0.966379 -0.44064 -0.525739
5.31 -0.891525 -0.432331 -0.459194
5.32 -0.805936 -0.419788 -0.386148
5.33 -0.709863 -0.403256 -0.306607
5.34 -0.60346 -0.382796 -0.220664
5.35 -0.486515 -0.358014 -0.128501
5.36 -0.359772 -0.329374 -0.0303977
5.37 -0.224102 -0.29738 0.0732783
5.38 -0.080205 -0.262279 0.182074
5.39 0.0714038 -0.224058 0.295462
5.4 0.229586 -0.183263 0.412849
5.41 0.393054 -0.140541 0.533595
5.42 0.560701 -0.0963182 0.657019
5.43 0.731413 -0.0510053 0.782418
5.44 0.903772 -0.00530522 0.909077
5.45 1.07636 0.0400799 1.03628
5.46 1.24787 0.084552 1.16332
5.47 1.41683 0.127334 1.2895
5.48 1.5817 0.167566 1.41413
5.49 1.74129 0.204716 1.53657
5.5 1.89439 0.238219 1.65617
5.51 2.03959 0.26729 1.7723
5.52 2.17545 0.291105 1.88434
5.53 2.30148 0.309778 1.9917
5.54 2.41687 0.323095 2.09377
5.55 2.52073 0.330755 2.18997
5.56 2.61207 0.332349 2.27972
5.57 2.69128 0.328837 2.36244
5.58 2.75823 0.320642 2.43759
5.59 2.81278 0.308151 2.50463
5.6 2.85448 0.29141 2.56307
5.61 2.8845 0.272037 2.61246
5.62 2.90325 0.250832 2.65242
5.63 2.91116 0.228547 2.68261
5.64 2.90815 0.205339 2.70281
5.65 2.89561 0.182743 2.71287
5.66 2.87411 0.161374 2.71274
5.67 2.84418 0.141699 2.70248
5.68 2.80573 0.123457 2.68227
5.69 2.75987 0.107479 2.65239
5.7 2.70696 0.0937443 2.61322
5.71 2.64727 0.0820507 2.56522
5.72 2.58056 0.0716038 2.50896
5.73 2.50748 0.0624344 2.44505
5.74 2.42821 0.0540542 2.37416
5.75 2.34288 0.045895 2.29699
5.76 2.25123 0.0369859 2.21424
5.77 2.15384 0.0272017 2.12664
5.78 2.05102 0.0161686 2.03485
5.79 1.94312 0.00358776 1.93953
5.8 1.8303 -0.0109838 1.84128
5.81 1.7134 -0.027256 1.74066
5.82 1.59314 -0.0450022 1.63814
5.83 1.47026 -0.0639185 1.53418
5.84 1.34555 -0.083597 1.42915
5.85 1.22005 -0.103332 1.32338
5.86 1.09472 -0.122455 1.21718
5.87 0.970453 -0.140338 1.11079
5.88 0.848269 -0.1562 1.00447
5.89 0.729027 -0.169411 0.898438
5.9 0.613346 -0.17958 0.792926
5.91 0.501787 -0.186374 0.688161
5.92 0.394993 -0.18939 0.584383
5.93 0.293222 -0.188619 0.481841
5.94 0.196386 -0.184411 0.380797
5.95 0.10443 -0.17709 0.28152
5.96 0.017332 -0.166948 0.18428
5.97 -0.0652304 -0.154579 0.0893486
5.98 -0.143857 -0.140838 -0.00301858
5.99 -0.218985 -0.126401 -0.0925837
6 -0.290986 -0.111848 -0.179138
6.01 -0.360301 -0.0977946 -0.262506
6.02 -0.427453 -0.0848949 -0.342558
6.03 -0.49274 -0.0735341 -0.419206
6.04 -0.556331 -0.0639204 -0.492411
6.05 -0.618283 -0.056104 -0.562179
6.06 -0.678662 -0.0501009 -0.628561
6.07 -0.737348 -0.0457036 -0.691644
6.08 -0.794099 -0.0425526 -0.751546
6.09 -0.84852 -0.0401142 -0.808406
6.1 -0.900421 -0.0380484 -0.862373
6.11 -0.949494 -0.0358955 -0.913598
6.12 -0.995414 -0.0331863 -0.962228
6.13 -1.03773 -0.0293414 -1.00839
6.14 -1.07653 -0.0243423 -1.05219
6.15 -1.11176 -0.0180549 -1.09371
6.16 -1.14345 -0.0104569 -1.13299
6.17 -1.17153 -0.00145382 -1.17008
6.18 -1.19657 0.00838448 -1.20495
6.19 -1.21888 0.0187285 -1.23761
6.2 -1.23888 0.0291259 -1.26801
6.21 -1.25688 0.0392291 -1.29611
6.22 -1.27347 0.0484134 -1.32188
6.23 -1.28902 0.0562851 -1.34531
6.24 -1.30384 0.0625288 -1.36637
6.25 -1.3181 0.0669927 -1.38509
6.26 -1.3319 0.0696227 -1.40152
6.27 -1.34519 0.0705442 -1.41573
6.28 -1.35776 0.0700715 -1.42783
6.29 -1.36922 0.0687244 -1.43794
6.3 -1.37913 0.0670936 -1.44622
6.31 -1.38703 0.0658037 -1.45283
6.32 -1.39239 0.0655549 -1.45794
6.33 -1.39448 0.0672443 -1.46172
6.34 -1.3929 0.0714272 -1.46433
6.35 -1.38737 0.0785184 -1.46589
6.36 -1.37768 0.0888356 -1.46652
6.37 -1.36353 0.102754 -1.46628
6.38 -1.34521 0.120023 -1.46523
6.39 -1.32319 0.140175 -1.46337
6.4 -1.29801 0.162639 -1.46065
6.41 -1.27028 0.186742 -1.45702
6.42 -1.24101 0.211387 -1.4524
6.43 -1.21123 0.235441 -1.44667
6.44 -1.18194 0.257793 -1.43973
6.45 -1.1542 0.277275 -1.43147
6.46 -1.12905 0.292751 -1.4218
6.47 -1.10718 0.303457 -1.41064
6.48 -1.08918 0.308757 -1.39794
6.49 -1.07556 0.308128 -1.38369
6.5 -1.0665 0.301419 -1.36792
6.51 -1.06164 0.289056 -1.3507
6.52 -1.06054 0.271583 -1.33212
6.53 -1.06265 0.249693 -1.31234
6.54 -1.06707 0.224456 -1.29153
6.55 -1.07264 0.197227 -1.26987
6.56 -1.0783 0.169274 -1.24757
6.57 -1.08293 0.141933 -1.22486
6.58 -1.08534 0.116611 -1.20195
6.59 -1.08473 0.0943117 -1.17904
6.6 -1.08044 0.0758872 -1.15633
6.61 -1.07198 0.0619977 -1.13398
6.62 -1.05898 0.0531608 -1.11214
6.63 -1.04194 0.0490007 -1.09094
6.64 -1.02134 0.0491387 -1.07048
6.65 -0.997921 0.0529154 -1.05084
6.66 -0.972695 0.0593852 -1.03208
6.67 -0.947085 0.0671812 -1.01427
6.68 -0.922405 0.0750413 -0.997446
6.69 -0.900017 0.0816568 -0.981674
6.7 -0.881637 0.0853715 -0.967008
6.71 -0.868255 0.0852655 -0.95352
6.72 -0.860839 0.0804538 -0.941293
6.73 -0.860111 0.0703104 -0.930421
6.74 -0.867076 0.0539382 -0.921014
6.75 -0.881253 0.0319342 -0.913187
6.76 -0.902315 0.00474432 -0.907059
6.77 -0.929652 -0.0269069 -0.902745
6.78 -0.962652 -0.0623051 -0.900347
6.79 -0.999684 -0.0997376 -0.899946
6.8 -1.03934 -0.137745 -0.901595
6.81 -1.08019 -0.174882 -0.905308
6.82 -1.12061 -0.209556 -0.911054
6.83 -1.15907 -0.240318 -0.918752
6.84 -1.19434 -0.266071 -0.928269
6.85 -1.22537 -0.285956 -0.939414
6.86 -1.25102 -0.299073 -0.951947
6.87 -1.27094 -0.305365 -0.965575
6.88 -1.28511 -0.305146 -0.979964
6.89 -1.29365 -0.29891 -0.99474
6.9 -1.29672 -0.287213 -1.00951
6.91 -1.29515 -0.271303 -1.02385
6.92 -1.28992 -0.252583 -1.03734
6.93 -1.28189 -0.232336 -1.04955
6.94 -1.27193 -0.211843 -1.06009
6.95 -1.261 -0.192456 -1.06854
6.96 -1.24981 -0.175257 -1.07455
6.97 -1.23884 -0.161067 -1.07777
6.98 -1.22832 -0.150431 -1.07789
6.99 -1.21816 -0.143545 -1.07461
7 -1.20793 -0.14024 -1.06769
7.01 -1.19695 -0.140072 -1.05688
7.02 -1.18421 -0.14225 -1.04196
7.03 -1.16838 -0.14565 -1.02273
7.04 -1.14823 -0.149236 -0.998994
7.05 -1.12245 -0.151889 -0.970561
7.06 -1.08947 -0.152225 -0.937245
7.07 -1.04771 -0.148848 -0.898862
7.08 -0.996526 -0.141294 -0.855232
7.09 -0.935148 -0.128969 -0.806179
7.1 -0.862863 -0.111323 -0.75154
7.11 -0.779081 -0.0879128 -0.691168
7.12 -0.68471 -0.0597667 -0.624943
7.13 -0.58033 -0.0275524 -0.552778
7.14 -0.466701 0.00792597 -0.474627
7.15 -0.3447 0.0457989 -0.390499
7.16 -0.21634 0.084121 -0.300461
7.17 -0.0831354 0.121512 -0.204648
7.18 0.0533586 0.156624 -0.103265
7.19 0.191536 0.188131 0.00340508
7.2 0.329717 0.214709 0.115008
7.21 0.466636 0.235522 0.231114
7.22 0.601228 0.250002 0.351226
7.23 0.732371 0.257586 0.474785
7.24 0.859771 0.258593 0.601178
7.25 0.983211 0.25346 0.729751
7.26 1.10271 0.242894 0.859816
7.27 1.21826 0.227596 0.990664
7.28 1.33058 0.209003 1.12158
7.29 1.44022 0.188383 1.25184
7.3 1.54774 0.167007 1.38073
7.31 1.6536 0.146028 1.50757
7.32 1.75836 0.126675 1.63168
7.33 1.86229 0.109867 1.75242
7.34 1.96546 0.0962886 1.86917
7.35 2.06764 0.0863014 1.98134
7.36 2.16841 0.0800475 2.08836
7.37 2.26712 0.0774138 2.18971
7.38 2.36289 0.078034 2.28486
7.39 2.4544 0.0810802 2.37332
7.4 2.54045 0.0858243 2.45463
7.41 2.61989 0.091569 2.52832
7.42 2.69149 0.0975165 2.59397
7.43 2.75354 0.102367 2.65117
7.44 2.80504 0.105503 2.69954
7.45 2.84539 0.106678 2.73871
7.46 2.87396 0.105577 2.76838
7.47 2.88977 0.101489 2.78828
7.48 2.89272 0.094531 2.79819
7.49 2.88341 0.0854608 2.79795
7.5 2.86216 0.0746871 2.78747
7.51 2.82911 0.0623653 2.76674
7.52 2.78498 0.0491521 2.73583
7.53 2.73108 0.0362127 2.69487
7.54 2.66826 0.0241698 2.64409
7.55 2.59716 0.0133555 2.5838
7.56 2.51856 0.00416484 2.5144
7.57 2.43357 -0.00274842 2.43632
7.58 2.34279 -0.00730363 2.35009
7.59 2.2466 -0.00969406 2.25629
7.6 2.14521 -0.0103265 2.15554
7.61 2.03913 -0.00934021 2.04847
7.62 1.92849 -0.00727613 1.93577
7.63 1.81325 -0.00485632 1.81811
7.64 1.69324 -0.00293461 1.69617
7.65 1.56879 -0.00185855 1.57065
7.66 1.44 -0.00219302 1.44219
7.67 1.307 -0.00445568 1.31146
7.68 1.16994 -0.00912422 1.17906
7.69 1.02959 -0.0160353 1.04563
7.7 0.886581 -0.0251442 0.911725
7.71 0.741689 -0.0362421 0.777931
7.72 0.595864 -0.0489297 0.644794
7.73 0.450295 -0.0625549 0.51285
7.74 0.306081 -0.0765442 0.382625
7.75 0.164346 -0.0902898 0.254636
7.76 0.0265848 -0.102805 0.12939
7.77 -0.106379 -0.113765 0.00738643
7.78 -0.233663 -0.122779 -0.110884
7.79 -0.354533 -0.129589 -0.224944
7.8 -0.467888 -0.133556 -0.334332
7.81 -0.573847 -0.135238 -0.438609
7.82 -0.672371 -0.135009 -0.537362
7.83 -0.76356 -0.133348 -0.630212
7.84 -0.847248 -0.130429 -0.716819
7.85 -0.9243 -0.127414 -0.796886
7.86 -0.995353 -0.125183 -0.87017
7.87 -1.06099 -0.124515 -0.936475
7.88 -1.12154 -0.125876 -0.995664
7.89 -1.17776 -0.130107 -1.04765
7.9 -1.23016 -0.137751 -1.09241
7.91 -1.27898 -0.14903 -1.12995
7.92 -1.32411 -0.163771 -1.16034
7.93 -1.3655 -0.181823 -1.18368
7.94 -1.40291 -0.202816 -1.20009
7.95 -1.43583 -0.226081 -1.20975
7.96 -1.46334 -0.250526 -1.21281
7.97 -1.48464 -0.275163 -1.20948
7.98 -1.49909 -0.299162 -1.19993
7.99 -1.50589 -0.321527 -1.18436
8 -1.50388 -0.340903 -1.16298
8.01 -1.49239 -0.356421 -1.13597
8.02 -1.47131 -0.367771 -1.10354
8.03 -1.44042 -0.374527 -1.06589
8.04 -1.3994 -0.376149 -1.02325
8.05 -1.34847 -0.372619 -0.975851
8.06 -1.28868 -0.364726 -0.923954
8.07 -1.22084 -0.352986 -0.867854
8.08 -1.1458 -0.337917 -0.807883
8.09 -1.06479 -0.320375 -0.744415
8.1 -0.979527 -0.301657 -0.67787
8.11 -0.8914 -0.282683 -0.608717
8.12 -0.801804 -0.26433 -0.537474
8.13 -0.712231 -0.247531 -0.4647
8.14 -0.623967 -0.232969 -0.390998
8.15 -0.53805 -0.221053 -0.316997
8.16 -0.455398 -0.212044 -0.243354
8.17 -0.376899 -0.206165 -0.170734
8.18 -0.302715 -0.202915 -0.0998002
8.19 -0.233013 -0.201808 -0.031205
8.2 -0.16782 -0.202247 0.0344272
8.21 -0.107193 -0.203703 0.0965097
8.22 -0.0504916 -0.204997 0.154505
8.23 0.00266752 -0.205268 0.207936
8.24 0.0526787 -0.203709 0.256388
8.25 0.0997556 -0.199767 0.299522
8.26 0.144446 -0.192628 0.337074
8.27 0.186953 -0.181902 0.368855
8.28 0.227364 -0.167391 0.394755
8.29 0.26546 -0.149277 0.414737
8.3 0.301194 -0.127642 0.428836
8.31 0.334269 -0.102887 0.437156
8.32 0.364298 -0.0755646 0.439863
8.33 0.390549 -0.0466295 0.437179
8.34 0.412743 -0.0166388 0.429382
8.35 0.4305 0.0137006 0.416799
8.36 0.443486 0.0436819 0.399804
8.37 0.451146 0.0723345 0.378812
8.38 0.45367 0.0993921 0.354278
8.39 0.451283 0.124585 0.326698
8.4 0.444304 0.147703 0.296601
8.41 0.433046 0.168493 0.264553
8.42 0.418444 0.187294 0.23115
8.43 0.401453 0.204439 0.197014
8.44 0.383039 0.220246 0.162793
8.45 0.364289 0.235139 0.12915
8.46 0.346409 0.249651 0.0967581
8.47 0.33043 0.26414 0.0662901
8.48 0.317294 0.278885 0.0384087
8.49 0.308026 0.294272 0.0137543
8.5 0.303309 0.310377 -0.00706797
8.51 0.303431 0.326932 -0.0235012
8.52 0.308609 0.343659 -0.0350504
8.53 0.319046 0.360341 -0.041295
8.54 0.334505 0.376406 -0.041901
8.55 0.35435 0.390981 -0.0366308
8.56 0.378014 0.403365 -0.0253514
8.57 0.404892 0.412932 -0.00804005
8.58 0.434154 0.418941 0.0152133
8.59 0.464859 0.420653 0.044206
8.6 0.496238 0.417612 0.0786258
8.61 0.527556 0.409499 0.118057
8.62 0.558094 0.396105 0.161989
8.63 0.587372 0.377544 0.209828
8.64 0.615029 0.354121 0.260908
8.65 0.640791 0.326285 0.314506
8.66 0.66447 0.294614 0.369856
8.67 0.686209 0.260045 0.426164
8.68 0.706113 0.223491 0.482622
8.69 0.724318 0.185897 0.538421
8.7 0.740946 0.148182 0.592764
8.71 0.756271 0.111394 0.644877
8.72 0.770404 0.0763866 0.694017
8.73 0.783378 0.0438968 0.739481
8.74 0.795043 0.0144336 0.780609
8.75 0.805294 -0.0114988 0.816793
8.76 0.813837 -0.0336379 0.847475
8.77 0.820272 -0.0518827 0.872155
8.78 0.823847 -0.0665421 0.890389
8.79 0.824154 -0.0776399 0.901794
8.8 0.820586 -0.0854605 0.906046
8.81 0.812528 -0.0903591 0.902887
8.82 0.798952 -0.0931695 0.892121
8.83 0.779645 -0.0939782 0.873623
8.84 0.75421 -0.0931262 0.847336
8.85 0.722332 -0.090946 0.813278
8.86 0.683361 -0.0881804 0.771541
8.87 0.637653 -0.0846436 0.722297
8.88 0.58542 -0.0803726 0.665793
8.89 0.526926 -0.0754301 0.602356
8.9 0.462224 -0.0701666 0.532391
8.91 0.39214 -0.0642322 0.456372
8.92 0.317373 -0.0574717 0.374845
8.93 0.238561 -0.0498511 0.288412
8.94 0.156227 -0.0415025 0.197729
8.95 0.0712288 -0.0322634 0.103492
8.96 -0.0157081 -0.022132 0.00642387
8.97 -0.10398 -0.0112429 -0.0927371
8.98 -0.193042 0.000208569 -0.193251
8.99 -0.282324 0.0120647 -0.294389
9 -0.371376 0.0240727 -0.395449
9.01 -0.459821 0.0359434 -0.495764
9.02 -0.547266 0.0474508 -0.594717
9.03 -0.633373 0.0583692 -0.691742
9.04 -0.717895 0.0684431 -0.786338
9.05 -0.800551 0.0775157 -0.878067
9.06 -0.880965 0.0855909 -0.966556
9.07 -0.958779 0.0927188 -1.0515
9.08 -1.03377 0.0988756 -1.13265
9.09 -1.10562 0.104188 -1.20981
9.1 -1.17387 0.108971 -1.28284
9.11 -1.23809 0.113556 -1.35165
9.12 -1.29818 0.117972 -1.41615
9.13 -1.35389 0.122429 -1.47632
9.14 -1.40494 0.127183 -1.53212
9.15 -1.45108 0.132473 -1.58355
9.16 -1.4926 0.138007 -1.63061
9.17 -1.52965 0.143637 -1.67329
9.18 -1.5624 0.149198 -1.7116
9.19 -1.59109 0.154461 -1.74555
9.2 -1.61646 0.1587 -1.77516
9.21 -1.63905 0.161397 -1.80045
9.22 -1.65944 0.162006 -1.82145
9.23 -1.6782 0.160006 -1.83821
9.24 -1.69608 0.154714 -1.85079
9.25 -1.71358 0.145718 -1.8593
9.26 -1.73113 0.132703 -1.86383
9.27 -1.74908 0.115457 -1.86454
9.28 -1.76752 0.0940551 -1.86158
9.29 -1.78641 0.0687282 -1.85514
9.3 -1.80551 0.0399283 -1.84544
9.31 -1.82437 0.00833645 -1.83271
9.32 -1.84238 -0.0251925 -1.81719
9.33 -1.85885 -0.0597149 -1.79914
9.34 -1.87301 -0.0942046 -1.77881
9.35 -1.88373 -0.127278 -1.75645
9.36 -1.89035 -0.158029 -1.73232
9.37 -1.89218 -0.185535 -1.70665
9.38 -1.88858 -0.208938 -1.67964
9.39 -1.87871 -0.227199 -1.65151
9.4 -1.8626 -0.240168 -1.62243
9.41 -1.84036 -0.247793 -1.59257
9.42 -1.81222 -0.250161 -1.56206
9.43 -1.77836 -0.247322 -1.53104
9.44 -1.73978 -0.24016 -1.49962
9.45 -1.6975 -0.229586 -1.46791
9.46 -1.65255 -0.216527 -1.43602
9.47 -1.60602 -0.201975 -1.40405
9.48 -1.55923 -0.187151 -1.37208
9.49 -1.5133 -0.173077 -1.34022
9.5 -1.46922 -0.16065 -1.30857
9.51 -1.42797 -0.150757 -1.27721
9.52 -1.39016 -0.143924 -1.24624
9.53 -1.35602 -0.14031 -1.21571
9.54 -1.32558 -0.139895 -1.18568
9.55 -1.29873 -0.142542 -1.15619
9.56 -1.27487 -0.147658 -1.12721
9.57 -1.25306 -0.154351 -1.09871
9.58 -1.23231 -0.161726 -1.07058
9.59 -1.21145 -0.16876 -1.04269
9.6 -1.18905 -0.174226 -1.01482
9.61 -1.16386 -0.177134 -0.986726
9.62 -1.13467 -0.176593 -0.958077
9.63 -1.10021 -0.171707 -0.928503
9.64 -1.05926 -0.161677 -0.897583
9.65 -1.01138 -0.146532 -0.864848
9.66 -0.956117 -0.126318 -0.829799
9.67 -0.893038 -0.101124 -0.791914
9.68 -0.821895 -0.0712368 -0.750658
9.69 -0.743425 -0.0379246 -0.7055
9.7 -0.658094 -0.00217006 -0.655924
9.71 -0.566429 0.035011 -0.60144
9.72 -0.468973 0.0726264 -0.541599
9.73 -0.366913 0.109091 -0.476004
9.74 -0.261015 0.143301 -0.404316
9.75 -0.15196 0.174305 -0.326265
9.76 -0.0402528 0.201401 -0.241654
9.77 0.0734484 0.223813 -0.150365
9.78 0.188868 0.241229 -0.0523608
9.79 0.305895 0.25358 0.0523153
9.8 0.424708 0.26117 0.163538
9.81 0.545395 0.264291 0.281104
9.82 0.668254 0.263526 0.404728
9.83 0.793636 0.259583 0.534053
9.84 0.922158 0.253511 0.668647
9.85 1.05393 0.245923 0.808007
9.86 1.18913 0.237568 0.951562
9.87 1.32779 0.229117 1.09867
9.88 1.46997 0.221331 1.24864
9.89 1.61502 0.214325 1.40069
9.9 1.76226 0.208244 1.55402
9.91 1.91081 0.203089 1.70772
9.92 2.0595 0.198623 1.86088
9.93 2.20688 0.194379 2.0125
9.94 2.3515 0.18993 2.16157
9.95 2.49181 0.184781 2.30703
9.96 2.62582 0.178022 2.4478
9.97 2.75202 0.169235 2.58278
9.98 2.86913 0.158229 2.7109
9.99 2.97586 0.144788 2.83107
10 3.07049 0.128234 2.94226
10.01 3.15233 0.108871 3.04346
10.02 3.22115 0.0873996 3.13375
10.03 3.27664 0.0643595 3.21228
10.04 3.3181 0.0398052 3.27829
10.05 3.34585 0.0147028 3.33115
10.06 3.36072 -0.00959188 3.37031
10.07 3.3632 -0.032192 3.39539
10.08 3.35343 -0.0526962 3.40613
10.09 3.33209 -0.0703016 3.40239
10.1 3.30027 -0.0839341 3.3842
10.11 3.25851 -0.0932059 3.35172
10.12 3.20697 -0.09824 3.30521
10.13 3.14591 -0.0991826 3.24509
10.14 3.07595 -0.0959328 3.17188
10.15 2.99721 -0.088992 3.0862
10.16 2.90942 -0.0793412 2.98876
10.17 2.81225 -0.0680987 2.88035
10.18 2.70605 -0.0557672 2.76182
10.19 2.59074 -0.0433314 2.63407
10.2 2.46608 -0.0319773 2.49806
10.21 2.33183 -0.0229216 2.35475
10.22 2.18881 -0.0163423 2.20515
10.23 2.03747 -0.0128015 2.05027
10.24 1.8784 -0.0127286 1.89113
10.25 1.71225 -0.0164942 1.72874
10.26 1.54071 -0.0234257 1.56414
10.27 1.36514 -0.0331728 1.39831
10.28 1.18703 -0.0452428 1.23227
10.29 1.00816 -0.0588367 1.067
10.3 0.830424 -0.07302 0.903444
10.31 0.655534 -0.0870133 0.742547
10.32 0.485128 -0.100078 0.585206
10.33 0.32134 -0.110941 0.432281
10.34 0.165099 -0.119486 0.284585
10.35 0.0174517 -0.125423 0.142874
10.36 -0.120811 -0.128656 0.00784451
10.37 -0.248407 -0.128525 -0.119882
10.38 -0.365842 -0.126081 -0.239761
10.39 -0.473295 -0.121961 -0.351334
10.4 -0.571127 -0.116893 -0.454234
10.41 -0.659342 -0.111155 -0.548187
10.42 -0.73928 -0.106262 -0.633018
10.43 -0.811892 -0.103243 -0.708649
10.44 -0.878047 -0.102952 -0.775095
10.45 -0.938292 -0.105828 -0.832464
10.46 -0.993704 -0.112754 -0.88095
10.47 -1.04497 -0.124147 -0.920823
10.48 -1.09252 -0.140097 -0.952423
10.49 -1.13638 -0.16023 -0.97615
10.5 -1.17668 -0.184228 -0.992452
10.51 -1.21329 -0.211472 -1.00182
10.52 -1.24586 -0.241096 -1.00476
10.53 -1.27364 -0.271811 -1.00183
10.54 -1.29604 -0.302479 -0.993561
10.55 -1.31262 -0.332105 -0.980515
10.56 -1.32279 -0.359547 -0.963243
10.57 -1.32574 -0.383446 -0.942294
10.58 -1.32113 -0.402922 -0.918208
10.59 -1.30908 -0.417568 -0.891512
10.6 -1.28967 -0.426945 -0.862725
10.61 -1.26293 -0.430582 -0.832348
10.62 -1.22943 -0.42856 -0.80087
10.63 -1.19027 -0.421508 -0.768762
10.64 -1.1464 -0.409922 -0.736478
10.65 -1.09883 -0.39438 -0.70445
10.66 -1.04887 -0.375783 -0.673087
10.67 -0.997921 -0.355154 -0.642767
10.68 -0.947187 -0.333352 -0.613835
10.69 -0.897835 -0.311239 -0.586596
10.7 -0.851027 -0.289721 -0.561306
10.71 -0.80743 -0.269259 -0.538171
10.72 -0.767576 -0.250243 -0.517333
10.73 -0.731834 -0.232961 -0.498873
10.74 -0.700423 -0.21762 -0.482803
10.75 -0.672835 -0.203775 -0.46906
10.76 -0.648615 -0.191101 -0.457514
10.77 -0.627151 -0.17919 -0.447961
10.78 -0.60768 -0.167549 -0.440131
10.79 -0.58912 -0.155425 -0.433695
10.8 -0.570554 -0.142283 -0.428271
10.81 -0.551074 -0.127638 -0.423436
10.82 -0.529638 -0.110904 -0.418734
10.83 -0.505613 -0.0919164 -0.413697
10.84 -0.478446 -0.0705979 -0.407848
10.85 -0.447742 -0.0470173 -0.400725
10.86 -0.412977 -0.0210915 -0.391885
10.87 -0.37443 0.00649525 -0.380925
10.88 -0.332266 0.0352193 -0.367485
10.89 -0.28678 0.0644826 -0.351263
10.9 -0.238208 0.0938085 -0.332016
10.91 -0.187282 0.122292 -0.309574
10.92 -0.134558 0.149275 -0.283833
10.93 -0.0805657 0.174194 -0.25476
10.94 -0.0257942 0.1966 -0.222394
10.95 0.0292356 0.216074 -0.186838
10.96 0.0841669 0.232426 -0.148259
10.97 0.138739 0.24562 -0.106881
10.98 0.19274 0.255719 -0.0629794
10.99 0.246103 0.262978 -0.016875
11 0.298829 0.267759 0.0310702
11.01 0.350947 0.270488 0.0804594
11.02 0.402472 0.271606 0.130866
11.03 0.453444 0.271609 0.181835
11.04 0.503848 0.270956 0.232892
11.05 0.553579 0.270039 0.28354
11.06 0.602385 0.269118 0.333267
11.07 0.649913 0.268366 0.381547
11.08 0.695745 0.267904 0.427841
11.09 0.739327 0.267721 0.471606
11.1 0.779853 0.267559 0.512294
11.11 0.816484 0.267125 0.549359
11.12 0.848548 0.266284 0.582264
11.13 0.875244 0.264757 0.610487
11.14 0.895552 0.262021 0.633531
11.15 0.908584 0.257653 0.650931
11.16 0.914026 0.251765 0.662261
11.17 0.911405 0.244253 0.667152
11.18 0.90015 0.23486 0.66529
11.19 0.879895 0.223463 0.656432
11.2 0.851145 0.210733 0.640412
11.21 0.814128 0.196983 0.617145
11.22 0.769063 0.182433 0.58663
11.23 0.716286 0.167329 0.548957
11.24 0.65693 0.152631 0.504299
11.25 0.591737 0.138821 0.452916
11.26 0.521424 0.12628 0.395144
11.27 0.446672 0.115281 0.331391
11.28 0.36858 0.106451 0.262129
11.29 0.28786 0.0999797 0.18788
11.3 0.205138 0.0959311 0.109207
11.31 0.120923 0.0942221 0.0267009
11.32 0.0357821 0.094811 -0.0590289
11.33 -0.0499589 0.097409 -0.147368
11.34 -0.136062 0.101643 -0.237705
11.35 -0.222366 0.107078 -0.329444
11.36 -0.308751 0.113254 -0.422005
11.37 -0.395151 0.119686 -0.514837
11.38 -0.481504 0.125913 -0.607417
11.39 -0.567715 0.131539 -0.699254
11.4 -0.653661 0.136227 -0.789888
11.41 -0.739161 0.139731 -0.878892
11.42 -0.823973 0.141894 -0.965867
11.43 -0.907682 0.142763 -1.05045
11.44 -0.989924 0.142359 -1.13228
11.45 -1.07027 0.140793 -1.21106
11.46 -1.14824 0.138249 -1.28649
11.47 -1.22311 0.135182 -1.35829
11.48 -1.29449 0.13173 -1.42622
11.49 -1.36198 0.128071 -1.49005
11.5 -1.4252 0.124385 -1.54958
11.51 -1.48355 0.121102 -1.60465
11.52 -1.53698 0.118132 -1.65511
11.53 -1.5855 0.115359 -1.70086
11.54 -1.62913 0.112694 -1.74182
11.55 -1.66776 0.110213 -1.77797
11.56 -1.70176 0.107552 -1.80931
11.57 -1.73155 0.104333 -1.83588
11.58 -1.75749 0.100276 -1.85777
11.59 -1.77978 0.0952897 -1.87507
11.6 -1.79884 0.0890929 -1.88793
11.61 -1.81511 0.0814034 -1.89651
11.62 -1.82878 0.0722026 -1.90098
11.63 -1.83991 0.061607 -1.90152
11.64 -1.84851 0.0497791 -1.89829
11.65 -1.85454 0.0369195 -1.89146
11.66 -1.85779 0.0233779 -1.88117
11.67 -1.85781 0.00971686 -1.86753
11.68 -1.85407 -0.00345504 -1.85061
11.69 -1.84621 -0.0157366 -1.83047
11.7 -1.83373 -0.0266266 -1.8071
11.71 -1.81595 -0.0354838 -1.78047
11.72 -1.79218 -0.041695 -1.75048
11.73 -1.76231 -0.0452612 -1.71705
11.74 -1.72604 -0.0460218 -1.68002
11.75 -1.68305 -0.043817 -1.63923
11.76 -1.63305 -0.0385299 -1.59452
11.77 -1.57657 -0.0308672 -1.5457
11.78 -1.51388 -0.0212696 -1.49261
11.79 -1.44531 -0.010223 -1.43509
11.8 -1.37115 0.00185038 -1.373
11.81 -1.29239 0.0138596 -1.30625
11.82 -1.20967 0.0251013 -1.23477
11.83 -1.12363 0.034915 -1.15854
11.84 -1.03478 0.0428168 -1.0776
11.85 -0.943939 0.0480623 -0.992001
11.86 -0.851565 0.050318 -0.901883
11.87 -0.758023 0.0493927 -0.807416
11.88 -0.6635 0.045322 -0.708822
11.89 -0.568177 0.0381941 -0.606371
11.9 -0.47203 0.0283476 -0.500378
11.91 -0.374939 0.0162597 -0.391199
11.92 -0.2766 0.00263339 -0.279233
11.93 -0.176829 -0.011909 -0.16492
11.94 -0.0753913 -0.0266555 -0.0487358
11.95 0.0279156 -0.0408886 0.0688042
11.96 0.133358 -0.0537897 0.187148
11.97 0.240814 -0.0648917 0.305706
11.98 0.350087 -0.0737659 0.423853
11.99 0.460841 -0.0800885 0.540929
12 0.572568 -0.0836745 0.656243
12.01 0.684409 -0.0846606 0.76907
12.02 0.795426 -0.083237 0.878663
12.03 0.904551 -0.0797048 0.984256
12.04 1.01033 -0.0747396 1.08507
12.05 1.11143 -0.0688939 1.18032
12.06 1.20659 -0.0626573 1.26925
12.07 1.29453 -0.0565593 1.35109
12.08 1.37352 -0.0516141 1.42513
12.09 1.44249 -0.0482246 1.49071
12.1 1.50077 -0.0464562 1.54723
12.11 1.54767 -0.046471 1.59414
12.12 1.58215 -0.0488702 1.63102
12.13 1.60404 -0.0534858 1.65753
12.14 1.61384 -0.0595897 1.67343
12.15 1.61185 -0.0667709 1.67862
12.16 1.59818 -0.0749299 1.67311
12.17 1.57358 -0.0834504 1.65703
12.18 1.53945 -0.0911878 1.63064
12.19 1.49676 -0.0975452 1.59431
12.2 1.4464 -0.102117 1.54852
12.21 1.38945 -0.104409 1.49386
12.22 1.32734 -0.103668 1.43101
12.23 1.26106 -0.0996626 1.36072
12.24 1.19144 -0.0923841 1.28382
12.25 1.11927 -0.0819181 1.20119
12.26 1.04536 -0.0683692 1.11373
12.27 0.970214 -0.0521743 1.02239
12.28 0.894207 -0.0339139 0.928121
12.29 0.817622 -0.0142642 0.831886
12.3 0.740698 0.00606104 0.734637
12.31 0.663576 0.0262641 0.637312
12.32 0.586377 0.0455491 0.540828
12.33 0.509255 0.0631809 0.446074
12.34 0.432399 0.0784927 0.353906
12.35 0.356057 0.0909143 0.265143
12.36 0.280564 0.100005 0.180559
12.37 0.206483 0.1056 0.100883
12.38 0.134292 0.1075 0.0267925
12.39 0.0646144 0.105706 -0.041092
12.4 -0.00185967 0.100352 -0.102212
12.41 -0.0639931 0.0920817 -0.156075
12.42 -0.121253 0.0810104 -0.202263
12.43 -0.172885 0.0675534 -0.240438
12.44 -0.218169 0.0521761 -0.270345
12.45 -0.255888 0.0359308 -0.291819
12.46 -0.285916 0.0188722 -0.304788
12.47 -0.307913 0.00136493 -0.309278
12.48 -0.321629 -0.0162192 -0.30541
12.49 -0.326407 -0.0330058 -0.293401
12.5 -0.322784 -0.049222 -0.273562
12.51 -0.311137 -0.0648482 -0.246289
12.52 -0.291856 -0.0797992 -0.212057
12.53 -0.26507 -0.0936601 -0.17141
12.54 -0.231762 -0.106814 -0.124948
12.55 -0.19278 -0.119465 -0.0733146
12.56 -0.14886 -0.131679 -0.0171806
12.57 -0.100566 -0.143336 0.0427701
12.58 -0.0488208 -0.154677 0.105856
12.59 0.00559872 -0.165813 0.171412
12.6 0.0620981 -0.176706 0.238804
12.61 0.120214 -0.187226 0.30744
12.62 0.179464 -0.197318 0.376782
12.63 0.239498 -0.206851 0.446349
12.64 0.300107 -0.215619 0.515726
12.65 0.361178 -0.223386 0.584564
12.66 0.422657 -0.229926 0.652583
12.67 0.484535 -0.235028 0.719563
12.68 0.546855 -0.238492 0.785347
12.69 0.609694 -0.240135 0.849829
12.7 0.67312 -0.23983 0.91295
12.71 0.737142 -0.237544 0.974686
12.72 0.801761 -0.233283 1.03504
12.73 0.866953 -0.227095 1.09405
12.74 0.932629 -0.219105 1.15173
12.75 0.998621 -0.20952 1.20814
12.76 1.06475 -0.198555 1.26331
12.77 1.13079 -0.186462 1.31725
12.78 1.19644 -0.173554 1.36999
12.79 1.26146 -0.160064 1.42152
12.8 1.32555 -0.146265 1.47181
12.81 1.38843 -0.132384 1.52081
12.82 1.4497 -0.118745 1.56845
12.83 1.50918 -0.105423 1.6146
12.84 1.56662 -0.0925344 1.65915
12.85 1.62175 -0.0801851 1.70194
12.86 1.67415 -0.0686006 1.74275
12.87 1.72372 -0.0576535 1.78137
12.88 1.77022 -0.0473225 1.81754
12.89 1.81335 -0.0376124 1.85096
12.9 1.85248 -0.0288231 1.8813
12.91 1.88754 -0.0206608 1.9082
12.92 1.91812 -0.0131392 1.93126
12.93 1.94379 -0.00626243 1.95005
12.94 1.96361 -0.000519578 1.96413
12.95 1.97741 0.0043897 1.97302
12.96 1.98469 0.00844741 1.97624
12.97 1.98492 0.0116081 1.97331
12.98 1.97698 0.0132281 1.96375
12.99 1.96082 0.0137136 1.94711
13 1.9361 0.0131481 1.92295
13.01 1.90248 0.0115689 1.89091
13.02 1.85912 0.00845441 1.85067
13.03 1.80635 0.00438113 1.80197
13.04 1.74434 -0.000317109 1.74466
13.05 1.67329 -0.00536888 1.67866
13.06 1.593 -0.0110025 1.604
13.07 1.5043 -0.0165207 1.52082
13.08 1.40798 -0.0213723 1.42935
13.09 1.30472 -0.0252216 1.32994
13.1 1.19503 -0.0280035 1.22303
13.11 1.07998 -0.0291865 1.10917
13.12 0.960598 -0.0283655 0.988963
13.13 0.837742 -0.0253772 0.863119
13.14 0.712154 -0.0202329 0.732387
13.15 0.584722 -0.0128417 0.597564
13.16 0.456215 -0.00325978 0.459475
13.17 0.327215 0.0082562 0.318959
13.18 0.198227 0.0213741 0.176853
13.19 0.0696791 0.0356995 0.0339796
13.2 -0.0581649 0.0507001 -0.108865
13.21 -0.185122 0.0657991 -0.250921
13.22 -0.311039 0.0804338 -0.391473
13.23 -0.435824 0.0940294 -0.529853
13.24 -0.559486 0.105963 -0.665449
13.25 -0.681977 0.115724 -0.797701
13.26 -0.80319 0.122912 -0.926102
13.27 -0.92294 0.127261 -1.0502
13.28 -1.04109 0.128505 -1.1696
13.29 -1.15736 0.126569 -1.28393
13.3 -1.27133 0.121563 -1.39289
13.31 -1.38238 0.113837 -1.49622
13.32 -1.4901 0.103571 -1.59367
13.33 -1.59389 0.0911743 -1.68506
13.34 -1.69303 0.0772102 -1.77024
13.35 -1.78653 0.062549 -1.84908
13.36 -1.87403 0.0474667 -1.9215
13.37 -1.95495 0.0324955 -1.98745
13.38 -2.02871 0.0182044 -2.04691
13.39 -2.09431 0.00561919 -2.09993
13.4 -2.152 -0.00544817 -2.14655
13.41 -2.2016 -0.0147204 -2.18688
13.42 -2.24308 -0.0220371 -2.22104
13.43 -2.27589 -0.0266886 -2.2492
13.44 -2.30097 -0.0294297 -2.27154
13.45 -2.31865 -0.0303861 -2.28826
13.46 -2.32939 -0.0298006 -2.29959
13.47 -2.33326 -0.0275209 -2.30574
13.48 -2.33128 -0.0243472 -2.30693
13.49 -2.32403 -0.02065 -2.30338
13.5 -2.312 -0.0167279 -2.29527
13.51 -2.29537 -0.0125942 -2.28278
13.52 -2.27472 -0.00869195 -2.26603
13.53 -2.25034 -0.0052083 -2.24513
13.54 -2.22231 -0.00215614 -2.22015
13.55 -2.19038 0.000745901 -2.19113
13.56 -2.15452 0.00352559 -2.15805
13.57 -2.11456 0.00632137 -2.12088
13.58 -2.07013 0.00944845 -2.07958
13.59 -2.02057 0.0134965 -2.03407
13.6 -1.96557 0.0186986 -1.98427
13.61 -1.90486 0.0252508 -1.93011
13.62 -1.83813 0.0334021 -1.87153
13.63 -1.76481 0.0436842 -1.80849
13.64 -1.68491 0.0560806 -1.74099
13.65 -1.59869 0.0703643 -1.66905
13.66 -1.50637 0.0863942 -1.59276
13.67 -1.40811 0.10414 -1.51225
13.68 -1.30459 0.123106 -1.4277
13.69 -1.19678 0.142558 -1.33934
13.7 -1.08555 0.161919 -1.24747
13.71 -0.971822 0.18061 -1.15243
13.72 -0.856796 0.197819 -1.05462
13.73 -0.74167 0.212782 -0.954452
13.74 -0.627519 0.224892 -0.852411
13.75 -0.51547 0.233521 -0.748991
13.76 -0.406648 0.23807 -0.644718
13.77 -0.301748 0.238387 -0.540135
13.78 -0.20143 0.23437 -0.4358
13.79 -0.106328 0.225953 -0.332281
13.8 -0.0169859 0.213165 -0.230151
13.81 0.0667592 0.196746 -0.129987
13.82 0.144922 0.177286 -0.0323642
13.83 0.217553 0.15541 0.0621432
13.84 0.284699 0.131732 0.152967
13.85 0.347037 0.107492 0.239545
13.86 0.404926 0.0835977 0.321328
13.87 0.458673 0.0608924 0.397781
13.88 0.508391 0.0400045 0.468386
13.89 0.554579 0.0219231 0.532656
13.9 0.597342 0.00721005 0.590132
13.91 0.636654 -0.0037443 0.640398
13.92 0.672087 -0.0110014 0.683088
13.93 0.703596 -0.0142985 0.717895
13.94 0.730759 -0.013818 0.744577
13.95 0.75306 -0.00991314 0.762973
13.96 0.769412 -0.00359324 0.773005
13.97 0.779553 0.00486579 0.774687
13.98 0.782871 0.0147416 0.768129
13.99 0.778792 0.0252507 0.753541
14 0.766218 0.0349863 0.731232
14.01 0.745292 0.0436857 0.701606
14.02 0.715919 0.0507569 0.665162
14.03 0.678127 0.0556467 0.62248
14.04 0.631633 0.0574174 0.574216
14.05 0.577395 0.0563113 0.521084
14.06 0.516237 0.0523889 0.463848
14.07 0.449052 0.0457476 0.403304
14.08 0.376687 0.0364215 0.340265
14.09 0.300698 0.0251522 0.275546
14.1 0.222506 0.0125593 0.209947
14.11 0.143469 -0.00077434 0.144243
14.12 0.0650644 -0.0141084 0.0791728
14.13 -0.0112471 -0.0266714 0.0154243
14.14 -0.0842802 -0.037912 -0.0463682
14.15 -0.152965 -0.047334 -0.105631
14.16 -0.216097 -0.0542433 -0.161854
14.17 -0.272955 -0.0583653 -0.21459
14.18 -0.323244 -0.0597889 -0.263455
14.19 -0.366688 -0.0585619 -0.308126
14.2 -0.402919 -0.0545837 -0.348335
14.21 -0.432069 -0.0482023 -0.383867
14.22 -0.454701 -0.0401493 -0.414552
14.23 -0.471206 -0.0309422 -0.440264
14.24 -0.481884 -0.0209694 -0.460915
14.25 -0.487269 -0.0108186 -0.47645
14.26 -0.488149 -0.00129975 -0.486849
14.27 -0.485017 0.00710177 -0.492119
14.28 -0.478221 0.0140743 -0.492295
14.29 -0.468065 0.0193782 -0.487443
14.3 -0.454963 0.0226915 -0.477655
14.31 -0.439036 0.0240135 -0.463049
14.32 -0.420237 0.0235389 -0.443776
14.33 -0.398357 0.0216521 -0.420009
14.34 -0.373381 0.0185698 -0.391951
14.35 -0.345077 0.0147503 -0.359827
14.36 -0.313129 0.0107579 -0.323887
14.37 -0.277051 0.00734583 -0.284397
14.38 -0.23686 0.00477852 -0.241639
14.39 -0.192397 0.0035063 -0.195903
14.4 -0.143544 0.0039432 -0.147487
14.41 -0.0900603 0.00662563 -0.0966859
14.42 -0.0324276 0.0113626 -0.0437902
14.43 0.0290751 0.0181568 0.0109183
14.44 0.0940649 0.0268951 0.0671698
14.45 0.162212 0.0375035 0.124709
14.46 0.232631 0.0493386 0.183292
14.47 0.304653 0.0619612 0.242692
14.48 0.37757 0.0748831 0.302687
14.49 0.450597 0.0875341 0.363063
14.5 0.522944 0.0993392 0.423605
14.51 0.593937 0.109847 0.48409
14.52 0.66296 0.118677 0.544283
14.53 0.729243 0.125316 0.603927
14.54 0.792438 0.1297 0.662738
14.55 0.852212 0.131811 0.720401
14.56 0.908279 0.131717 0.776562
14.57 0.960158 0.129326 0.830832
14.58 1.00787 0.125086 0.882784
14.59 1.05137 0.119412 0.931958
14.6 1.09055 0.112689 0.977861
14.61 1.12506 0.105078 1.01998
14.62 1.15489 0.0970928 1.0578
14.63 1.17998 0.0891981 1.09078
14.64 1.20009 0.0816662 1.11842
14.65 1.21463 0.0743944 1.14024
14.66 1.22334 0.0675713 1.15577
14.67 1.22595 0.0613245 1.16463
14.68 1.22202 0.0555488 1.16647
14.69 1.21078 0.0497366 1.16104
14.7 1.19179 0.0436297 1.14816
14.71 1.16491 0.0371843 1.12773
14.72 1.12985 0.0301177 1.09973
14.73 1.08606 0.0217984 1.06426
14.74 1.03346 0.0119774 1.02148
14.75 0.972497 0.000850349 0.971647
14.76 0.903468 -0.0116138 0.915082
14.77 0.826592 -0.0255931 0.852185
14.78 0.74248 -0.0409342 0.783414
14.79 0.652324 -0.0569538 0.709278
14.8 0.557078 -0.0732493 0.630327
14.81 0.457726 -0.0894213 0.547147
14.82 0.355473 -0.104875 0.460348
14.83 0.251723 -0.118836 0.370559
14.84 0.147637 -0.130785 0.278422
14.85 0.044369 -0.140217 0.184586
14.86 -0.0568615 -0.146565 0.0897037
14.87 -0.15523 -0.14966 -0.00556954
14.88 -0.250015 -0.149434 -0.100581
14.89 -0.340598 -0.145918 -0.19468
14.9 -0.426319 -0.139098 -0.287221
14.91 -0.507295 -0.129727 -0.377568
14.92 -0.583513 -0.118422 -0.465091
14.93 -0.655061 -0.105885 -0.549176
14.94 -0.721895 -0.09267 -0.629225
14.95 -0.784668 -0.0800061 -0.704662
14.96 -0.843704 -0.0687657 -0.774938
14.97 -0.899306 -0.0597671 -0.839539
14.98 -0.951484 -0.0534958 -0.897988
14.99 -1.00064 -0.0507837 -0.949856
15 -1.04677 -0.0520056 -0.994764
15.01 -1.08973 -0.0573402 -1.03239
15.02 -1.12893 -0.0664606 -1.06247
15.03 -1.16406 -0.0792581 -1.0848
15.04 -1.19451 -0.0952621 -1.09925
15.05 -1.21952 -0.113791 -1.10573
15.06 -1.23775 -0.133525 -1.10423
15.07 -1.24854 -0.153771 -1.09477
15.08 -1.25107 -0.173631 -1.07744
15.09 -1.24448 -0.192124 -1.05236
15.1 -1.22732 -0.20765 -1.01967
15.11 -1.19932 -0.219762 -0.979558
15.12 -1.16026 -0.228048 -0.932212
15.13 -1.10988 -0.232045 -0.877835
15.14 -1.04755 -0.230916 -0.816634
15.15 -0.973898 -0.22508 -0.748818
15.16 -0.889692 -0.215096 -0.674596
15.17 -0.795628 -0.201451 -0.594177
15.18 -0.692204 -0.184431 -0.507773
15.19 -0.580766 -0.165162 -0.415604
15.2 -0.462775 -0.14487 -0.317905
15.21 -0.339462 -0.12453 -0.214932
15.22 -0.211974 -0.105001 -0.106973
15.23 -0.081733 -0.0873788 0.00564582
15.24 0.0499501 -0.0725998 0.12255
15.25 0.182018 -0.061291 0.243309
15.26 0.313479 -0.053952 0.367431
15.27 0.44343 -0.0509284 0.494358
15.28 0.571283 -0.052183 0.623466
15.29 0.696564 -0.0574978 0.754062
15.3 0.818824 -0.0665664 0.88539
15.31 0.937737 -0.0789021 1.01664
15.32 1.05331 -0.0936364 1.14695
15.33 1.16545 -0.109962 1.27541
15.34 1.274 -0.127111 1.40111
15.35 1.3787 -0.144402 1.5231
15.36 1.47962 -0.16083 1.64045
15.37 1.57653 -0.1757 1.75223
15.38 1.66904 -0.188509 1.85755
15.39 1.75647 -0.199085 1.95556
15.4 1.83856 -0.206889 2.04545
15.41 1.91473 -0.211763 2.12649
15.42 1.98423 -0.213793 2.19802
15.43 2.04582 -0.213629 2.25945
15.44 2.09924 -0.211027 2.31027
15.45 2.14379 -0.206266 2.35006
15.46 2.17878 -0.199701 2.37848
15.47 2.20285 -0.192448 2.3953
15.48 2.21632 -0.18403 2.40035
15.49 2.21889 -0.174676 2.39357
15.5 2.21042 -0.164545 2.37497
15.51 2.19008 -0.154573 2.34465
15.52 2.15895 -0.14387 2.30282
15.53 2.11743 -0.132315 2.24975
15.54 2.06601 -0.119782 2.18579
15.55 2.00472 -0.10669 2.11141
15.56 1.93496 -0.0921723 2.02713
15.57 1.85757 -0.0760064 1.93358
15.58 1.7734 -0.0580395 1.83144
15.59 1.68292 -0.0385757 1.7215
15.6 1.58732 -0.01727 1.60459
15.61 1.48745 0.00581808 1.48163
15.62 1.38399 0.0304045 1.35359
15.63 1.27743 0.0559708 1.22146
15.64 1.1685 0.0822073 1.08629
15.65 1.05774 0.108597 0.949143
15.66 0.945587 0.134518 0.811069
15.67 0.832406 0.159289 0.673117
15.68 0.718652 0.182352 0.5363
15.69 0.604733 0.203144 0.401589
15.7 0.491048 0.221156 0.269892
15.71 0.37809 0.236044 0.142046
15.72 0.2664 0.247599 0.0188012
15.73 0.156495 0.255678 -0.0991831
15.74 0.0489616 0.260308 -0.211346
15.75 -0.0554214 0.261808 -0.317229
15.76 -0.155904 0.260568 -0.416472
15.77 -0.251947 0.256868 -0.508815
15.78 -0.342906 0.25118 -0.594086
15.79 -0.427962 0.244241 -0.672203
15.8 -0.506442 0.236712 -0.743154
15.81 -0.5782 0.228795 -0.806995
15.82 -0.642938 0.220898 -0.863836
15.83 -0.700287 0.213544 -0.913831
15.84 -0.75006 0.20711 -0.95717
15.85 -0.792803 0.201266 -0.994069
15.86 -0.828818 0.195947 -1.02477
15.87 -0.858407 0.191102 -1.04951
15.88 -0.881964 0.186603 -1.06857
15.89 -0.900503 0.181712 -1.08222
15.9 -0.914704 0.176038 -1.09074
15.91 -0.925218 0.169232 -1.09445
15.92 -0.932649 0.16101 -1.09366
15.93 -0.93785 0.150858 -1.08871
15.94 -0.941354 0.138603 -1.07996
15.95 -0.943586 0.124209 -1.06779
15.96 -0.944832 0.1078 -1.05263
15.97 -0.945352 0.0895567 -1.03491
15.98 -0.945204 0.0698836 -1.01509
15.99 -0.944346 0.0493075 -0.993653
16 -0.942574 0.0285337 -0.971108
16.01 -0.939756 0.0082054 -0.947961
16.02 -0.935688 -0.0109596 -0.924728
16.03 -0.930183 -0.0282667 -0.901916
16.04 -0.922972 -0.0429538 -0.880018
16.05 -0.914121 -0.0546175 -0.859503
16.06 -0.903706 -0.0628964 -0.84081
16.07 -0.891922 -0.0675867 -0.824335
16.08 -0.879061 -0.0686272 -0.810434
16.09 -0.865721 -0.0663115 -0.799409
16.1 -0.852531 -0.0610165 -0.791515
16.11 -0.840205 -0.0532564 -0.786949
16.12 -0.829705 -0.0438455 -0.785859
16.13 -0.821877 -0.0335311 -0.788346
16.14 -0.81751 -0.0230492 -0.794461
16.15 -0.817369 -0.0131527 -0.804216
16.16 -0.822449 -0.0048608 -0.817588
16.17 -0.833159 0.00136188 -0.834521
16.18 -0.849705 0.00522695 -0.854932
16.19 -0.872218 0.00649776 -0.878716
16.2 -0.900905 0.00484096 -0.905746
16.21 -0.935273 0.000603884 -0.935877
16.22 -0.974593 -0.00564942 -0.968944
16.23 -1.01814 -0.0133793 -1.00476
16.24 -1.06512 -0.0219997 -1.04312
16.25 -1.11437 -0.0305808 -1.08379
16.26 -1.16469 -0.0381846 -1.12651
16.27 -1.215 -0.0440246 -1.17098
16.28 -1.26417 -0.0472985 -1.21687
16.29 -1.31112 -0.04729 -1.26383
16.3 -1.3551 -0.0436486 -1.31145
16.31 -1.3955 -0.0361987 -1.3593
16.32 -1.43173 -0.0248161 -1.40691
16.33 -1.46349 -0.009693 -1.4538
16.34 -1.49099 0.00844851 -1.49944
16.35 -1.51442 0.0288952 -1.54332
16.36 -1.53406 0.050842 -1.5849
16.37 -1.55034 0.0733423 -1.62368
16.38 -1.56405 0.095109 -1.65916
16.39 -1.57576 0.115104 -1.69086
16.4 -1.58602 0.132348 -1.71837
16.41 -1.5953 0.14599 -1.74129
16.42 -1.60401 0.155291 -1.7593
16.43 -1.61231 0.15982 -1.77213
16.44 -1.62019 0.159375 -1.77957
16.45 -1.62732 0.154135 -1.78145
16.46 -1.63328 0.144422 -1.7777
16.47 -1.6374 0.130863 -1.76826
16.48 -1.63888 0.114258 -1.75314
16.49 -1.63643 0.0959375 -1.73237
16.5 -1.62925 0.0767688 -1.70602
16.51 -1.61632 0.0578629 -1.67418
16.52 -1.59669 0.0402748 -1.63696
16.53 -1.56877 0.0257073 -1.59448
16.54 -1.53245 0.0143866 -1.54684
16.55 -1.48726 0.00689894 -1.49416
16.56 -1.43293 0.00363014 -1.43656
16.57 -1.36883 0.00532674 -1.37416
16.58 -1.29592 0.0111493 -1.30707
16.59 -1.21484 0.0205874 -1.23543
16.6 -1.12641 0.032966 -1.15938
16.61 -1.03132 0.0477631 -1.07908
16.62 -0.931249 0.0634974 -0.994746
16.63 -0.827582 0.0790193 -0.906601
16.64 -0.721668 0.093259 -0.814927
16.65 -0.614889 0.105162 -0.720051
16.66 -0.508685 0.113669 -0.622354
16.67 -0.404188 0.11808 -0.522268
16.68 -0.30235 0.117927 -0.420277
16.69 -0.204157 0.112755 -0.316912
16.7 -0.110078 0.10267 -0.212748
16.71 -0.0202817 0.0881092 -0.108391
16.72 0.0651804 0.0696538 -0.00447338
16.73 0.146259 0.0478995 0.0983595
16.74 0.223394 0.0239338 0.19946
16.75 0.297172 -0.00101782 0.29819
16.76 0.368111 -0.0258186 0.39393
16.77 0.436675 -0.0494152 0.48609
16.78 0.503446 -0.070675 0.574121
16.79 0.568918 -0.0885982 0.657516
16.8 0.633374 -0.102447 0.735821
16.81 0.696921 -0.111714 0.808635
16.82 0.759483 -0.11613 0.875613
16.83 0.820835 -0.115632 0.936467
16.84 0.880547 -0.110417 0.990964
16.85 0.937943 -0.100983 1.03893
16.86 0.992136 -0.0880932 1.08023
16.87 1.04241 -0.0723882 1.1148
16.88 1.08792 -0.0546892 1.14261
16.89 1.12765 -0.0360375 1.16369
16.9 1.1605 -0.0176076 1.17811
16.91 1.18615 0.000155241 1.18599
16.92 1.20409 0.0165634 1.18753
16.93 1.21387 0.0309347 1.18294
16.94 1.21503 0.0425193 1.17251
16.95 1.20827 0.0516678 1.1566
16.96 1.19402 0.0583989 1.13562
16.97 1.17284 0.0627989 1.11004
16.98 1.1453 0.0649022 1.0804
16.99 1.11294 0.0656539 1.04729
17 1.0769 0.0655446 1.01136
17.01 1.03839 0.0650872 0.973303
17.02 0.998718 0.0648547 0.933863
17.03 0.959277 0.0654784 0.893799
17.04 0.9212 0.0673166 0.853883
17.05 0.8855 0.0706095 0.814891
17.06 0.853372 0.075797 0.777575
17.07 0.82528 0.0826219 0.742658
17.08 0.801666 0.0908545 0.710812
17.09 0.782788 0.100145 0.682643
17.1 0.769062 0.110378 0.658684
17.11 0.76004 0.120662 0.639378
17.12 0.755399 0.130325 0.625074
17.13 0.754755 0.13873 0.616025
17.14 0.757838 0.145456 0.612382
17.15 0.763911 0.149712 0.614199
17.16 0.772429 0.15099 0.621439
17.17 0.782935 0.148954 0.633981
17.18 0.795116 0.143485 0.651631
17.19 0.808594 0.134462 0.674132
17.2 0.823172 0.121993 0.701179
17.21 0.838793 0.106364 0.732429
17.22 0.855575 0.0880601 0.767515
17.23 0.873671 0.0676172 0.806054
17.24 0.893291 0.0456329 0.847658
17.25 0.914723 0.0227824 0.891941
17.26 0.938388 -0.000131447 0.938519
17.27 0.964587 -0.0224328 0.98702
17.28 0.993483 -0.0435908 1.03707
17.29 1.02523 -0.0630878 1.08832
17.3 1.06 -0.0803895 1.14039
17.31 1.0977 -0.0952226 1.19292
17.32 1.13796 -0.107582 1.24554
17.33 1.18041 -0.117449 1.29786
17.34 1.22457 -0.124898 1.34947
17.35 1.2697 -0.130243 1.39994
17.36 1.31493 -0.133905 1.44884
17.37 1.35943 -0.136247 1.49568
17.38 1.4022 -0.137784 1.53998
17.39 1.44212 -0.139136 1.58126
17.4 1.47837 -0.14062 1.61899
17.41 1.51011 -0.142574 1.65268
17.42 1.5364 -0.145444 1.68184
17.43 1.55628 -0.149719 1.706
17.44 1.56952 -0.155184 1.7247
17.45 1.57575 -0.161805 1.73755
17.46 1.5746 -0.169588 1.74419
17.47 1.56556 -0.178732 1.74429
17.48 1.54918 -0.18843 1.73761
17.49 1.5256 -0.198339 1.72394
17.5 1.495 -0.208135 1.70314
17.51 1.45731 -0.217797 1.67511
17.52 1.41338 -0.226434 1.63981
17.53 1.3636 -0.233663 1.59726
17.54 1.30828 -0.239225 1.5475
17.55 1.24739 -0.243234 1.49062
17.56 1.18162 -0.245121 1.42674
17.57 1.11117 -0.244834 1.356
17.58 1.03615 -0.24244 1.27859
17.59 0.956306 -0.238393 1.1947
17.6 0.871962 -0.232599 1.10456
17.61 0.783104 -0.225331 1.00844
17.62 0.689684 -0.216929 0.906613
17.63 0.591326 -0.208098 0.799424
17.64 0.488296 -0.198949 0.687245
17.65 0.380696 -0.189801 0.570497
17.66 0.268657 -0.181003 0.44966
17.67 0.152169 -0.173102 0.325271
17.68 0.0318363 -0.166092 0.197928
17.69 -0.0917601 -0.160053 0.0682929
17.7 -0.217987 -0.155071 -0.0629163
17.71 -0.346134 -0.15121 -0.194924
17.72 -0.475136 -0.148227 -0.326909
17.73 -0.603954 -0.145945 -0.458009
17.74 -0.731523 -0.144183 -0.58734
17.75 -0.856543 -0.142542 -0.714001
17.76 -0.977792 -0.140695 -0.837097
17.77 -1.09425 -0.138501 -0.955749
17.78 -1.20486 -0.135751 -1.06911
17.79 -1.30831 -0.131932 -1.17638
17.8 -1.40371 -0.126897 -1.27681
17.81 -1.49062 -0.12088 -1.36974
17.82 -1.56847 -0.113907 -1.45456
17.83 -1.63649 -0.105726 -1.53076
17.84 -1.69436 -0.0964486 -1.59791
17.85 -1.74242 -0.0867668 -1.65565
17.86 -1.78071 -0.0769916 -1.70372
17.87 -1.80908 -0.0671697 -1.74191
17.88 -1.82764 -0.0575397 -1.7701
17.89 -1.83717 -0.0489487 -1.78822
17.9 -1.83798 -0.0417194 -1.79626
17.91 -1.8302 -0.0359465 -1.79425
17.92 -1.81394 -0.0316618 -1.78228
17.93 -1.7899 -0.0294475 -1.76045
17.94 -1.75829 -0.0293582 -1.72893
17.95 -1.71912 -0.03121 -1.68791
17.96 -1.67217 -0.0345484 -1.63762
17.97 -1.61793 -0.0395839 -1.57835
17.98 -1.55642 -0.0460064 -1.51041
17.99 -1.48752 -0.0533091 -1.43421
18 -1.41086 -0.060672 -1.35019
18.01 -1.32699 -0.0681257 -1.25886
18.02 -1.23606 -0.0752276 -1.16083
18.03 -1.13827 -0.0815082 -1.05676
18.04 -1.03356 -0.0861616 -0.947398
18.05 -0.922981 -0.0894192 -0.833562
18.06 -0.807195 -0.0910547 -0.71614
18.07 -0.687005 -0.0909241 -0.596081
18.08 -0.56318 -0.0888015 -0.474379
18.09 -0.43718 -0.0851191 -0.352061
18.1 -0.310184 -0.080012 -0.230172
18.11 -0.183431 -0.0736761 -0.109755
18.12 -0.0584203 -0.066588 0.00816769
18.13 0.0635814 -0.0590298 0.122611
18.14 0.181404 -0.0512425 0.232647
18.15 0.293963 -0.0434528 0.337416
18.16 0.399811 -0.0363343 0.436145
18.17 0.498448 -0.0297079 0.528156
18.18 0.589402 -0.023468 0.61287
18.19 0.67231 -0.0175052 0.689815
18.2 0.746501 -0.0121238 0.758625
18.21 0.812392 -0.00664363 0.819036
18.22 0.870392 -0.000490329 0.870882
18.23 0.92089 0.00679913 0.914091
18.24 0.964038 0.0153681 0.94867
18.25 1.0007 0.0259982 0.974702
18.26 1.03165 0.0393165 0.992333
18.27 1.05749 0.055722 1.00177
18.28 1.07854 0.0752829 1.00326
18.29 1.09538 0.0982847 0.997095
18.3 1.10842 0.124805 0.983615
18.31 1.11784 0.154655 0.963185
18.32 1.12349 0.187283 0.936207
18.33 1.12523 0.222114 0.903116
18.34 1.1229 0.258516 0.864384
18.35 1.11616 0.295647 0.820513
18.36 1.10436 0.332316 0.772044
18.37 1.08697 0.367422 0.719548
18.38 1.06376 0.400132 0.663628
18.39 1.03441 0.429493 0.604917
18.4 0.998464 0.454401 0.544063
18.41 0.955717 0.473986 0.481731
18.42 0.906623 0.488039 0.418584
18.43 0.851501 0.496224 0.355277
18.44 0.790753 0.498315 0.292438
18.45 0.725023 0.494364 0.230659
18.46 0.655547 0.485068 0.170479
18.47 0.58336 0.470989 0.112371
18.48 0.509583 0.45285 0.0567326
18.49 0.435504 0.43163 0.00387351
18.5 0.362373 0.408361 -0.0459881
18.51 0.291253 0.383983 -0.0927299
18.52 0.223123 0.359447 -0.136324
18.53 0.159038 0.335872 -0.176834
18.54 0.0992807 0.313688 -0.214407
18.55 0.0440998 0.293361 -0.249261
18.56 -0.00648579 0.275189 -0.281675
18.57 -0.0524641 0.259508 -0.311973
18.58 -0.0947472 0.245759 -0.340506
18.59 -0.134085 0.233557 -0.367642
18.6 -0.171382 0.222362 -0.393744
18.61 -0.207681 0.211483 -0.419164
18.62 -0.244228 0.199998 -0.444226
18.63 -0.282075 0.187147 -0.469222
18.64 -0.32219 0.172216 -0.494406
18.65 -0.365696 0.154296 -0.519992
18.66 -0.413078 0.133077 -0.546155
18.67 -0.464686 0.108349 -0.573035
18.68 -0.520657 0.080088 -0.600745
18.69 -0.581137 0.0482379 -0.629375
18.7 -0.645477 0.0135256 -0.659003
18.71 -0.712988 -0.0232881 -0.6897
18.72 -0.782877 -0.0613367 -0.72154
18.73 -0.85424 -0.0996366 -0.754603
18.74 -0.925901 -0.136922 -0.788979
18.75 -0.996834 -0.17207 -0.824764
18.76 -1.0661 -0.204034 -0.862066
18.77 -1.13269 -0.2317 -0.90099
18.78 -1.19595 -0.254311 -0.941639
18.79 -1.25554 -0.271442 -0.984098
18.8 -1.31126 -0.282834 -1.02843
18.81 -1.363 -0.288358 -1.07464
18.82 -1.41111 -0.28839 -1.12272
18.83 -1.45624 -0.283668 -1.17257
18.84 -1.49904 -0.274997 -1.22404
18.85 -1.54022 -0.263313 -1.27691
18.86 -1.58067 -0.249807 -1.33086
18.87 -1.62121 -0.235675 -1.38554
18.88 -1.66247 -0.221988 -1.44048
18.89 -1.70499 -0.209791 -1.4952
18.9 -1.74907 -0.199938 -1.54913
18.91 -1.7946 -0.19291 -1.60169
18.92 -1.84127 -0.18901 -1.65226
18.93 -1.88847 -0.188249 -1.70022
18.94 -1.93517 -0.19021 -1.74496
18.95 -1.98018 -0.194293 -1.78589
18.96 -2.02215 -0.199707 -1.82244
18.97 -2.05949 -0.205376 -1.85411
18.98 -2.09024 -0.209805 -1.88044
18.99 -2.11316 -0.212166 -1.90099
19 -2.12688 -0.211448 -1.91543
19.01 -2.12999 -0.20655 -1.92344
19.02 -2.12086 -0.196106 -1.92475
19.03 -2.09956 -0.180411 -1.91915
19.04 -2.06582 -0.159392 -1.90643
19.05 -2.01958 -0.13316 -1.88642
19.06 -1.96054 -0.101574 -1.85897
19.07 -1.89038 -0.0664599 -1.82392
19.08 -1.81015 -0.0290103 -1.78114
19.09 -1.72107 0.00942064 -1.73049
19.1 -1.62409 0.0477576 -1.67185
19.11 -1.52138 0.0837203 -1.6051
19.12 -1.41435 0.115813 -1.53016
19.13 -1.3043 0.142686 -1.44699
19.14 -1.19233 0.163237 -1.35557
19.15 -1.07953 0.176441 -1.25597
19.16 -0.966491 0.181846 -1.14834
19.17 -0.853516 0.179381 -1.0329
19.18 -0.740611 0.169375 -0.909986
19.19 -0.627453 0.152598 -0.780051
19.2 -0.513514 0.130137 -0.643651
19.21 -0.398118 0.103349 -0.501467
19.22 -0.280289 0.0739988 -0.354288
19.23 -0.159261 0.0437485 -0.203009
19.24 -0.0343844 0.014234 -0.0486184
19.25 0.0948777 -0.012946 0.107824
19.26 0.229114 -0.0360852 0.265199
19.27 0.368149 -0.0542073 0.422356
19.28 0.511485 -0.0666457 0.578131
19.29 0.658404 -0.0729648 0.731369
19.3 0.807888 -0.0730605 0.880948
19.31 0.958267 -0.0675309 1.0258
19.32 1.10773 -0.0571823 1.16491
19.33 1.25435 -0.0430168 1.29737
19.34 1.39574 -0.0265849 1.42232
19.35 1.52954 -0.00950456 1.53904
19.36 1.65389 0.00701044 1.64688
19.37 1.76693 0.0216518 1.74528
19.38 1.86646 0.0326807 1.83378
19.39 1.95095 0.0389427 1.91201
19.4 2.0201 0.0404348 1.97967
19.41 2.07347 0.0369409 2.03653
19.42 2.11052 0.0280778 2.08244
19.43 2.1315 0.0141881 2.11731
19.44 2.13807 -0.00303755 2.14111
19.45 2.13143 -0.0224314 2.15386
19.46 2.1128 -0.0428717 2.15567
19.47 2.08375 -0.0629575 2.14671
19.48 2.04671 -0.0805056 2.12722
19.49 2.00347 -0.0940579 2.09753
19.5 1.95563 -0.102439 2.05807
19.51 1.90477 -0.104592 2.00936
19.52 1.85239 -0.0996456 1.95204
19.53 1.79948 -0.0873423 1.88682
19.54 1.74669 -0.0678697 1.81456
19.55 1.69445 -0.0417334 1.73618
19.56 1.64274 -0.00997728 1.65272
19.57 1.59134 0.0260814 1.56526
19.58 1.5398 0.0648402 1.47496
19.59 1.48747 0.104464 1.38301
19.6 1.43371 0.143119 1.29059
19.61 1.37792 0.179029 1.19889
19.62 1.3196 0.210564 1.10904
19.63 1.25815 0.236062 1.02209
19.64 1.19366 0.254646 0.939014
19.65 1.12632 0.265651 0.860669
19.66 1.05652 0.26874 0.78778
19.67 0.984907 0.263974 0.720933
19.68 0.912641 0.252069 0.660572
19.69 0.840905 0.233909 0.606996
19.7 0.771006 0.210638 0.560368
19.71 0.704667 0.183942 0.520725
19.72 0.643253 0.15526 0.487993
19.73 0.588022 0.12602 0.462002
19.74 0.540133 0.097624 0.442509
19.75 0.501104 0.0718909 0.429213
19.76 0.471303 0.0495262 0.421777
19.77 0.450872 0.031032 0.41984
19.78 0.439801 0.0167676 0.423033
19.79 0.438216 0.00722935 0.430987
19.8 0.44508 0.00174676 0.443333
19.81 0.45917 -0.000540573 0.459711
19.82 0.479287 -0.000469329 0.479756
19.83 0.504209 0.00110753 0.503101
19.84 0.532197 0.00283601 0.529361
19.85 0.561614 0.00349064 0.558123
19.86 0.591029 0.00208887 0.58894
19.87 0.619007 -0.00230973 0.621317
19.88 0.644261 -0.0104448 0.654706
19.89 0.665955 -0.0225489 0.688504
19.9 0.683429 -0.038624 0.722053
19.91 0.69609 -0.0585558 0.754646
19.92 0.703719 -0.0818176 0.785537
19.93 0.706623 -0.107334 0.813957
19.94 0.705066 -0.134067 0.839133
19.95 0.699345 -0.160965 0.86031
19.96 0.689939 -0.186837 0.876776
19.97 0.677585 -0.210298 0.887883
19.98 0.662782 -0.23029 0.893072
19.99 0.645926 -0.245969 0.891895
20 0.627312 -0.256718 0.88403
