# Generated on Thu Sep  2 17:05:25 2021 by yr2369.
# This file was created by PDFgui.
#S 1
#L r  Gtrunc  Gdiff  Gcalc
1.99 -0.268713 3.27917 -3.54788
2 -0.274256 3.36937 -3.64362
2.01 -0.279316 3.44664 -3.72595
2.02 -0.283849 3.51025 -3.7941
2.03 -0.287812 3.55952 -3.84733
2.04 -0.291165 3.59382 -3.88498
2.05 -0.293867 3.61256 -3.90643
2.06 -0.295872 3.61527 -3.91114
2.07 -0.297155 3.60147 -3.89863
2.08 -0.297685 3.5708 -3.86848
2.09 -0.297434 3.52294 -3.82038
2.1 -0.296375 3.45768 -3.75405
2.11 -0.294485 3.37484 -3.66933
2.12 -0.291746 3.27436 -3.56611
2.13 -0.28814 3.15624 -3.44438
2.14 -0.283657 3.02056 -3.30422
2.15 -0.278285 2.86749 -3.14577
2.16 -0.272021 2.69726 -2.96928
2.17 -0.264862 2.5102 -2.77506
2.18 -0.256812 2.30672 -2.56354
2.19 -0.247876 2.08731 -2.33519
2.2 -0.238055 1.85253 -2.09059
2.21 -0.227365 1.60303 -1.83039
2.22 -0.215832 1.3395 -1.55533
2.23 -0.203477 1.06274 -1.26621
2.24 -0.190325 0.773588 -0.963913
2.25 -0.176405 0.472973 -0.649378
2.26 -0.16175 0.161872 -0.323622
2.27 -0.146396 -0.15868 0.0122842
2.28 -0.130382 -0.487591 0.357209
2.29 -0.113751 -0.823724 0.709973
2.3 -0.0965463 -1.16589 1.06935
2.31 -0.0788175 -1.51288 1.43406
2.32 -0.0606148 -1.86343 1.80281
2.33 -0.0419912 -2.21625 2.17426
2.34 -0.0230017 -2.57005 2.54705
2.35 -0.00369948 -2.92351 2.91981
2.36 0.0158513 -3.27528 3.29114
2.37 0.0355897 -3.62405 3.65964
2.38 0.0554544 -3.96848 4.02394
2.39 0.0753832 -4.30724 4.38263
2.4 0.0953133 -4.63903 4.73435
2.41 0.115182 -4.96255 5.07774
2.42 0.134925 -5.27655 5.41147
2.43 0.15448 -5.57978 5.73426
2.44 0.173785 -5.87107 6.04485
2.45 0.192777 -6.14925 6.34203
2.46 0.211397 -6.41323 6.62463
2.47 0.229584 -6.66197 6.89155
2.48 0.24728 -6.89448 7.14176
2.49 0.264428 -7.10983 7.37426
2.5 0.280966 -7.3072 7.58816
2.51 0.29685 -7.48578 7.78263
2.52 0.312032 -7.64487 7.9569
2.53 0.326464 -7.78385 8.11032
2.54 0.340104 -7.90219 8.24229
2.55 0.352911 -7.99942 8.35233
2.56 0.364848 -8.07518 8.44003
2.57 0.375882 -8.12919 8.50507
2.58 0.385982 -8.16127 8.54725
2.59 0.395123 -8.17131 8.56644
2.6 0.403282 -8.15933 8.56261
2.61 0.41044 -8.1254 8.53584
2.62 0.416583 -8.06971 8.48629
2.63 0.421699 -7.99253 8.41423
2.64 0.42577 -7.89425 8.32002
2.65 0.428799 -7.7753 8.2041
2.66 0.430793 -7.63622 8.06701
2.67 0.431758 -7.47763 7.90938
2.68 0.431703 -7.30022 7.73192
2.69 0.430642 -7.10478 7.53543
2.7 0.428592 -6.89216 7.32075
2.71 0.425572 -6.66328 7.08885
2.72 0.421607 -6.41913 6.84073
2.73 0.416725 -6.16074 6.57747
2.74 0.410957 -5.88923 6.30018
2.75 0.404335 -5.60573 6.01007
2.76 0.396897 -5.31145 5.70835
2.77 0.388682 -5.00762 5.39631
2.78 0.379732 -4.69551 5.07524
2.79 0.370079 -4.37641 4.74649
2.8 0.359782 -4.05162 4.41141
2.81 0.348891 -3.72248 4.07137
2.82 0.337455 -3.39031 3.72777
2.83 0.325524 -3.05645 3.38198
2.84 0.313151 -2.72224 3.03539
2.85 0.300388 -2.38898 2.68936
2.86 0.287289 -2.05798 2.34527
2.87 0.273908 -1.73051 2.00442
2.88 0.260299 -1.40784 1.66814
2.89 0.246514 -1.09116 1.33768
2.9 0.232608 -0.781662 1.01427
2.91 0.218632 -0.480458 0.69909
2.92 0.204639 -0.188628 0.393267
2.93 0.190679 0.0928089 0.0978701
2.94 0.176803 0.362897 -0.186094
2.95 0.163058 0.620742 -0.457684
2.96 0.14949 0.865519 -0.716029
2.97 0.136142 1.09647 -0.960333
2.98 0.123056 1.31293 -1.18988
2.99 0.110271 1.51429 -1.40402
3 0.0978237 1.70003 -1.60221
3.01 0.0857483 1.86972 -1.78397
3.02 0.0740761 2.02299 -1.94892
3.03 0.0628357 2.15959 -2.09676
3.04 0.0520529 2.27933 -2.22728
3.05 0.0417504 2.38211 -2.34036
3.06 0.0319477 2.46791 -2.43597
3.07 0.0226615 2.53682 -2.51416
3.08 0.0139124 2.58898 -2.57507
3.09 0.00570667 2.62463 -2.61893
3.1 -0.00195127 2.64409 -2.64604
3.11 -0.00905741 2.64775 -2.6568
3.12 -0.0156107 2.63607 -2.65168
3.13 -0.0216131 2.60959 -2.63121
3.14 -0.0270694 2.56893 -2.596
3.15 -0.0319873 2.51475 -2.54674
3.16 -0.036377 2.44778 -2.48416
3.17 -0.0402514 2.36882 -2.40907
3.18 -0.043626 2.27869 -2.32232
3.19 -0.0465183 2.17829 -2.22481
3.2 -0.0489483 2.06854 -2.11749
3.21 -0.0509377 1.9504 -2.00134
3.22 -0.0525097 1.82487 -1.87738
3.23 -0.0536842 1.69296 -1.74664
3.24 -0.0544951 1.55571 -1.6102
3.25 -0.0549707 1.41417 -1.46914
3.26 -0.0551403 1.26939 -1.32453
3.27 -0.055034 1.12243 -1.17746
3.28 -0.0546829 0.974355 -1.02904
3.29 -0.0541182 0.826209 -0.880327
3.3 -0.0533717 0.679024 -0.732396
3.31 -0.0524752 0.533813 -0.586288
3.32 -0.0514605 0.391564 -0.443024
3.33 -0.050359 0.253233 -0.303592
3.34 -0.0492018 0.119744 -0.168945
3.35 -0.0480193 -0.00802405 -0.0399953
3.36 -0.0468409 -0.129232 0.0823907
3.37 -0.0456959 -0.243091 0.197395
3.38 -0.0446124 -0.348866 0.304254
3.39 -0.0436162 -0.445876 0.40226
3.4 -0.042732 -0.533499 0.490767
3.41 -0.0419829 -0.611176 0.569194
3.42 -0.0413901 -0.678412 0.637022
3.43 -0.0409734 -0.734778 0.693804
3.44 -0.0407504 -0.779914 0.739164
3.45 -0.0407369 -0.81353 0.772793
3.46 -0.0409466 -0.835408 0.794461
3.47 -0.0413912 -0.845399 0.804008
3.48 -0.0420802 -0.843427 0.801347
3.49 -0.0430209 -0.829488 0.786467
3.5 -0.0442185 -0.803649 0.75943
3.51 -0.0456759 -0.766045 0.72037
3.52 -0.047398 -0.716887 0.669489
3.53 -0.0493803 -0.656444 0.607064
3.54 -0.0516183 -0.585052 0.533434
3.55 -0.0541065 -0.503111 0.449005
3.56 -0.0568373 -0.411082 0.354245
3.57 -0.0598012 -0.309482 0.249681
3.58 -0.0629868 -0.198882 0.135895
3.59 -0.0663812 -0.0799038 0.0135226
3.6 -0.0699695 0.0467852 -0.116755
3.61 -0.0737356 0.180474 -0.25421
3.62 -0.0776617 0.320415 -0.398077
3.63 -0.081729 0.465824 -0.547553
3.64 -0.0859174 0.615891 -0.701808
3.65 -0.0902058 0.769777 -0.859983
3.66 -0.0945724 0.926626 -1.0212
3.67 -0.0989947 1.08557 -1.18456
3.68 -0.103448 1.24572 -1.34917
3.69 -0.107909 1.40619 -1.5141
3.7 -0.112354 1.5661 -1.67845
3.71 -0.116758 1.72456 -1.84132
3.72 -0.121097 1.88069 -2.00179
3.73 -0.125349 2.03364 -2.15899
3.74 -0.129489 2.18256 -2.31205
3.75 -0.133494 2.32664 -2.46013
3.76 -0.137342 2.46507 -2.60242
3.77 -0.141011 2.59711 -2.73812
3.78 -0.144482 2.72201 -2.8665
3.79 -0.147733 2.8391 -2.98684
3.8 -0.150747 2.94773 -3.09848
3.81 -0.153504 3.0473 -3.2008
3.82 -0.155987 3.13726 -3.29324
3.83 -0.158184 3.2171 -3.37528
3.84 -0.160082 3.28638 -3.44646
3.85 -0.16167 3.3447 -3.50637
3.86 -0.162937 3.39174 -3.55468
3.87 -0.163877 3.4272 -3.59108
3.88 -0.164481 3.45088 -3.61536
3.89 -0.164747 3.46261 -3.62735
3.9 -0.16467 3.46229 -3.62696
3.91 -0.164249 3.44989 -3.61414
3.92 -0.163485 3.42544 -3.58892
3.93 -0.162381 3.389 -3.55138
3.94 -0.16094 3.34073 -3.50167
3.95 -0.159168 3.28081 -3.43998
3.96 -0.157067 3.20952 -3.36659
3.97 -0.15465 3.12715 -3.2818
3.98 -0.15193 3.03406 -3.18599
3.99 -0.148917 2.93066 -3.07958
4 -0.145626 2.81741 -2.96303
